type,id,mac,rssi,rate,sig_mode,mcs,bandwidth,smoothing,not_sounding,aggregation,stbc,fec_coding,sgi,noise_floor,ampdu_cnt,channel,secondary_channel,local_timestamp,ant,sig_len,rx_state,len,first_word,data,class
CSI_DATA,52979,1a:00:00:00:00:00,-32,11,1,0,1,1,1,0,0,0,1,-98,0,11,2,713440480,0,44,0,384,0,"[0,0,0,0,0,0,0,0,0,0,0,0,8,-10,7,-10,7,-9,7,-10,7,-9,7,-9,6,-8,6,-8,5,-8,4,-8,4,-8,3,-8,2,-8,2,-8,1,-9,1,-8,0,-9,-1,-9,-1,-10,-1,-10,-1,-11,-1,-11,-1,-12,-2,-12,-2,-12,-2,-13,0,0,-1,-13,-1,-12,0,-13,0,-12,0,-12,0,-11,0,-11,-1,-11,-1,-11,-1,-11,-2,-11,-2,-12,-2,-12,-2,-12,-1,-12,0,-13,0,-12,0,-12,1,-12,2,-12,2,-12,3,-11,3,-10,3,-10,4,-9,4,-9,0,0,0,0,0,0,0,0,0,0,0,0,0,0,-78,-6,-73,-6,-70,4,-69,1,-64,0,-65,4,-63,3,-65,6,-60,7,-58,7,-56,6,-54,7,-53,9,-46,8,-45,10,-43,14,-41,15,-38,21,-38,26,-36,26,-36,35,-32,34,-40,39,-36,41,-36,43,-36,43,-39,45,-40,46,-46,45,-43,48,-44,44,-52,49,-47,43,-48,42,-44,43,-46,42,-44,39,-41,38,-37,41,-39,41,-36,43,-40,44,-43,43,-41,47,-43,48,-42,44,-50,45,-47,40,-47,39,-48,35,-52,31,-52,30,-50,27,-53,21,-52,17,-49,14,-49,12,0,0,0,0,0,0,0,0,0,0,0,0,0,0,0,0,0,0,0,0,0,0,13,-23,16,-21,11,-19,14,-18,15,-17,12,-16,16,-18,12,-15,16,-18,14,-15,15,-17,18,-16,19,-20,18,-18,20,-14,19,-12,21,-12,24,-13,20,-13,19,-7,14,-7,10,-8,12,-6,9,-7,5,-5,0,-6,-6,-9,-8,-11,-8,-14,-16,-16,-20,-21,-19,-32,-24,-32,-23,-37,-21,-43,-23,-47,-21,-50,-20,-56,-17,-58,-19,-60,-22,-62,-18,-61,-18,-66,-18,-70,-17,-69,-15,-69,-22,-74,-16,-75,-20,-79,-17,-79,-10,-81,-12,-85,-14,-88,-7,-82,-8,-90,-4,-86,-4,-81,0,0]",1
CSI_DATA,52980,1a:00:00:00:00:00,-32,11,1,0,1,1,1,0,0,0,1,-98,0,11,2,713450476,0,44,0,384,0,"[0,0,0,0,0,0,0,0,0,0,0,0,11,4,10,4,11,4,10,4,10,4,10,4,9,3,9,3,9,3,8,2,8,2,8,1,7,0,7,-1,7,-1,8,-2,8,-3,8,-3,8,-4,9,-4,9,-4,9,-5,10,-5,10,-5,10,-5,10,-5,0,0,11,-4,11,-4,10,-4,11,-4,10,-4,10,-4,10,-4,9,-4,9,-4,9,-5,10,-5,10,-5,10,-5,10,-5,11,-4,10,-4,11,-4,11,-3,11,-3,11,-2,11,-1,11,-1,10,0,9,0,9,1,9,2,0,0,0,0,0,0,0,0,0,0,0,0,0,0,-28,-70,-28,-64,-32,-61,-32,-61,-35,-54,-33,-53,-31,-51,-36,-56,-34,-52,-33,-53,-32,-47,-32,-45,-31,-44,-29,-36,-31,-34,-33,-31,-36,-30,-35,-25,-42,-22,-39,-17,-45,-13,-47,-15,-54,-15,-51,-14,-54,-17,-57,-14,-60,-16,-60,-15,-66,-17,-64,-19,-62,-19,-69,-20,-59,-21,-65,-21,-58,-23,-60,-25,-53,-21,-55,-16,-55,-17,-54,-14,-54,-12,-58,-12,-60,-15,-60,-13,-58,-12,-58,-17,-60,-17,-61,-21,-58,-21,-52,-23,-53,-27,-50,-29,-48,-30,-46,-33,-42,-33,-40,-36,-37,-35,0,0,0,0,0,0,0,0,0,0,0,0,0,0,0,0,0,0,0,0,0,0,19,1,28,2,21,5,24,10,20,10,22,7,18,4,24,8,23,8,21,8,23,7,24,9,23,9,24,8,22,14,19,12,22,14,20,14,15,15,15,12,12,12,11,9,10,8,8,2,10,4,7,-5,6,-6,9,-9,10,-19,11,-22,13,-30,16,-29,15,-29,23,-36,26,-36,33,-35,34,-37,38,-41,40,-43,44,-46,45,-43,46,-43,51,-42,49,-42,53,-46,52,-47,52,-51,58,-50,62,-51,63,-49,66,-49,69,-52,74,-48,73,-46,76,-44,78,-40,78,-35,0,0]",1
CSI_DATA,52981,1a:00:00:00:00:00,-32,11,1,0,1,1,1,0,0,0,1,-98,0,11,2,713470475,0,44,0,384,0,"[0,0,0,0,0,0,0,0,0,0,0,0,-12,4,-11,4,-11,4,-11,4,-11,4,-10,4,-10,3,-10,3,-9,3,-8,4,-8,4,-7,4,-7,4,-6,5,-6,6,-5,6,-5,6,-5,7,-5,8,-5,8,-5,8,-5,9,-5,9,-5,10,-6,10,-6,10,0,0,-6,10,-6,10,-6,9,-6,9,-6,9,-6,9,-6,8,-5,8,-5,9,-5,9,-5,9,-5,9,-6,9,-6,9,-6,9,-6,9,-7,9,-7,9,-7,8,-8,8,-8,7,-9,7,-9,6,-9,5,-9,4,-9,4,0,0,0,0,0,0,0,0,0,0,0,0,0,0,67,38,60,32,63,30,60,28,61,24,60,24,59,17,60,22,55,19,55,19,46,23,46,18,50,10,49,14,45,9,45,6,44,4,44,-3,44,-3,44,-11,46,-16,49,-17,48,-16,52,-20,54,-20,53,-24,57,-22,57,-23,61,-27,61,-25,62,-24,65,-23,60,-20,59,-20,56,-17,57,-15,56,-17,54,-15,53,-18,54,-19,50,-22,53,-22,54,-23,58,-28,58,-20,56,-24,60,-19,58,-20,59,-17,57,-13,58,-7,58,-9,55,-2,55,3,52,3,51,7,48,6,0,0,0,0,0,0,0,0,0,0,0,0,0,0,0,0,0,0,0,0,0,0,-24,16,-19,11,-21,9,-22,6,-19,8,-20,6,-22,6,-25,6,-23,9,-20,8,-22,5,-24,4,-27,10,-25,8,-27,6,-25,3,-25,0,-22,1,-22,2,-22,-1,-16,-1,-17,-5,-13,1,-10,0,-8,5,-5,4,-2,7,0,13,3,18,6,26,4,25,5,32,4,38,1,43,-2,47,0,50,-4,50,-1,53,-8,60,-11,57,-9,61,-10,61,-16,65,-10,66,-14,69,-10,67,-18,72,-18,75,-17,76,-23,79,-25,77,-21,85,-29,85,-28,77,-32,82,-39,77,-37,77,0,0]",1
CSI_DATA,52982,1a:00:00:00:00:00,-32,11,1,0,1,1,1,0,0,0,1,-97,0,11,2,713480494,0,44,0,384,0,"[0,0,0,0,0,0,0,0,0,0,0,0,-8,-11,-8,-10,-8,-10,-8,-10,-8,-10,-7,-9,-7,-9,-7,-9,-7,-8,-7,-7,-7,-7,-7,-6,-7,-5,-7,-5,-8,-4,-9,-3,-9,-3,-10,-3,-10,-3,-10,-3,-11,-3,-11,-3,-12,-3,-12,-3,-12,-3,-13,-3,0,0,-13,-4,-12,-4,-12,-4,-12,-4,-11,-4,-11,-4,-11,-4,-11,-4,-11,-3,-11,-3,-12,-3,-11,-3,-12,-3,-12,-3,-12,-4,-12,-4,-12,-5,-11,-5,-11,-5,-11,-6,-10,-7,-10,-7,-9,-8,-8,-8,-8,-8,-7,-8,0,0,0,0,0,0,0,0,0,0,0,0,0,0,-3,69,-5,73,0,67,6,66,6,68,4,62,10,59,5,61,8,58,5,57,7,50,8,52,10,50,8,46,9,42,14,43,19,40,20,39,23,37,29,37,31,34,35,36,37,36,40,35,39,38,46,34,43,40,44,42,45,43,46,46,46,47,42,49,42,46,43,49,38,48,38,49,38,42,38,46,36,41,40,40,38,39,38,40,42,42,40,44,37,47,41,44,35,44,39,49,36,47,31,49,31,51,30,52,24,50,16,53,16,51,11,49,8,50,0,0,0,0,0,0,0,0,0,0,0,0,0,0,0,0,0,0,0,0,0,0,-23,-11,-23,-13,-23,-10,-20,-17,-21,-14,-21,-12,-18,-10,-16,-11,-21,-14,-20,-16,-19,-17,-16,-14,-19,-16,-19,-17,-18,-18,-17,-18,-18,-19,-16,-19,-12,-21,-12,-18,-7,-12,-8,-12,-8,-12,-8,-9,-7,-5,-11,-3,-12,4,-13,5,-13,13,-17,14,-21,18,-27,20,-32,23,-33,23,-39,23,-42,24,-47,21,-50,23,-53,21,-55,22,-59,21,-57,22,-63,16,-66,16,-64,22,-68,20,-67,22,-74,20,-75,20,-79,20,-79,14,-80,16,-81,12,-84,14,-87,9,-88,7,-83,3,0,0]",1
CSI_DATA,52983,1a:00:00:00:00:00,-32,11,1,0,1,1,1,0,0,0,1,-97,0,11,2,713490489,0,44,0,384,0,"[0,0,0,0,0,0,0,0,0,0,0,0,6,-11,6,-12,6,-11,5,-11,5,-11,5,-11,5,-10,5,-10,4,-9,3,-9,3,-9,2,-9,1,-9,0,-9,0,-9,-1,-9,-2,-10,-2,-10,-3,-10,-3,-11,-3,-11,-3,-12,-3,-12,-4,-12,-4,-12,-4,-13,0,0,-3,-13,-3,-13,-3,-13,-3,-13,-3,-12,-2,-12,-3,-12,-3,-11,-3,-11,-3,-11,-4,-12,-4,-12,-4,-12,-4,-12,-3,-12,-3,-13,-3,-13,-2,-13,-1,-13,-1,-12,0,-13,1,-12,1,-12,1,-11,2,-11,2,-10,0,0,0,0,0,0,0,0,0,0,0,0,0,0,-73,14,-70,17,-68,22,-60,21,-58,24,-61,25,-58,20,-58,22,-55,22,-54,22,-50,23,-47,22,-43,25,-43,23,-43,26,-36,29,-32,29,-29,34,-31,37,-25,36,-25,42,-22,43,-21,49,-24,49,-26,51,-21,55,-24,56,-25,56,-26,61,-27,57,-29,58,-35,61,-29,55,-30,56,-29,52,-35,52,-29,48,-30,50,-26,49,-25,53,-24,50,-22,52,-24,52,-23,57,-26,58,-24,56,-27,55,-28,52,-31,52,-33,51,-36,49,-37,41,-39,40,-42,39,-40,38,-41,32,-45,26,0,0,0,0,0,0,0,0,0,0,0,0,0,0,0,0,0,0,0,0,0,0,5,-26,6,-24,5,-23,8,-19,11,-19,7,-20,11,-19,9,-20,10,-23,12,-21,9,-18,13,-19,13,-24,14,-24,16,-24,16,-25,17,-23,18,-20,14,-16,16,-13,12,-16,11,-11,10,-12,6,-10,2,-8,-1,-11,-8,-7,-10,-7,-15,-9,-18,-14,-22,-18,-27,-21,-27,-24,-30,-32,-34,-37,-32,-38,-33,-41,-30,-46,-32,-48,-33,-50,-31,-54,-34,-54,-32,-53,-34,-60,-35,-59,-36,-54,-34,-63,-39,-65,-41,-65,-35,-69,-32,-73,-38,-75,-33,-77,-29,-78,-30,-82,-31,-82,-20,-77,0,0]",1
CSI_DATA,52984,1a:00:00:00:00:00,-32,11,1,0,1,1,1,0,0,0,1,-97,0,11,2,713500630,0,44,0,384,0,"[0,0,0,0,0,0,0,0,0,0,0,0,6,10,6,9,6,9,6,9,6,9,6,9,6,8,5,8,5,7,5,6,6,6,6,5,6,5,6,4,7,4,7,3,8,2,8,2,9,2,9,2,9,2,10,2,10,2,11,2,11,3,11,2,0,0,11,3,11,3,11,3,10,3,10,3,10,3,10,3,10,3,10,2,10,2,10,2,10,2,10,2,11,2,10,3,11,3,10,3,10,3,10,4,10,5,9,5,9,6,8,6,7,6,7,6,6,6,0,0,0,0,0,0,0,0,0,0,0,0,0,0,15,-69,18,-69,11,-68,10,-67,9,-66,6,-66,1,-62,4,-62,4,-57,6,-60,-1,-52,0,-53,-1,-52,-5,-51,-6,-47,-6,-46,-12,-44,-12,-42,-20,-43,-21,-38,-27,-39,-27,-41,-31,-43,-32,-42,-35,-46,-33,-45,-36,-49,-37,-50,-42,-51,-38,-50,-36,-53,-37,-56,-35,-54,-35,-54,-29,-52,-35,-51,-32,-49,-37,-49,-32,-49,-36,-45,-35,-45,-35,-45,-35,-49,-38,-43,-36,-47,-37,-51,-36,-51,-33,-53,-28,-51,-28,-53,-24,-54,-25,-53,-20,-51,-14,-53,-11,-54,-13,-51,-1,-47,0,0,0,0,0,0,0,0,0,0,0,0,0,0,0,0,0,0,0,0,0,0,19,16,19,15,15,15,13,20,12,19,10,18,8,15,12,20,11,13,17,18,12,20,12,15,14,19,17,22,16,23,12,24,9,23,7,23,9,20,3,22,3,19,3,15,6,10,6,11,5,9,7,2,7,-3,12,-6,14,-11,19,-12,23,-14,28,-11,32,-13,38,-16,43,-15,46,-14,50,-11,54,-9,59,-10,57,-11,63,-6,61,-8,67,-5,63,-4,67,-6,68,-9,68,-7,72,-8,74,-3,75,-2,80,1,78,1,83,3,83,7,85,12,84,11,81,15,0,0]",1
CSI_DATA,52985,1a:00:00:00:00:00,-32,11,1,0,1,1,1,0,0,0,1,-97,0,11,2,713520490,0,44,0,384,0,"[0,0,0,0,0,0,0,0,0,0,0,0,-13,1,-12,2,-12,2,-12,2,-12,2,-12,2,-11,2,-11,1,-10,2,-9,2,-9,3,-8,3,-8,3,-7,4,-7,5,-7,5,-7,6,-7,6,-7,7,-7,8,-7,8,-7,8,-8,8,-7,9,-8,9,-8,9,0,0,-9,9,-9,9,-8,8,-9,8,-8,8,-8,7,-8,7,-7,7,-7,7,-7,8,-7,9,-7,8,-7,8,-8,8,-8,8,-8,8,-9,8,-9,8,-9,7,-10,6,-10,6,-10,5,-10,5,-10,4,-10,3,-9,2,0,0,0,0,0,0,0,0,0,0,0,0,0,0,51,43,52,48,52,41,50,41,53,36,52,34,50,31,52,35,51,32,52,32,45,30,49,27,44,27,47,20,41,18,42,15,45,9,45,7,44,5,48,1,54,-5,50,-3,49,-8,55,-6,54,-6,58,-10,61,-12,62,-13,62,-12,68,-12,64,-9,67,-6,69,0,63,-6,64,-3,61,-2,58,0,55,0,54,-3,57,-7,58,-7,56,-11,62,-11,58,-9,58,-10,58,-6,60,-2,59,-6,61,1,58,4,59,7,58,9,56,15,54,16,51,16,45,17,42,24,0,0,0,0,0,0,0,0,0,0,0,0,0,0,0,0,0,0,0,0,0,0,-26,8,-24,7,-23,6,-22,2,-22,5,-22,3,-22,4,-25,2,-24,3,-25,5,-24,5,-23,4,-27,3,-25,2,-24,1,-25,1,-25,-2,-28,-3,-21,-3,-20,-5,-19,-7,-19,-4,-9,-2,-12,0,-8,1,-8,6,-4,9,-2,14,-1,16,3,21,-2,31,-4,33,-4,40,-10,40,-9,48,-14,46,-14,50,-15,53,-19,54,-22,57,-20,57,-25,57,-27,54,-27,59,-28,59,-27,66,-33,68,-31,65,-34,67,-41,70,-41,73,-41,76,-43,67,-46,69,-46,65,-56,65,-48,67,0,0]",1
CSI_DATA,52986,1a:00:00:00:00:00,-32,11,1,0,1,1,1,0,0,0,1,-97,0,11,2,713530494,0,44,0,384,0,"[0,0,0,0,0,0,0,0,0,0,0,0,-5,-12,-5,-12,-5,-11,-5,-12,-5,-11,-5,-11,-5,-10,-5,-10,-4,-10,-5,-9,-5,-8,-6,-8,-6,-7,-6,-7,-7,-6,-7,-6,-8,-5,-8,-6,-9,-5,-10,-6,-10,-6,-10,-6,-10,-6,-11,-6,-11,-6,-12,-6,0,0,-11,-7,-11,-7,-11,-7,-10,-7,-10,-7,-10,-7,-10,-7,-10,-6,-10,-6,-10,-5,-10,-6,-11,-6,-11,-6,-11,-6,-10,-7,-11,-7,-10,-7,-10,-7,-9,-8,-9,-8,-8,-9,-8,-9,-7,-9,-6,-9,-6,-9,-5,-9,0,0,0,0,0,0,0,0,0,0,0,0,0,0,-47,60,-47,55,-40,59,-34,57,-30,56,-30,54,-28,52,-28,61,-24,56,-23,49,-23,47,-26,47,-23,48,-20,47,-17,39,-11,45,-6,46,-3,47,0,47,2,46,8,49,9,46,13,49,14,52,14,51,12,58,15,59,16,59,16,65,16,63,16,63,13,68,8,61,6,61,9,62,10,60,10,54,10,54,15,52,12,54,14,56,15,54,14,61,14,58,15,59,15,54,10,63,5,60,8,61,4,60,3,58,-1,55,-4,61,-10,58,-10,51,-13,53,-16,44,0,0,0,0,0,0,0,0,0,0,0,0,0,0,0,0,0,0,0,0,0,0,-13,-24,-9,-25,-8,-22,-6,-27,-3,-24,-6,-21,-4,-18,-8,-20,-4,-23,-7,-24,0,-25,-4,-27,-6,-27,-4,-29,0,-29,-1,-24,2,-24,4,-27,4,-20,3,-22,3,-19,2,-19,0,-13,-1,-11,-2,-9,-5,-5,-11,-2,-13,-1,-19,-1,-22,0,-30,2,-33,-1,-33,-3,-41,-3,-42,-7,-50,-9,-52,-11,-53,-11,-55,-16,-60,-17,-59,-21,-54,-19,-63,-25,-61,-24,-64,-22,-61,-26,-66,-24,-69,-25,-75,-30,-74,-32,-72,-38,-76,-36,-73,-40,-69,-40,-75,-47,-75,-44,-68,-47,0,0]",1
CSI_DATA,52987,1a:00:00:00:00:00,-32,11,1,0,1,1,1,0,0,0,1,-97,0,11,2,713540476,0,44,0,384,0,"[0,0,0,0,0,0,0,0,0,0,0,0,9,-10,8,-9,8,-10,8,-10,8,-10,8,-9,7,-9,7,-9,6,-8,6,-8,5,-8,5,-8,4,-8,3,-9,3,-9,2,-9,1,-10,1,-10,0,-11,0,-11,1,-12,0,-12,1,-12,1,-13,1,-13,1,-13,0,0,2,-13,1,-13,1,-13,2,-13,2,-12,2,-12,2,-12,1,-11,1,-12,1,-12,0,-12,1,-12,1,-13,1,-13,1,-13,1,-12,2,-13,2,-12,3,-12,4,-12,5,-11,5,-11,5,-10,5,-9,6,-9,6,-8,0,0,0,0,0,0,0,0,0,0,0,0,0,0,-75,2,-68,-2,-64,6,-64,2,-62,6,-61,6,-62,9,-60,10,-61,12,-58,8,-57,10,-54,9,-51,10,-47,13,-49,11,-44,18,-41,23,-36,20,-37,24,-37,29,-36,30,-38,34,-35,36,-35,40,-41,40,-42,46,-44,45,-40,46,-46,45,-44,49,-44,48,-47,47,-47,46,-44,42,-47,44,-45,42,-43,40,-41,37,-45,41,-43,42,-41,41,-40,40,-42,43,-42,44,-39,42,-43,43,-49,40,-46,43,-47,37,-46,32,-52,31,-50,26,-52,25,-54,20,-49,19,-49,14,-50,7,0,0,0,0,0,0,0,0,0,0,0,0,0,0,0,0,0,0,0,0,0,0,11,-25,10,-23,11,-26,9,-20,12,-19,13,-16,7,-18,13,-22,16,-19,10,-16,16,-20,13,-17,12,-20,15,-20,15,-18,17,-21,21,-20,21,-15,17,-13,17,-14,15,-10,13,-10,9,-9,8,-7,4,-9,2,-10,-8,-7,-9,-11,-12,-14,-15,-18,-19,-19,-22,-25,-25,-29,-23,-36,-28,-40,-24,-44,-25,-43,-24,-50,-24,-53,-22,-56,-23,-58,-25,-62,-19,-62,-24,-60,-22,-67,-25,-66,-24,-68,-25,-72,-24,-73,-16,-78,-18,-78,-21,-82,-16,-80,-15,-85,-12,-90,-7,-82,-10,-84,0,0]",1
CSI_DATA,52988,1a:00:00:00:00:00,-32,11,1,0,1,1,1,0,0,0,1,-97,0,11,2,713560493,0,44,0,384,0,"[0,0,0,0,0,0,0,0,0,0,0,0,-6,10,-5,10,-5,10,-5,10,-5,10,-5,9,-5,9,-5,9,-4,8,-3,8,-3,8,-2,8,-2,8,-1,8,-1,8,1,8,1,8,1,8,2,9,2,9,2,9,2,10,3,10,3,11,3,11,3,11,0,0,2,11,2,11,2,11,2,11,2,10,2,10,2,10,2,10,2,9,2,10,3,10,3,10,3,10,3,10,2,10,2,11,2,11,2,11,1,11,0,10,-1,11,-1,10,-2,10,-2,9,-3,9,-3,8,0,0,0,0,0,0,0,0,0,0,0,0,0,0,72,-11,62,-12,63,-17,60,-12,59,-19,58,-20,60,-20,58,-22,54,-22,55,-22,50,-20,48,-21,46,-21,44,-23,39,-23,38,-24,36,-29,34,-31,30,-31,23,-32,27,-43,26,-40,25,-47,26,-44,29,-46,26,-52,29,-55,28,-55,32,-55,31,-57,32,-56,34,-56,35,-51,35,-52,34,-50,35,-47,29,-47,32,-47,32,-46,28,-47,24,-49,27,-53,28,-53,26,-53,31,-51,28,-53,32,-50,33,-50,36,-48,36,-43,38,-43,41,-38,42,-37,43,-34,40,-31,42,-28,41,-22,0,0,0,0,0,0,0,0,0,0,0,0,0,0,0,0,0,0,0,0,0,0,-11,23,-10,23,-12,17,-11,18,-13,20,-13,18,-14,17,-13,16,-8,17,-14,19,-14,18,-15,22,-13,17,-15,23,-18,18,-16,19,-21,18,-18,15,-20,17,-19,13,-15,9,-16,10,-12,7,-6,11,-6,7,-1,9,0,5,5,9,13,7,15,14,18,18,20,24,21,26,20,29,25,35,28,35,27,39,26,42,27,47,29,51,26,53,27,50,29,56,26,56,27,56,30,58,29,61,25,65,28,68,28,68,28,73,27,75,25,83,20,80,22,82,23,81,17,74,0,0]",1
CSI_DATA,52989,1a:00:00:00:00:00,-32,11,1,0,1,1,1,0,0,0,1,-97,0,11,2,713571431,0,44,0,384,0,"[0,0,0,0,0,0,0,0,0,0,0,0,-4,11,-4,11,-4,11,-4,11,-4,10,-4,10,-4,10,-3,9,-3,9,-2,9,-2,9,-1,8,-1,8,0,8,0,8,1,8,2,8,2,9,3,9,3,9,3,10,3,10,3,10,4,10,4,11,4,11,0,0,3,11,3,11,2,11,2,11,2,11,2,10,2,10,2,10,2,10,3,10,3,10,3,10,3,10,3,11,2,11,2,11,1,11,1,11,0,11,0,11,-1,11,-2,11,-2,10,-3,9,-3,9,-4,8,0,0,0,0,0,0,0,0,0,0,0,0,0,0,71,-17,68,-19,60,-20,61,-23,61,-22,58,-23,61,-23,61,-26,54,-27,56,-25,50,-24,51,-23,49,-23,41,-27,43,-28,40,-28,35,-32,29,-35,31,-36,30,-40,26,-43,28,-47,23,-47,26,-50,28,-51,28,-52,31,-55,29,-57,33,-60,33,-58,35,-61,36,-56,32,-54,34,-57,32,-52,32,-51,35,-45,32,-49,32,-50,29,-51,29,-50,28,-51,30,-53,30,-56,32,-56,29,-53,35,-53,37,-50,38,-52,40,-44,42,-45,46,-37,43,-38,46,-30,46,-32,46,-27,46,-17,0,0,0,0,0,0,0,0,0,0,0,0,0,0,0,0,0,0,0,0,0,0,-4,23,-7,22,-7,21,-6,21,-8,20,-8,22,-10,16,-8,19,-7,19,-9,22,-9,22,-11,23,-10,24,-12,27,-15,23,-13,21,-17,22,-16,19,-18,15,-16,14,-12,16,-13,11,-12,9,-6,9,-3,10,0,7,6,5,11,8,14,9,19,13,23,15,24,18,27,24,26,27,32,30,34,35,35,39,35,42,35,46,38,48,37,50,34,53,33,52,33,55,35,55,36,58,39,63,35,63,38,66,38,71,33,71,38,74,34,78,30,75,33,80,29,79,24,79,0,0]",1
CSI_DATA,52990,1a:00:00:00:00:00,-32,11,1,0,1,1,1,0,0,0,1,-97,0,11,2,713590478,0,44,0,384,0,"[0,0,0,0,0,0,0,0,0,0,0,0,11,-4,11,-5,11,-5,11,-5,11,-5,10,-5,10,-5,10,-5,9,-5,8,-5,8,-5,7,-6,7,-6,6,-6,6,-7,5,-8,5,-8,5,-9,5,-9,5,-10,5,-10,5,-10,6,-11,6,-11,6,-12,6,-12,0,0,7,-11,7,-11,7,-11,7,-11,6,-10,6,-10,6,-10,6,-10,6,-10,5,-10,5,-11,5,-10,6,-11,6,-11,6,-11,6,-11,7,-11,7,-10,7,-10,8,-9,9,-8,9,-8,9,-7,9,-6,9,-5,9,-5,0,0,0,0,0,0,0,0,0,0,0,0,0,0,-64,-32,-68,-29,-57,-27,-61,-21,-64,-18,-61,-18,-59,-20,-60,-17,-60,-18,-55,-11,-55,-11,-55,-13,-53,-13,-54,-7,-50,-5,-50,-2,-47,3,-46,5,-46,9,-47,11,-49,17,-53,18,-47,20,-51,23,-53,24,-53,27,-58,26,-61,26,-62,24,-60,24,-62,24,-61,20,-64,20,-59,22,-60,21,-56,19,-53,20,-54,19,-56,19,-53,23,-55,23,-53,22,-56,23,-56,26,-56,20,-59,22,-59,19,-62,20,-56,16,-59,15,-59,11,-59,6,-59,2,-58,-1,-56,-7,-54,-8,-54,-6,0,0,0,0,0,0,0,0,0,0,0,0,0,0,0,0,0,0,0,0,0,0,21,-17,18,-13,21,-13,19,-10,19,-7,20,-9,18,-13,20,-11,23,-13,20,-10,23,-10,24,-14,24,-11,22,-10,24,-9,28,-11,29,-7,28,-3,23,-2,18,-5,19,-2,16,0,13,0,9,0,5,-6,7,-8,1,-11,-3,-14,-8,-17,-6,-24,-10,-26,-9,-32,-10,-36,-6,-42,-3,-47,-6,-48,-2,-57,0,-53,3,-55,3,-62,4,-64,3,-64,8,-65,10,-68,10,-64,10,-72,7,-74,10,-72,9,-76,17,-79,17,-78,21,-83,24,-81,29,-81,27,-80,27,-83,35,-78,0,0]",1
CSI_DATA,52991,1a:00:00:00:00:00,-32,11,1,0,1,1,1,0,0,0,1,-97,0,11,2,713600489,0,44,0,384,0,"[0,0,0,0,0,0,0,0,0,0,0,0,5,10,5,10,6,10,6,9,6,9,5,9,5,9,5,8,5,8,5,7,5,7,6,6,6,5,6,5,7,5,7,4,7,4,8,4,9,3,9,3,10,3,10,3,10,3,11,3,11,4,11,4,0,0,11,5,11,5,11,5,10,5,10,4,10,5,9,4,9,4,10,4,10,3,10,3,10,3,10,3,10,4,10,4,10,5,10,5,10,5,10,6,9,6,8,7,8,7,7,8,7,7,6,8,5,8,0,0,0,0,0,0,0,0,0,0,0,0,0,0,28,-63,28,-67,22,-63,19,-60,17,-62,14,-59,13,-61,13,-61,12,-63,7,-56,8,-56,10,-54,7,-47,3,-49,1,-49,0,-49,-4,-48,-8,-45,-12,-46,-16,-44,-22,-48,-20,-47,-27,-47,-26,-52,-28,-53,-29,-54,-32,-55,-30,-54,-32,-59,-30,-58,-27,-62,-28,-63,-28,-58,-27,-62,-24,-57,-21,-57,-21,-54,-23,-52,-23,-53,-30,-54,-24,-51,-26,-54,-30,-55,-32,-54,-27,-55,-31,-56,-25,-57,-28,-62,-20,-55,-18,-60,-16,-60,-11,-57,-9,-59,-8,-56,1,-58,0,-50,7,-50,0,0,0,0,0,0,0,0,0,0,0,0,0,0,0,0,0,0,0,0,0,0,17,21,11,18,12,21,10,21,10,20,8,19,8,16,9,21,9,20,10,21,10,23,9,23,12,26,10,27,10,25,5,29,4,27,1,25,0,23,0,23,-1,20,3,14,-2,15,2,10,2,7,3,8,6,0,12,-1,18,-5,21,-7,28,-6,32,-6,36,-9,40,-6,41,-6,50,-1,51,-1,53,-1,56,4,59,5,59,3,61,7,61,10,63,7,67,7,62,9,67,9,70,11,76,15,81,13,75,18,81,19,81,22,79,25,79,28,80,32,75,31,0,0]",1
CSI_DATA,52992,1a:00:00:00:00:00,-32,11,1,0,1,1,1,0,0,0,1,-97,0,11,2,713610485,0,44,0,384,0,"[0,0,0,0,0,0,0,0,0,0,0,0,-10,7,-10,7,-10,7,-10,7,-10,7,-9,6,-9,7,-9,6,-8,6,-7,6,-7,6,-6,6,-6,6,-5,7,-5,7,-4,8,-4,8,-3,9,-3,9,-3,10,-3,10,-3,10,-3,11,-3,11,-3,11,-3,12,0,0,-4,11,-4,11,-4,11,-5,11,-4,10,-5,10,-4,10,-4,10,-4,10,-3,10,-3,11,-3,11,-3,11,-4,11,-4,11,-4,11,-5,11,-5,10,-6,10,-6,10,-7,9,-7,9,-8,8,-8,7,-8,6,-8,6,0,0,0,0,0,0,0,0,0,0,0,0,0,0,72,9,62,5,66,0,63,0,62,-1,61,-2,61,-4,65,-5,61,-6,57,-6,54,-3,53,-5,51,-7,48,-5,46,-12,43,-15,42,-19,40,-21,42,-23,38,-27,40,-33,43,-33,41,-38,40,-38,40,-44,45,-40,44,-41,44,-44,47,-44,49,-46,47,-43,51,-43,50,-38,49,-44,49,-39,49,-39,46,-35,43,-34,42,-41,44,-38,41,-39,42,-46,45,-41,41,-42,45,-41,45,-43,49,-38,49,-38,48,-36,50,-34,54,-31,55,-27,54,-23,57,-23,48,-15,51,-13,48,-9,0,0,0,0,0,0,0,0,0,0,0,0,0,0,0,0,0,0,0,0,0,0,-11,17,-15,20,-15,16,-16,16,-16,13,-16,12,-16,16,-17,15,-17,15,-15,16,-20,16,-19,14,-22,18,-22,16,-25,16,-23,15,-26,16,-23,9,-24,10,-21,6,-21,5,-19,3,-11,5,-9,5,-6,6,-3,8,0,9,2,10,8,14,13,17,13,21,15,30,15,33,16,37,16,42,15,45,15,51,16,51,13,54,13,57,12,60,11,61,14,64,9,64,11,70,15,70,13,72,10,72,8,76,9,77,7,79,5,79,0,83,-1,84,-1,83,-6,86,-4,77,0,0]",1
CSI_DATA,52993,1a:00:00:00:00:00,-32,11,1,0,1,1,1,0,0,0,1,-97,0,11,2,713630485,0,44,0,384,0,"[0,0,0,0,0,0,0,0,0,0,0,0,6,-11,5,-11,5,-11,5,-11,5,-11,5,-11,5,-11,4,-10,4,-10,3,-10,3,-10,2,-10,1,-9,0,-9,0,-9,-1,-10,-1,-10,-2,-10,-3,-10,-3,-11,-3,-11,-3,-12,-3,-12,-4,-12,-4,-13,-3,-13,0,0,-3,-13,-2,-13,-3,-13,-2,-13,-2,-12,-2,-12,-2,-12,-3,-11,-3,-12,-3,-12,-4,-12,-4,-12,-4,-12,-3,-12,-3,-13,-3,-13,-2,-13,-2,-13,-1,-13,0,-13,0,-13,1,-12,1,-12,2,-11,3,-11,3,-10,0,0,0,0,0,0,0,0,0,0,0,0,0,0,-74,-5,-65,2,-63,2,-66,4,-60,8,-62,6,-55,9,-63,11,-57,14,-60,14,-54,14,-51,13,-51,13,-48,15,-45,16,-45,18,-39,22,-42,26,-38,30,-37,32,-36,35,-34,33,-35,39,-35,42,-35,43,-37,49,-41,46,-38,51,-45,48,-43,49,-44,52,-52,43,-46,47,-49,48,-47,43,-46,44,-40,40,-42,39,-40,41,-38,45,-36,41,-37,45,-37,47,-39,47,-40,48,-42,49,-44,43,-45,42,-45,41,-47,39,-51,36,-49,32,-53,28,-53,21,-49,20,-50,17,-51,11,0,0,0,0,0,0,0,0,0,0,0,0,0,0,0,0,0,0,0,0,0,0,8,-25,13,-23,8,-24,14,-19,11,-20,11,-22,13,-17,13,-16,11,-22,14,-19,13,-21,16,-20,17,-25,17,-20,21,-19,20,-20,20,-20,20,-16,18,-15,19,-7,17,-10,12,-11,9,-5,9,-7,7,-8,0,-8,-1,-6,-10,-11,-8,-12,-16,-16,-16,-19,-20,-21,-22,-28,-21,-35,-25,-40,-24,-44,-23,-43,-24,-47,-23,-49,-25,-54,-22,-57,-25,-55,-19,-60,-23,-61,-24,-65,-26,-62,-21,-71,-25,-73,-23,-76,-20,-78,-21,-78,-20,-82,-11,-85,-12,-80,-15,-82,-10,-81,-7,-82,0,0]",1
CSI_DATA,52994,1a:00:00:00:00:00,-32,11,1,0,1,1,1,0,0,0,1,-97,0,11,2,713640636,0,44,0,384,0,"[0,0,0,0,0,0,0,0,0,0,0,0,4,11,4,10,5,10,4,10,4,10,4,9,4,9,4,9,4,8,5,8,4,7,5,7,5,6,6,6,6,5,7,5,7,4,8,4,9,4,9,4,9,4,10,4,10,5,10,5,11,5,11,5,0,0,10,5,11,6,10,6,10,6,10,5,10,5,9,5,9,5,9,4,10,4,10,4,10,4,10,4,10,4,10,5,10,5,10,6,9,6,9,6,9,7,8,7,7,8,7,8,6,8,5,8,4,8,0,0,0,0,0,0,0,0,0,0,0,0,0,0,30,-63,25,-61,28,-66,24,-61,16,-56,19,-59,16,-58,12,-59,9,-59,14,-56,8,-55,15,-54,3,-52,7,-51,4,-50,2,-47,-6,-47,-9,-43,-5,-48,-14,-43,-20,-46,-17,-45,-24,-51,-24,-51,-24,-54,-25,-54,-26,-54,-26,-54,-29,-64,-30,-60,-25,-59,-23,-64,-19,-62,-23,-63,-21,-61,-18,-61,-16,-54,-20,-55,-18,-58,-21,-54,-19,-52,-24,-58,-22,-57,-29,-56,-27,-59,-23,-58,-22,-64,-20,-58,-16,-58,-12,-56,-10,-59,0,-58,1,-57,4,-56,1,-55,8,-51,9,-49,0,0,0,0,0,0,0,0,0,0,0,0,0,0,0,0,0,0,0,0,0,0,13,19,14,19,14,19,13,20,12,20,11,20,9,20,11,22,13,21,11,20,9,21,12,23,10,24,11,27,8,29,4,26,5,27,6,26,4,23,-1,20,1,19,1,17,3,15,4,13,2,8,3,4,7,2,15,0,17,-4,24,-7,25,-9,30,-6,34,-8,39,-6,45,-4,48,-6,50,-1,50,-2,59,4,55,4,63,5,59,7,62,8,64,10,65,7,68,5,70,9,72,12,78,19,77,16,76,19,80,17,81,25,77,21,81,22,74,28,69,28,0,0]",1
CSI_DATA,52995,1a:00:00:00:00:00,-32,11,1,0,1,1,1,0,0,0,1,-97,0,11,2,713650497,0,44,0,384,0,"[0,0,0,0,0,0,0,0,0,0,0,0,-3,10,-4,11,-3,11,-4,11,-3,11,-3,10,-3,10,-3,10,-3,9,-2,9,-2,9,-1,9,0,8,0,8,1,8,2,8,3,8,3,8,4,8,4,9,4,9,5,10,5,10,5,10,5,11,5,10,0,0,5,11,5,11,4,10,4,11,4,10,4,10,4,10,4,9,5,9,5,9,5,9,5,9,5,10,6,10,5,10,5,10,5,11,4,11,4,11,3,11,2,11,2,11,1,11,0,10,-1,10,-1,9,0,0,0,0,0,0,0,0,0,0,0,0,0,0,58,-28,63,-27,55,-30,55,-33,51,-29,54,-28,47,-34,46,-34,51,-34,50,-30,43,-33,45,-32,45,-36,36,-34,37,-32,32,-34,25,-35,28,-37,26,-42,21,-43,18,-46,18,-48,14,-47,12,-57,14,-55,13,-57,17,-64,19,-61,21,-63,17,-64,20,-66,23,-62,22,-62,18,-65,24,-62,21,-56,23,-55,19,-54,18,-53,15,-56,16,-57,16,-56,18,-57,14,-58,18,-58,16,-65,20,-59,23,-61,22,-56,25,-54,25,-55,31,-51,34,-50,34,-48,33,-38,39,-37,39,-34,0,0,0,0,0,0,0,0,0,0,0,0,0,0,0,0,0,0,0,0,0,0,-2,23,-5,18,-7,26,-8,22,-8,21,-10,19,-8,20,-10,20,-11,21,-12,23,-15,22,-12,22,-11,25,-13,25,-17,22,-17,23,-18,20,-18,22,-16,20,-16,10,-18,14,-13,10,-12,7,-11,10,-7,7,0,10,3,7,5,7,13,7,18,12,22,14,26,15,29,20,31,24,32,27,34,32,35,35,38,38,33,44,38,50,40,45,38,49,38,49,39,55,38,50,40,50,42,53,43,63,42,62,42,64,42,69,41,70,38,69,39,74,37,79,31,74,34,74,0,0]",1
CSI_DATA,52996,1a:00:00:00:00:00,-32,11,1,0,1,1,1,0,0,0,1,-97,0,11,2,713670502,0,44,0,384,0,"[0,0,0,0,0,0,0,0,0,0,0,0,1,-12,1,-12,1,-12,1,-12,0,-12,0,-11,0,-11,0,-10,0,-10,-1,-10,-1,-10,-2,-9,-2,-9,-3,-8,-3,-8,-4,-8,-4,-8,-5,-8,-6,-8,-6,-9,-7,-9,-7,-9,-7,-10,-7,-10,-7,-10,-7,-10,0,0,-7,-11,-7,-11,-7,-10,-7,-11,-6,-10,-6,-10,-6,-10,-6,-9,-7,-9,-7,-9,-7,-9,-7,-9,-7,-9,-7,-9,-7,-10,-7,-10,-7,-11,-6,-10,-6,-11,-5,-11,-4,-11,-4,-11,-3,-11,-3,-11,-2,-11,-1,-10,0,0,0,0,0,0,0,0,0,0,0,0,0,0,-52,47,-46,41,-50,42,-44,50,-42,46,-43,51,-34,47,-41,47,-30,48,-36,47,-31,45,-29,46,-31,47,-23,47,-23,40,-20,44,-18,46,-15,45,-10,46,-7,43,1,53,-2,52,3,54,5,52,1,56,7,57,3,62,4,63,1,66,5,65,4,66,-4,71,-2,66,2,66,0,62,-3,65,0,60,-1,59,-2,57,3,57,3,57,6,58,4,62,5,59,2,60,2,61,1,63,-4,63,-5,57,-5,60,-11,58,-15,58,-18,58,-22,55,-20,53,-26,47,-29,43,0,0,0,0,0,0,0,0,0,0,0,0,0,0,0,0,0,0,0,0,0,0,-7,-25,-3,-23,-6,-26,0,-24,-2,-25,1,-25,-1,-25,-1,-25,-2,-24,-4,-27,1,-28,-1,-28,2,-26,4,-28,2,-29,6,-30,7,-30,9,-24,12,-24,11,-23,7,-22,4,-15,4,-15,2,-9,3,-9,-1,-11,-4,-4,-11,-3,-17,-1,-21,-1,-26,-7,-31,-3,-38,-10,-43,-13,-43,-18,-45,-18,-50,-23,-50,-24,-51,-25,-53,-28,-55,-32,-53,-32,-57,-36,-56,-38,-57,-35,-55,-37,-57,-38,-63,-40,-65,-42,-65,-41,-60,-49,-66,-50,-65,-53,-61,-51,-65,-58,-59,-57,-56,-58,0,0]",1
CSI_DATA,52997,1a:00:00:00:00:00,-32,11,1,0,1,1,1,0,0,0,1,-97,0,11,2,713680513,0,44,0,384,0,"[0,0,0,0,0,0,0,0,0,0,0,0,11,2,11,2,11,2,11,2,11,2,10,1,10,1,10,1,9,1,9,0,9,0,8,-1,8,-1,8,-2,8,-2,8,-4,8,-4,8,-5,8,-5,9,-6,9,-6,9,-6,10,-6,10,-7,10,-7,10,-7,0,0,11,-6,11,-6,10,-6,11,-6,10,-6,10,-6,10,-6,9,-6,9,-6,9,-6,9,-7,9,-7,9,-7,10,-6,10,-6,10,-6,11,-6,10,-6,11,-5,11,-4,11,-3,11,-3,11,-2,10,-1,10,-1,9,0,0,0,0,0,0,0,0,0,0,0,0,0,0,0,-35,-61,-34,-54,-36,-48,-37,-49,-38,-48,-37,-44,-41,-43,-40,-41,-43,-43,-36,-40,-38,-39,-41,-39,-37,-37,-40,-32,-35,-28,-37,-28,-40,-22,-44,-17,-44,-20,-49,-11,-47,-10,-51,-9,-50,-9,-57,-6,-55,-7,-60,-7,-61,-7,-63,-6,-62,-7,-64,-8,-67,-9,-63,-14,-67,-11,-65,-11,-61,-12,-58,-14,-59,-13,-57,-14,-58,-10,-57,-12,-59,-6,-58,-4,-62,-13,-60,-5,-63,-10,-60,-8,-60,-13,-63,-12,-56,-18,-56,-18,-56,-24,-50,-24,-51,-25,-48,-28,-41,-31,-40,-32,-39,-34,0,0,0,0,0,0,0,0,0,0,0,0,0,0,0,0,0,0,0,0,0,0,23,-6,24,-1,21,2,22,4,23,1,19,0,21,2,24,3,24,3,22,5,24,4,24,5,26,4,26,4,26,8,23,8,26,8,23,12,20,12,16,12,19,10,14,11,12,6,8,4,6,4,7,-4,5,-5,5,-11,6,-15,2,-21,5,-24,10,-30,15,-31,15,-35,20,-36,23,-41,29,-39,30,-45,33,-46,35,-43,36,-47,42,-48,39,-52,42,-51,43,-49,43,-50,46,-49,49,-53,53,-53,53,-51,53,-49,60,-58,65,-53,59,-46,60,-51,66,-46,63,-46,0,0]",1
CSI_DATA,52998,1a:00:00:00:00:00,-32,11,1,0,1,1,1,0,0,0,1,-97,0,11,2,713700482,0,44,0,384,0,"[0,0,0,0,0,0,0,0,0,0,0,0,-12,-2,-12,-2,-12,-1,-12,-1,-12,-1,-11,-1,-11,-1,-10,-1,-10,-1,-10,0,-9,0,-9,1,-9,1,-9,2,-8,2,-8,3,-8,4,-8,4,-8,5,-9,5,-9,5,-9,6,-10,6,-10,6,-10,6,-10,7,0,0,-11,6,-11,6,-11,6,-11,6,-10,5,-10,5,-10,5,-9,5,-9,6,-9,6,-9,6,-9,6,-10,6,-10,6,-10,6,-10,6,-11,5,-11,5,-11,4,-11,4,-11,3,-11,2,-11,2,-10,1,-11,0,-10,0,0,0,0,0,0,0,0,0,0,0,0,0,0,0,30,59,32,58,37,51,33,48,37,46,37,46,33,46,32,46,36,47,34,43,36,41,37,40,37,34,37,35,37,31,33,30,38,26,39,19,39,20,42,15,45,16,49,15,51,11,47,12,54,11,57,9,62,11,62,9,61,10,62,13,62,17,63,18,61,18,61,15,57,15,55,20,57,14,51,12,55,15,55,10,55,9,54,12,56,14,56,11,60,11,59,9,58,14,57,18,54,19,54,22,53,26,51,24,47,30,47,30,42,33,39,33,34,34,0,0,0,0,0,0,0,0,0,0,0,0,0,0,0,0,0,0,0,0,0,0,-29,1,-26,-2,-23,-6,-22,-6,-21,-4,-25,-5,-20,-5,-23,-4,-23,-5,-22,-7,-25,-7,-25,-9,-28,-9,-24,-9,-25,-12,-26,-13,-26,-16,-22,-16,-20,-14,-17,-13,-14,-13,-13,-12,-14,-10,-13,-8,-8,-3,-8,1,-6,2,-5,12,-8,15,-5,20,-10,21,-15,27,-17,30,-26,35,-25,34,-28,38,-31,38,-34,40,-39,40,-38,41,-40,40,-41,44,-47,44,-48,43,-49,42,-45,48,-52,47,-54,47,-55,45,-62,49,-61,49,-61,48,-66,45,-68,44,-74,45,-70,42,-70,39,0,0]",1
CSI_DATA,52999,1a:00:00:00:00:00,-32,11,1,0,1,1,1,0,0,0,1,-97,0,11,2,713710490,0,44,0,384,0,"[0,0,0,0,0,0,0,0,0,0,0,0,2,-11,2,-12,2,-11,2,-12,2,-11,1,-11,1,-11,1,-10,1,-10,0,-10,0,-9,-1,-9,-1,-9,-2,-9,-3,-9,-3,-9,-4,-9,-4,-9,-5,-9,-5,-10,-5,-10,-6,-10,-6,-10,-6,-11,-6,-11,-6,-11,0,0,-6,-12,-6,-12,-5,-12,-5,-11,-5,-11,-5,-11,-5,-10,-5,-10,-5,-10,-5,-10,-6,-10,-6,-10,-6,-11,-6,-11,-5,-11,-5,-11,-5,-11,-5,-11,-4,-11,-3,-11,-2,-12,-2,-12,-1,-11,-1,-11,0,-11,1,-10,0,0,0,0,0,0,0,0,0,0,0,0,0,0,-65,27,-60,25,-54,29,-53,24,-53,29,-51,32,-50,30,-51,31,-48,31,-44,32,-44,31,-41,32,-40,31,-36,31,-35,32,-31,34,-25,38,-25,37,-21,39,-20,40,-16,46,-17,48,-13,49,-15,53,-14,55,-15,58,-14,62,-14,57,-19,61,-15,61,-23,62,-19,67,-19,60,-22,60,-23,60,-24,56,-22,56,-19,51,-15,53,-16,51,-13,52,-16,57,-15,57,-13,57,-15,61,-18,57,-18,56,-21,60,-21,52,-25,53,-29,55,-29,49,-31,47,-33,46,-38,43,-32,36,-39,31,0,0,0,0,0,0,0,0,0,0,0,0,0,0,0,0,0,0,0,0,0,0,5,-24,3,-23,7,-25,7,-21,6,-22,6,-24,11,-22,8,-23,8,-23,10,-24,7,-24,9,-26,14,-27,13,-24,14,-22,14,-25,17,-22,15,-22,18,-19,16,-16,17,-16,11,-9,10,-11,10,-7,3,-13,-1,-7,-6,-10,-10,-8,-12,-10,-20,-14,-23,-12,-27,-17,-30,-24,-31,-24,-35,-30,-36,-32,-35,-34,-38,-36,-38,-41,-38,-44,-38,-47,-38,-47,-38,-53,-41,-52,-40,-51,-41,-53,-41,-59,-41,-58,-43,-61,-44,-64,-42,-66,-44,-65,-39,-69,-40,-69,-40,-72,-34,-70,-31,-69,0,0]",1
CSI_DATA,53000,1a:00:00:00:00:00,-32,11,1,0,1,1,1,0,0,0,1,-97,0,11,2,713720495,0,44,0,384,0,"[0,0,0,0,0,0,0,0,0,0,0,0,10,3,10,3,10,3,10,3,10,3,10,3,9,2,9,2,9,2,8,1,9,1,8,0,8,0,8,-1,8,-2,8,-2,8,-3,8,-3,9,-4,9,-4,9,-4,9,-5,10,-5,10,-5,10,-5,11,-5,0,0,11,-4,11,-4,11,-4,11,-4,10,-4,10,-4,10,-4,9,-4,10,-4,10,-4,10,-5,10,-5,10,-5,10,-5,10,-4,11,-4,11,-4,11,-3,11,-3,11,-2,11,-1,11,0,10,0,10,0,9,1,9,2,0,0,0,0,0,0,0,0,0,0,0,0,0,0,-17,-65,-16,-63,-18,-60,-20,-59,-21,-54,-21,-57,-20,-55,-25,-55,-24,-54,-27,-53,-23,-53,-27,-48,-29,-50,-27,-37,-28,-41,-29,-36,-31,-37,-33,-29,-33,-33,-39,-28,-41,-27,-41,-24,-49,-24,-46,-26,-50,-27,-50,-30,-55,-27,-56,-29,-57,-31,-60,-28,-58,-31,-60,-35,-52,-34,-57,-35,-53,-33,-50,-36,-47,-35,-47,-35,-48,-30,-51,-30,-50,-26,-51,-25,-53,-30,-53,-27,-53,-30,-55,-27,-48,-33,-53,-37,-47,-35,-47,-37,-44,-45,-40,-42,-39,-45,-34,-46,-30,-47,-28,-43,-22,-45,0,0,0,0,0,0,0,0,0,0,0,0,0,0,0,0,0,0,0,0,0,0,23,4,24,7,20,9,20,9,23,10,19,11,18,9,19,8,18,9,24,8,18,10,21,10,24,11,22,16,23,17,23,15,21,17,18,19,16,15,12,17,8,14,9,15,7,10,4,6,6,5,7,1,9,-2,6,-9,10,-12,12,-19,12,-20,17,-22,22,-24,27,-27,33,-30,34,-28,36,-27,42,-33,46,-30,48,-31,52,-33,51,-32,54,-30,56,-28,56,-33,56,-29,61,-30,64,-38,65,-36,67,-30,72,-32,75,-31,80,-30,76,-25,79,-29,75,-23,75,-21,0,0]",1
CSI_DATA,53001,1a:00:00:00:00:00,-32,11,1,0,1,1,1,0,0,0,1,-97,0,11,2,713740500,0,44,0,384,0,"[0,0,0,0,0,0,0,0,0,0,0,0,-10,-6,-10,-5,-11,-5,-10,-5,-11,-5,-10,-5,-10,-4,-9,-4,-9,-4,-9,-3,-9,-3,-9,-2,-9,-2,-9,-1,-9,-1,-9,0,-9,1,-9,1,-10,1,-10,2,-10,2,-11,2,-11,2,-12,2,-12,2,-12,2,0,0,-12,2,-12,1,-12,1,-12,1,-12,1,-11,1,-11,1,-11,1,-11,1,-11,2,-11,2,-11,2,-11,2,-12,2,-12,1,-12,1,-12,1,-12,0,-12,0,-12,-1,-12,-2,-11,-3,-11,-3,-10,-3,-10,-4,-9,-4,0,0,0,0,0,0,0,0,0,0,0,0,0,0,4,65,4,69,9,64,9,65,16,64,14,61,16,57,15,58,18,54,18,56,20,53,17,50,21,50,19,46,20,41,24,41,29,39,39,37,29,32,32,34,36,31,39,32,45,30,45,33,45,33,54,34,49,33,52,35,54,34,58,36,57,37,55,40,53,42,51,41,47,40,50,40,48,39,45,39,48,36,50,33,51,33,50,29,50,36,51,35,49,37,53,36,48,40,48,43,46,41,42,42,41,48,34,45,34,47,27,51,28,45,24,50,18,46,0,0,0,0,0,0,0,0,0,0,0,0,0,0,0,0,0,0,0,0,0,0,-27,-10,-26,-12,-22,-10,-21,-16,-19,-13,-19,-15,-16,-12,-23,-14,-22,-15,-21,-17,-23,-17,-22,-17,-21,-16,-19,-20,-20,-20,-22,-22,-20,-26,-19,-21,-15,-24,-11,-21,-10,-21,-7,-15,-10,-15,-6,-11,-13,-8,-7,-5,-7,4,-11,6,-10,10,-13,13,-19,16,-25,17,-28,22,-36,25,-39,23,-45,24,-45,23,-49,28,-52,22,-55,24,-57,24,-56,27,-63,18,-63,25,-63,26,-67,22,-71,22,-71,23,-75,22,-76,21,-76,22,-77,23,-84,17,-80,17,-84,13,-82,13,-80,7,0,0]",1
CSI_DATA,53002,1a:00:00:00:00:00,-32,11,1,0,1,1,1,0,0,0,1,-97,0,11,2,713750503,0,44,0,384,0,"[0,0,0,0,0,0,0,0,0,0,0,0,5,-10,5,-10,5,-10,5,-10,5,-10,5,-10,4,-10,4,-9,4,-9,3,-9,3,-9,2,-9,1,-9,1,-9,0,-9,-1,-9,-1,-9,-1,-10,-2,-10,-2,-11,-2,-11,-2,-11,-2,-12,-3,-12,-2,-12,-3,-12,0,0,-1,-13,-1,-13,-1,-12,-1,-12,-1,-12,-1,-12,-1,-11,-1,-11,-1,-11,-2,-11,-2,-11,-2,-12,-2,-12,-2,-12,-1,-12,-1,-12,0,-12,0,-12,1,-12,1,-12,2,-11,3,-11,3,-11,3,-10,4,-10,4,-9,0,0,0,0,0,0,0,0,0,0,0,0,0,0,-70,5,-61,7,-61,10,-64,12,-59,16,-58,15,-57,17,-56,18,-55,18,-51,18,-52,18,-47,20,-50,21,-43,20,-43,21,-38,26,-37,28,-32,26,-33,30,-31,34,-32,35,-31,39,-29,44,-30,44,-33,49,-31,46,-33,52,-33,51,-35,57,-35,54,-37,55,-43,50,-41,48,-42,52,-42,51,-39,47,-42,46,-35,44,-38,45,-35,42,-36,44,-29,47,-34,48,-33,49,-37,47,-37,46,-38,46,-43,45,-44,44,-47,38,-50,41,-48,34,-50,27,-52,27,-47,22,-46,22,-48,15,0,0,0,0,0,0,0,0,0,0,0,0,0,0,0,0,0,0,0,0,0,0,4,-26,5,-24,7,-20,7,-22,11,-23,9,-17,10,-22,10,-22,12,-21,12,-26,12,-23,14,-23,13,-24,14,-26,14,-21,18,-25,18,-20,18,-20,18,-15,14,-15,16,-13,15,-12,13,-8,9,-10,8,-7,2,-8,-4,-9,-5,-9,-12,-9,-15,-13,-23,-16,-23,-19,-26,-22,-24,-29,-28,-31,-28,-35,-28,-39,-30,-45,-30,-48,-31,-48,-28,-49,-29,-54,-27,-56,-32,-59,-28,-56,-28,-61,-33,-63,-26,-68,-28,-66,-29,-72,-31,-69,-30,-73,-23,-75,-21,-80,-24,-79,-20,-76,-17,-74,0,0]",1
CSI_DATA,53003,1a:00:00:00:00:00,-32,11,1,0,1,1,1,0,0,0,1,-97,0,11,2,713760474,0,44,0,384,0,"[0,0,0,0,0,0,0,0,0,0,0,0,10,4,10,4,10,4,10,4,10,4,9,3,9,3,9,3,9,3,8,2,8,2,8,1,8,0,8,0,8,-1,8,-2,8,-2,9,-3,9,-3,9,-3,10,-3,10,-4,10,-4,10,-4,11,-4,11,-4,0,0,11,-4,11,-4,11,-3,11,-3,11,-3,10,-3,10,-3,10,-3,10,-4,10,-4,10,-4,10,-4,10,-4,10,-4,11,-4,11,-4,11,-3,11,-3,11,-2,11,-1,11,-1,11,0,10,1,10,1,9,2,9,2,0,0,0,0,0,0,0,0,0,0,0,0,0,0,-20,-70,-17,-65,-14,-59,-20,-55,-20,-57,-24,-54,-23,-58,-24,-58,-23,-54,-25,-47,-23,-48,-26,-46,-30,-45,-27,-41,-29,-39,-30,-35,-33,-33,-34,-31,-36,-31,-41,-27,-45,-26,-43,-25,-47,-25,-47,-24,-48,-24,-57,-28,-54,-29,-59,-28,-57,-31,-61,-27,-59,-32,-58,-35,-54,-35,-55,-33,-53,-32,-51,-30,-49,-31,-46,-34,-50,-28,-53,-28,-52,-27,-51,-22,-53,-27,-55,-27,-56,-28,-55,-30,-51,-34,-52,-39,-48,-33,-47,-37,-47,-43,-42,-40,-37,-44,-33,-48,-31,-46,-29,-44,-21,-42,0,0,0,0,0,0,0,0,0,0,0,0,0,0,0,0,0,0,0,0,0,0,24,5,23,5,25,10,22,10,20,8,17,8,20,7,21,4,21,8,22,9,22,9,24,10,24,15,25,14,24,13,22,16,21,17,19,15,16,17,14,18,10,13,13,11,8,10,9,7,5,6,8,3,4,-3,8,-10,7,-10,12,-15,13,-22,19,-23,22,-25,27,-29,29,-29,34,-29,34,-28,47,-29,44,-32,46,-34,48,-34,51,-34,50,-34,58,-31,53,-34,58,-31,57,-36,63,-36,66,-36,70,-34,68,-32,73,-33,74,-30,73,-28,75,-30,77,-26,72,-19,0,0]",1
CSI_DATA,53004,1a:00:00:00:00:00,-32,11,1,0,1,1,1,0,0,0,1,-97,0,11,2,713780488,0,44,0,384,0,"[0,0,0,0,0,0,0,0,0,0,0,0,-8,-10,-8,-9,-8,-9,-8,-9,-8,-9,-8,-8,-8,-8,-7,-8,-7,-7,-8,-7,-8,-6,-8,-5,-8,-5,-8,-4,-8,-4,-9,-3,-9,-3,-10,-3,-10,-2,-11,-2,-11,-2,-12,-2,-12,-2,-12,-2,-13,-2,-12,-2,0,0,-13,-3,-13,-3,-12,-3,-12,-3,-12,-3,-11,-3,-11,-3,-11,-3,-11,-2,-11,-2,-12,-2,-12,-2,-12,-2,-12,-2,-12,-3,-12,-3,-12,-4,-12,-4,-12,-5,-11,-5,-11,-6,-10,-6,-10,-7,-9,-7,-8,-7,-7,-7,0,0,0,0,0,0,0,0,0,0,0,0,0,0,-6,70,-3,64,0,64,2,57,1,58,5,60,7,59,5,61,6,54,8,54,7,50,8,49,9,50,12,45,14,43,17,42,22,43,23,43,25,39,25,35,30,39,34,38,37,39,44,39,43,41,41,40,44,38,47,42,46,43,48,45,45,46,45,49,47,47,44,47,40,48,36,50,36,45,36,46,36,44,38,46,40,38,42,42,40,44,45,43,43,46,40,43,39,48,40,47,36,48,30,51,28,54,26,50,25,50,21,56,15,52,9,52,9,49,0,0,0,0,0,0,0,0,0,0,0,0,0,0,0,0,0,0,0,0,0,0,-19,-10,-21,-13,-20,-17,-19,-16,-17,-16,-19,-16,-20,-15,-19,-18,-14,-18,-17,-18,-21,-21,-17,-19,-16,-21,-19,-22,-16,-23,-14,-22,-15,-26,-13,-22,-11,-24,-10,-24,-10,-20,-4,-19,-5,-13,-6,-10,-3,-6,-8,-4,-9,1,-10,5,-11,6,-16,14,-18,15,-28,16,-32,13,-36,14,-40,19,-42,16,-47,16,-49,17,-57,11,-57,15,-58,10,-56,12,-62,12,-63,14,-61,14,-67,15,-68,16,-70,10,-75,10,-76,8,-75,9,-80,10,-83,0,-82,2,-83,-1,-83,-4,-78,-1,0,0]",1
CSI_DATA,53005,1a:00:00:00:00:00,-32,11,1,0,1,1,1,0,0,0,1,-97,0,11,2,713790502,0,44,0,384,0,"[0,0,0,0,0,0,0,0,0,0,0,0,9,-6,9,-6,9,-6,9,-6,8,-7,8,-6,8,-6,7,-6,7,-6,6,-6,6,-7,5,-7,5,-7,4,-7,4,-8,3,-8,3,-9,2,-9,2,-10,2,-10,2,-10,2,-11,2,-11,2,-12,2,-12,3,-12,0,0,3,-12,3,-12,3,-12,3,-12,3,-11,3,-11,3,-11,2,-11,2,-11,2,-11,2,-11,2,-11,2,-12,2,-12,2,-12,3,-12,3,-12,3,-11,4,-11,4,-11,5,-10,6,-10,6,-9,6,-9,7,-8,6,-7,0,0,0,0,0,0,0,0,0,0,0,0,0,0,-66,-22,-64,-21,-63,-18,-58,-17,-61,-13,-60,-12,-55,-5,-60,-5,-59,-7,-55,-3,-51,-7,-54,-7,-55,-1,-48,3,-45,0,-47,6,-46,7,-44,13,-45,14,-44,18,-43,19,-46,26,-46,29,-46,28,-49,29,-49,34,-52,31,-51,34,-57,36,-55,34,-57,33,-63,30,-57,28,-56,30,-55,30,-56,27,-53,27,-53,28,-50,26,-51,27,-49,28,-48,31,-50,30,-54,33,-54,32,-54,31,-56,29,-57,26,-56,23,-57,20,-58,21,-59,13,-57,11,-55,6,-54,4,-49,0,-51,-1,0,0,0,0,0,0,0,0,0,0,0,0,0,0,0,0,0,0,0,0,0,0,18,-20,18,-15,15,-13,20,-11,21,-9,19,-14,21,-12,22,-11,16,-14,20,-10,23,-17,20,-11,23,-11,27,-11,28,-8,26,-11,25,-7,25,-4,24,-5,21,0,22,1,17,0,16,1,11,-8,7,-4,5,-7,3,-6,-2,-10,-7,-11,-9,-20,-12,-24,-8,-30,-8,-34,-4,-40,-7,-46,-9,-51,-5,-51,-2,-53,-2,-57,2,-60,1,-64,2,-58,3,-63,6,-64,4,-61,8,-66,6,-70,6,-75,4,-74,9,-74,14,-76,9,-82,12,-80,17,-73,20,-78,24,-82,25,-73,0,0]",1
CSI_DATA,53006,1a:00:00:00:00:00,-32,11,1,0,1,1,1,0,0,0,1,-97,0,11,2,713800499,0,44,0,384,0,"[0,0,0,0,0,0,0,0,0,0,0,0,6,9,6,9,6,8,6,9,6,8,6,8,6,8,6,7,6,7,6,6,6,6,6,5,6,5,6,4,7,4,7,3,8,3,8,3,9,2,9,3,10,3,10,3,10,3,11,3,11,3,11,3,0,0,11,4,11,4,11,4,10,4,10,4,10,4,10,3,10,3,10,3,10,3,10,2,10,3,10,3,11,3,10,3,11,4,10,4,10,5,10,5,9,6,9,6,8,7,7,7,7,7,6,7,5,7,0,0,0,0,0,0,0,0,0,0,0,0,0,0,34,-61,25,-59,24,-60,21,-59,20,-60,19,-57,14,-56,15,-58,12,-55,14,-57,13,-54,9,-56,4,-51,8,-48,1,-45,-1,-45,-4,-49,-10,-48,-11,-47,-13,-45,-18,-47,-19,-48,-24,-49,-24,-51,-26,-49,-25,-53,-28,-52,-28,-56,-29,-58,-27,-60,-27,-61,-27,-67,-26,-58,-26,-62,-23,-57,-20,-62,-20,-54,-18,-54,-28,-56,-26,-54,-23,-53,-25,-50,-27,-55,-28,-58,-27,-59,-26,-57,-21,-61,-21,-61,-18,-58,-15,-60,-10,-61,-8,-55,-2,-57,-4,-55,2,-55,4,-54,7,-49,0,0,0,0,0,0,0,0,0,0,0,0,0,0,0,0,0,0,0,0,0,0,15,18,12,18,10,21,6,20,10,20,8,22,9,20,7,19,9,24,8,21,10,24,6,23,10,25,9,26,8,29,5,28,4,29,1,26,-1,30,-6,22,7,14,-2,11,1,16,0,13,3,8,6,6,8,5,8,2,14,-6,18,-5,26,-6,30,-6,34,-3,37,-4,42,-2,45,-1,47,3,51,3,58,4,57,5,60,6,61,7,62,9,64,11,62,8,61,10,67,11,68,15,72,15,72,20,72,20,77,20,81,24,69,26,74,28,76,30,70,31,0,0]",1
CSI_DATA,53007,1a:00:00:00:00:00,-32,11,1,0,1,1,1,0,0,0,1,-97,0,11,2,713820487,0,44,0,384,0,"[0,0,0,0,0,0,0,0,0,0,0,0,-7,-10,-7,-9,-7,-9,-7,-9,-7,-9,-7,-8,-7,-8,-7,-8,-7,-7,-7,-7,-7,-6,-7,-6,-7,-5,-8,-5,-8,-4,-9,-3,-9,-3,-9,-3,-10,-3,-10,-3,-10,-2,-11,-2,-11,-3,-11,-3,-12,-3,-12,-3,0,0,-12,-3,-12,-4,-12,-3,-12,-3,-11,-4,-11,-3,-11,-3,-11,-3,-11,-2,-11,-2,-11,-2,-11,-3,-11,-3,-11,-3,-12,-3,-12,-3,-12,-4,-11,-4,-11,-4,-11,-5,-10,-6,-10,-6,-9,-7,-8,-7,-8,-7,-7,-7,0,0,0,0,0,0,0,0,0,0,0,0,0,0,-22,67,-20,63,-13,59,-15,57,-13,63,-12,54,-11,60,-7,58,-6,56,-7,55,-6,52,-5,55,1,50,-1,46,0,42,7,43,9,46,13,44,11,43,22,46,23,45,26,46,26,44,29,46,29,50,32,50,34,55,35,53,34,53,34,56,35,54,31,57,32,55,31,54,30,55,28,56,26,53,29,53,30,52,25,53,30,49,31,49,31,50,31,53,30,50,32,51,26,58,29,57,24,53,22,57,14,59,15,57,13,56,7,55,5,56,3,49,-4,50,0,0,0,0,0,0,0,0,0,0,0,0,0,0,0,0,0,0,0,0,0,0,-16,-18,-18,-20,-15,-21,-10,-23,-12,-21,-12,-16,-14,-20,-11,-22,-12,-22,-12,-26,-10,-22,-10,-23,-12,-26,-12,-27,-10,-28,-9,-26,-8,-28,-6,-28,-5,-24,-1,-22,0,-23,1,-16,-1,-14,0,-9,-5,-9,-6,-6,-8,-5,-13,0,-15,4,-19,6,-24,9,-28,7,-36,8,-39,8,-44,6,-47,2,-51,3,-52,2,-58,1,-58,0,-58,-6,-62,-2,-63,-7,-65,-8,-62,-6,-68,-8,-68,-7,-74,-5,-73,-10,-75,-10,-73,-12,-81,-10,-76,-17,-79,-17,-81,-18,-73,-22,-74,-23,0,0]",1
CSI_DATA,53008,1a:00:00:00:00:00,-32,11,1,0,1,1,1,0,0,0,1,-97,0,11,2,713830497,0,44,0,384,0,"[0,0,0,0,0,0,0,0,0,0,0,0,9,-6,9,-7,9,-6,9,-7,9,-6,9,-6,8,-6,8,-6,8,-6,7,-6,6,-6,6,-7,5,-7,5,-7,4,-8,4,-8,4,-9,3,-9,3,-10,4,-10,4,-10,4,-11,4,-11,3,-12,4,-12,4,-12,0,0,5,-12,5,-11,5,-11,5,-11,5,-11,5,-10,5,-10,4,-10,4,-10,4,-10,3,-11,4,-11,4,-11,4,-11,5,-11,5,-11,6,-11,6,-10,7,-10,7,-9,8,-8,8,-8,8,-8,8,-7,8,-6,8,-5,0,0,0,0,0,0,0,0,0,0,0,0,0,0,-66,-29,-63,-28,-61,-24,-60,-21,-58,-19,-55,-16,-57,-14,-61,-15,-57,-13,-56,-13,-51,-14,-54,-8,-51,-6,-48,-5,-48,-5,-47,-2,-44,4,-48,5,-46,8,-45,11,-47,14,-49,17,-51,21,-50,21,-53,20,-53,21,-57,23,-56,23,-63,26,-60,30,-62,23,-56,22,-63,21,-61,23,-60,17,-57,19,-56,19,-55,17,-54,19,-53,20,-57,19,-54,23,-56,20,-58,21,-55,19,-60,23,-57,16,-62,17,-60,12,-58,10,-62,5,-60,4,-56,-2,-60,-3,-54,-8,-49,-9,-49,-16,0,0,0,0,0,0,0,0,0,0,0,0,0,0,0,0,0,0,0,0,0,0,18,-21,19,-17,18,-15,20,-10,19,-11,18,-10,22,-10,21,-12,17,-13,20,-11,24,-11,24,-11,25,-13,23,-10,23,-7,29,-10,27,-7,25,-6,25,-3,24,-2,22,-2,13,-4,16,-1,10,-1,8,0,6,-5,6,-12,-3,-11,-5,-16,-5,-20,-8,-25,-8,-30,-7,-34,-5,-35,-5,-46,-3,-48,0,-46,-1,-54,4,-55,3,-57,5,-59,6,-59,9,-63,10,-65,6,-63,7,-66,8,-70,12,-72,14,-73,17,-73,19,-75,17,-78,19,-80,22,-79,24,-79,27,-73,30,-69,0,0]",1
CSI_DATA,53009,1a:00:00:00:00:00,-32,11,1,0,1,1,1,0,0,0,1,-97,0,11,2,713840492,0,44,0,384,0,"[0,0,0,0,0,0,0,0,0,0,0,0,7,8,7,8,7,8,7,8,7,8,7,8,6,7,6,7,6,7,6,6,7,5,7,5,7,4,7,4,7,3,8,2,8,2,9,2,9,2,10,2,10,2,10,2,11,2,11,1,11,1,12,2,0,0,12,2,11,2,11,2,11,3,11,3,10,3,10,3,10,2,10,2,10,2,11,1,11,1,11,2,11,2,11,2,11,2,11,3,11,3,10,4,10,5,9,5,9,6,8,6,8,6,7,6,6,6,0,0,0,0,0,0,0,0,0,0,0,0,0,0,19,-64,15,-59,17,-68,8,-63,9,-58,7,-57,7,-57,8,-62,4,-57,2,-57,-1,-57,4,-53,-3,-53,-2,-50,-3,-51,-9,-49,-7,-47,-11,-42,-16,-43,-19,-44,-28,-45,-24,-45,-25,-46,-34,-48,-28,-47,-31,-54,-34,-51,-35,-53,-35,-54,-38,-57,-37,-58,-32,-58,-31,-55,-31,-57,-28,-54,-30,-57,-28,-55,-28,-50,-30,-52,-29,-48,-29,-51,-35,-49,-30,-54,-36,-49,-32,-52,-30,-54,-30,-55,-31,-54,-25,-53,-26,-57,-16,-57,-17,-57,-11,-56,-7,-60,-5,-57,-4,-51,3,-48,0,0,0,0,0,0,0,0,0,0,0,0,0,0,0,0,0,0,0,0,0,0,18,17,15,17,13,15,13,21,14,20,11,18,11,18,11,19,12,21,13,22,12,21,13,21,14,21,11,23,10,29,11,24,10,24,7,24,6,27,1,25,-1,19,1,19,4,16,4,11,4,8,4,5,6,0,10,-1,16,-5,18,-10,22,-9,29,-9,34,-9,39,-9,43,-6,42,-11,49,-6,52,-5,53,-5,55,-5,62,-3,58,1,61,0,65,-2,64,0,69,3,67,0,72,2,70,6,77,9,77,8,75,7,78,11,76,13,82,15,76,16,77,18,0,0]",1
CSI_DATA,53010,1a:00:00:00:00:00,-32,11,1,0,1,1,1,0,0,0,1,-97,0,11,2,713860494,0,44,0,384,0,"[0,0,0,0,0,0,0,0,0,0,0,0,-6,-11,-6,-10,-7,-10,-7,-10,-7,-10,-6,-10,-6,-9,-6,-9,-6,-8,-6,-8,-7,-7,-7,-7,-7,-6,-8,-5,-8,-5,-8,-5,-9,-4,-9,-4,-10,-4,-10,-4,-11,-4,-11,-4,-11,-4,-12,-3,-12,-4,-12,-4,0,0,-12,-5,-12,-5,-12,-5,-12,-4,-11,-5,-11,-5,-11,-5,-11,-4,-11,-4,-11,-3,-11,-3,-12,-3,-12,-3,-12,-4,-12,-4,-12,-4,-12,-5,-12,-5,-11,-6,-11,-6,-10,-7,-10,-7,-9,-7,-9,-7,-8,-8,-7,-8,0,0,0,0,0,0,0,0,0,0,0,0,0,0,-24,67,-22,64,-18,58,-16,60,-17,59,-11,61,-13,58,-10,61,-8,58,-10,58,-6,54,-8,49,-4,50,-4,51,0,49,2,48,6,48,10,46,11,45,16,43,18,43,22,50,25,46,22,47,24,50,28,53,29,53,27,54,31,57,32,60,33,56,23,65,25,61,28,60,25,58,26,59,22,53,21,56,22,53,27,52,23,50,27,52,28,54,31,53,25,57,26,58,18,57,21,58,19,54,13,60,12,60,7,57,3,61,3,58,-5,53,-2,54,-6,49,0,0,0,0,0,0,0,0,0,0,0,0,0,0,0,0,0,0,0,0,0,0,-21,-16,-17,-22,-17,-20,-15,-21,-12,-21,-11,-17,-13,-20,-10,-19,-14,-21,-12,-21,-15,-22,-12,-23,-14,-26,-13,-21,-12,-27,-9,-25,-11,-26,-8,-27,-7,-26,-3,-23,-2,-22,-4,-17,-5,-13,-2,-12,-5,-9,-7,-4,-7,-3,-11,-3,-16,2,-18,6,-27,7,-31,5,-32,7,-38,6,-43,7,-49,3,-51,2,-55,4,-57,0,-60,1,-60,-1,-63,1,-62,-4,-64,-5,-64,-5,-70,-6,-68,-1,-71,-6,-76,-11,-74,-12,-77,-14,-80,-12,-77,-13,-77,-20,-79,-20,-75,-21,-76,-24,0,0]",1
CSI_DATA,53011,1a:00:00:00:00:00,-32,11,1,0,1,1,1,0,0,0,1,-97,0,11,2,713870478,0,44,0,384,0,"[0,0,0,0,0,0,0,0,0,0,0,0,9,-7,8,-8,8,-8,8,-8,8,-8,8,-8,7,-7,7,-7,7,-7,6,-7,6,-7,5,-8,4,-8,4,-8,3,-8,3,-9,2,-9,2,-10,2,-10,2,-11,2,-11,2,-11,2,-12,2,-12,2,-12,2,-12,0,0,3,-12,3,-12,3,-12,3,-12,3,-11,3,-11,3,-11,3,-11,2,-11,2,-11,2,-12,2,-11,2,-12,3,-12,3,-12,3,-12,4,-12,4,-11,5,-11,5,-10,6,-10,6,-9,7,-9,6,-8,7,-7,7,-6,0,0,0,0,0,0,0,0,0,0,0,0,0,0,-69,-20,-60,-18,-64,-15,-65,-12,-56,-11,-64,-7,-57,-5,-63,-8,-57,-4,-60,-4,-53,-6,-54,-2,-52,-2,-51,4,-49,2,-48,5,-46,9,-47,15,-45,15,-41,21,-46,23,-43,25,-50,28,-45,29,-51,29,-48,34,-55,33,-54,33,-57,32,-53,37,-56,34,-62,32,-55,29,-57,32,-56,29,-53,26,-55,26,-53,21,-52,25,-50,31,-51,26,-49,29,-52,25,-48,29,-58,29,-55,30,-58,26,-54,24,-56,24,-56,16,-57,15,-59,11,-56,9,-56,5,-54,3,-53,3,-52,-5,0,0,0,0,0,0,0,0,0,0,0,0,0,0,0,0,0,0,0,0,0,0,14,-20,18,-20,18,-15,14,-17,18,-15,20,-17,16,-17,18,-12,15,-15,16,-15,19,-19,21,-18,22,-19,23,-17,24,-13,22,-14,28,-14,25,-9,23,-6,22,-8,19,-4,17,-2,13,-2,11,-3,9,-3,4,-8,1,-8,-5,-13,-9,-17,-12,-16,-14,-21,-13,-27,-12,-33,-10,-37,-12,-39,-9,-45,-9,-47,-10,-53,-9,-56,-6,-58,-4,-61,-7,-59,-3,-65,-3,-65,-1,-70,2,-65,-3,-69,0,-72,0,-73,2,-76,5,-77,3,-78,9,-83,8,-78,4,-79,11,-82,19,-76,0,0]",1
CSI_DATA,53012,1a:00:00:00:00:00,-32,11,1,0,1,1,1,0,0,0,1,-97,0,11,2,713890476,0,44,0,384,0,"[0,0,0,0,0,0,0,0,0,0,0,0,-10,6,-9,6,-9,6,-9,6,-9,7,-9,6,-8,6,-8,6,-8,6,-7,6,-7,6,-6,6,-6,7,-5,7,-4,7,-4,8,-3,8,-3,9,-3,9,-3,10,-3,10,-3,10,-3,11,-3,11,-3,11,-3,11,0,0,-4,11,-4,12,-4,11,-4,11,-4,10,-4,10,-4,10,-3,10,-3,10,-3,10,-3,10,-3,11,-3,11,-3,11,-3,11,-4,11,-4,11,-4,10,-5,10,-5,10,-6,9,-6,9,-7,8,-7,7,-8,7,-7,6,0,0,0,0,0,0,0,0,0,0,0,0,0,0,65,17,62,18,59,13,60,7,58,7,56,6,58,0,61,5,58,5,61,1,55,1,53,0,50,-3,52,-5,46,-9,46,-11,47,-15,40,-20,45,-16,39,-22,38,-27,45,-28,44,-33,43,-33,46,-32,47,-36,48,-37,48,-42,49,-38,56,-41,53,-39,57,-38,54,-36,56,-36,57,-32,52,-35,49,-30,48,-30,45,-32,51,-34,43,-34,45,-38,49,-39,46,-37,48,-39,49,-35,50,-37,53,-33,50,-28,58,-26,57,-24,57,-21,59,-18,58,-14,54,-11,53,-5,51,-1,0,0,0,0,0,0,0,0,0,0,0,0,0,0,0,0,0,0,0,0,0,0,-17,15,-18,15,-20,14,-18,15,-16,12,-18,11,-19,12,-21,13,-20,11,-18,14,-21,11,-23,15,-23,12,-28,13,-28,11,-28,13,-27,10,-28,7,-25,-2,-19,5,-14,7,-19,-3,-12,1,-10,3,-5,1,-4,4,-1,9,0,9,3,16,8,22,10,23,10,29,7,32,10,35,11,42,9,45,6,48,9,49,4,56,4,57,6,55,3,59,-4,59,1,64,0,62,-1,69,-4,68,-3,71,-3,73,-3,76,-5,77,-5,79,-10,81,-14,75,-14,82,-14,78,-21,75,0,0]",1
CSI_DATA,53013,1a:00:00:00:00:00,-32,11,1,0,1,1,1,0,0,0,1,-97,0,11,2,713900503,0,44,0,384,0,"[0,0,0,0,0,0,0,0,0,0,0,0,-3,-12,-4,-12,-4,-11,-4,-11,-4,-11,-4,-11,-4,-10,-4,-10,-4,-10,-4,-9,-5,-9,-5,-8,-6,-8,-6,-7,-7,-7,-7,-7,-7,-6,-8,-6,-8,-6,-9,-7,-9,-7,-10,-7,-10,-7,-11,-7,-11,-7,-11,-7,0,0,-11,-8,-10,-8,-10,-8,-10,-8,-9,-8,-9,-8,-9,-7,-9,-7,-9,-7,-10,-7,-10,-6,-10,-7,-10,-7,-10,-7,-10,-8,-10,-8,-10,-8,-9,-8,-9,-9,-8,-9,-8,-10,-7,-10,-6,-10,-6,-9,-5,-10,-4,-10,0,0,0,0,0,0,0,0,0,0,0,0,0,0,-47,54,-42,52,-39,53,-36,53,-36,53,-30,52,-24,52,-29,53,-23,53,-24,52,-22,50,-26,48,-17,51,-16,46,-17,47,-14,45,-11,48,-5,46,-3,48,3,48,5,49,8,55,11,54,13,57,3,53,7,58,13,62,14,61,12,66,10,65,9,68,6,71,6,64,11,66,6,63,6,62,7,59,5,59,8,56,8,59,6,59,12,58,13,63,10,58,10,61,9,60,7,65,7,61,0,59,-1,60,-5,59,-8,59,-10,58,-14,58,-16,50,-17,50,-23,46,0,0,0,0,0,0,0,0,0,0,0,0,0,0,0,0,0,0,0,0,0,0,-11,-20,-10,-25,-8,-24,-8,-24,-7,-25,-6,-24,-4,-18,-5,-24,-5,-22,-4,-26,-1,-25,-7,-27,-6,-28,-5,-28,0,-29,-2,-28,2,-27,5,-24,3,-26,5,-25,5,-17,6,-15,3,-17,1,-15,-4,-9,-4,-7,-6,-6,-11,-4,-14,0,-23,-1,-22,-3,-28,-2,-33,-6,-37,-9,-41,-8,-44,-8,-48,-12,-53,-15,-57,-20,-58,-20,-56,-22,-57,-25,-60,-22,-59,-26,-60,-25,-58,-24,-60,-30,-65,-31,-67,-34,-66,-37,-72,-32,-70,-36,-70,-43,-65,-40,-67,-44,-69,-49,-60,-45,0,0]",1
CSI_DATA,53014,1a:00:00:00:00:00,-32,11,1,0,1,1,1,0,0,0,1,-97,0,11,2,713920476,0,44,0,384,0,"[0,0,0,0,0,0,0,0,0,0,0,0,4,10,4,10,4,10,4,10,4,10,4,9,4,9,4,9,4,8,4,8,5,7,5,6,5,6,6,6,6,5,7,5,7,4,8,5,8,4,9,5,9,5,9,5,10,5,10,5,10,5,10,5,0,0,10,6,10,6,10,6,10,6,9,6,9,6,9,6,9,6,9,5,9,5,10,4,10,5,9,5,9,5,10,6,9,6,9,6,9,7,8,7,8,7,7,8,6,8,6,8,5,8,4,8,4,8,0,0,0,0,0,0,0,0,0,0,0,0,0,0,30,-61,32,-57,24,-55,21,-59,22,-58,21,-58,18,-59,20,-59,17,-57,16,-55,17,-54,14,-53,9,-52,9,-50,7,-51,2,-51,1,-46,-7,-45,-6,-48,-9,-46,-14,-49,-15,-49,-19,-51,-18,-54,-18,-57,-19,-56,-22,-59,-26,-61,-24,-62,-25,-63,-20,-64,-20,-68,-16,-64,-18,-60,-18,-63,-14,-61,-13,-55,-14,-57,-14,-54,-20,-57,-18,-54,-19,-53,-23,-57,-21,-58,-19,-58,-16,-57,-13,-60,-18,-65,-12,-59,-6,-61,-6,-64,1,-58,2,-57,7,-60,11,-55,12,-50,14,-50,0,0,0,0,0,0,0,0,0,0,0,0,0,0,0,0,0,0,0,0,0,0,18,20,12,17,14,19,11,20,8,21,11,21,10,19,10,20,7,19,9,24,9,22,9,23,9,23,10,28,6,26,3,27,2,26,2,26,-2,25,0,25,-2,17,1,19,0,13,-1,10,0,10,2,6,8,1,11,-3,17,-2,19,-4,26,-7,28,-2,36,-5,38,-2,44,-1,47,0,49,2,54,-1,58,5,56,7,56,10,59,7,58,13,66,10,62,12,65,12,63,15,71,13,72,18,72,21,76,22,77,15,79,29,75,30,74,30,73,33,70,32,0,0]",1
CSI_DATA,53015,1a:00:00:00:00:00,-32,11,1,0,1,1,1,0,0,0,1,-97,0,11,2,713930506,0,44,0,384,0,"[0,0,0,0,0,0,0,0,0,0,0,0,-12,1,-12,1,-12,2,-12,2,-12,2,-12,2,-11,2,-11,2,-10,2,-10,2,-9,3,-9,3,-8,4,-8,4,-8,5,-7,6,-7,6,-7,7,-7,7,-8,8,-8,8,-8,8,-8,9,-8,9,-9,9,-9,10,0,0,-9,9,-9,9,-9,9,-9,8,-9,8,-9,8,-8,8,-8,8,-8,8,-8,8,-7,9,-8,9,-8,9,-8,9,-8,9,-9,9,-9,8,-9,8,-10,8,-10,7,-11,6,-11,6,-11,5,-10,4,-10,3,-10,2,0,0,0,0,0,0,0,0,0,0,0,0,0,0,47,51,47,47,47,37,46,44,48,38,43,37,50,36,48,35,51,31,48,31,49,28,44,27,46,27,46,21,43,21,45,18,46,10,49,7,46,6,47,6,51,-1,52,-2,52,-8,59,-4,55,-3,60,-8,62,-8,64,-4,67,-7,64,-6,67,-5,69,-1,64,-2,65,-5,65,-1,61,0,58,-3,59,2,58,-3,59,-6,58,-6,57,-9,58,-6,59,-8,62,-6,62,-6,61,-2,66,-2,58,4,59,1,61,5,57,10,56,10,56,18,52,17,49,19,43,24,0,0,0,0,0,0,0,0,0,0,0,0,0,0,0,0,0,0,0,0,0,0,-27,4,-25,3,-28,2,-23,-1,-24,1,-22,-2,-24,-2,-24,-1,-25,0,-24,2,-25,-3,-25,-2,-30,-2,-28,-5,-31,-6,-28,-7,-25,-8,-29,-10,-20,-10,-21,-9,-19,-11,-16,-10,-13,-8,-12,-6,-8,1,-7,0,-7,6,-5,10,-5,14,0,18,-8,26,-8,29,-11,33,-14,37,-16,40,-20,43,-22,47,-25,48,-26,49,-26,53,-30,51,-29,53,-32,53,-35,58,-33,55,-31,54,-38,62,-38,58,-43,64,-44,64,-47,61,-48,65,-50,57,-53,62,-55,62,-54,56,-55,52,0,0]",1
CSI_DATA,53016,1a:00:00:00:00:00,-32,11,1,0,1,1,1,0,0,0,1,-97,0,11,2,713940481,0,44,0,384,0,"[0,0,0,0,0,0,0,0,0,0,0,0,-3,-12,-4,-12,-4,-11,-4,-11,-4,-11,-4,-11,-4,-11,-3,-10,-4,-10,-4,-9,-4,-9,-5,-8,-5,-8,-6,-8,-6,-7,-7,-7,-7,-7,-8,-7,-8,-7,-9,-7,-9,-7,-9,-7,-10,-8,-10,-8,-10,-8,-10,-8,0,0,-10,-9,-10,-9,-10,-9,-9,-9,-9,-8,-9,-9,-9,-8,-9,-8,-9,-8,-9,-8,-10,-7,-9,-8,-10,-8,-10,-8,-9,-9,-9,-9,-9,-9,-8,-9,-8,-10,-7,-10,-6,-10,-6,-11,-5,-11,-5,-10,-4,-10,-3,-10,0,0,0,0,0,0,0,0,0,0,0,0,0,0,-37,56,-35,58,-31,50,-33,55,-27,59,-27,53,-24,55,-21,55,-21,59,-19,55,-21,52,-15,55,-15,49,-12,50,-9,50,-8,47,-2,45,3,47,-2,48,7,48,12,46,13,53,14,52,13,54,18,55,16,59,18,60,20,62,19,63,19,62,20,71,14,68,12,64,10,65,11,65,12,57,10,59,7,54,11,59,11,57,14,55,18,54,16,59,18,56,17,60,15,60,11,64,9,64,4,58,2,62,1,60,0,62,-6,58,-9,61,-13,53,-12,47,-16,45,0,0,0,0,0,0,0,0,0,0,0,0,0,0,0,0,0,0,0,0,0,0,-16,-22,-14,-21,-7,-20,-8,-21,-8,-27,-8,-24,-4,-22,-10,-21,-10,-21,-7,-28,-5,-24,-6,-25,-7,-30,-5,-29,-2,-28,-2,-27,-1,-28,2,-27,1,-23,4,-24,2,-22,5,-15,1,-17,0,-12,-4,-11,-5,-4,-7,-2,-12,-4,-15,1,-20,1,-25,0,-30,2,-37,3,-42,-3,-45,-5,-46,-6,-50,-5,-54,-10,-57,-11,-59,-11,-63,-14,-61,-15,-58,-18,-63,-19,-63,-19,-65,-22,-64,-22,-67,-20,-72,-26,-74,-27,-74,-29,-76,-26,-72,-34,-76,-36,-76,-36,-73,-39,-74,-45,0,0]",1
CSI_DATA,53017,1a:00:00:00:00:00,-32,11,1,0,1,1,1,0,0,0,1,-97,0,11,2,713960497,0,44,0,384,0,"[0,0,0,0,0,0,0,0,0,0,0,0,1,11,1,11,2,11,2,11,2,10,1,10,2,10,2,10,2,9,2,8,3,8,3,8,4,7,4,7,5,7,5,6,6,6,6,6,7,6,7,7,8,7,8,7,8,7,9,7,9,7,9,7,0,0,9,8,8,8,8,8,8,8,8,8,8,8,7,7,7,7,8,7,8,7,8,7,8,7,8,7,8,7,8,8,8,8,7,8,7,8,7,9,6,9,5,9,5,10,4,9,4,9,3,9,2,9,0,0,0,0,0,0,0,0,0,0,0,0,0,0,52,-43,54,-43,47,-44,43,-45,42,-41,43,-41,38,-46,38,-46,41,-47,35,-47,35,-47,34,-46,30,-44,28,-43,27,-38,23,-42,19,-46,15,-48,16,-48,9,-47,7,-52,6,-56,0,-56,4,-56,4,-56,2,-64,4,-63,3,-61,4,-67,5,-69,9,-67,11,-70,7,-70,7,-63,9,-59,10,-58,8,-61,8,-54,7,-57,7,-63,4,-61,7,-57,8,-59,8,-63,8,-64,5,-62,15,-63,11,-61,17,-61,14,-55,19,-59,19,-56,27,-55,27,-50,32,-44,34,-40,33,-39,0,0,0,0,0,0,0,0,0,0,0,0,0,0,0,0,0,0,0,0,0,0,6,24,3,27,0,24,3,22,1,24,2,23,0,20,3,25,-1,26,0,27,-3,21,-2,25,-2,25,-1,28,-4,28,-5,24,-6,27,-7,24,-9,24,-8,16,-10,17,-5,18,-5,11,-1,10,-2,6,4,5,9,5,9,5,16,3,23,2,25,6,31,8,34,7,34,10,38,12,43,19,41,22,47,23,46,29,55,28,51,30,51,32,50,32,50,37,53,35,60,38,61,36,56,42,61,43,62,45,59,52,61,50,59,56,55,56,56,61,60,62,58,58,0,0]",1
CSI_DATA,53018,1a:00:00:00:00:00,-32,11,1,0,1,1,1,0,0,0,1,-97,0,11,2,713970475,0,44,0,384,0,"[0,0,0,0,0,0,0,0,0,0,0,0,-12,2,-12,2,-12,3,-12,3,-11,3,-11,3,-11,3,-10,3,-10,3,-9,3,-9,4,-8,4,-8,4,-8,5,-7,5,-7,6,-7,7,-7,7,-7,8,-7,8,-7,8,-7,9,-8,9,-8,10,-8,10,-8,10,0,0,-9,10,-9,9,-9,9,-9,9,-8,8,-8,8,-8,8,-8,8,-7,8,-7,8,-7,9,-7,9,-8,9,-8,9,-8,9,-9,9,-9,9,-9,8,-10,8,-10,7,-10,6,-11,6,-11,5,-10,4,-10,4,-10,3,0,0,0,0,0,0,0,0,0,0,0,0,0,0,54,44,48,41,48,41,52,37,52,36,54,30,51,31,51,31,54,30,52,30,52,27,45,23,51,25,44,16,46,16,46,15,49,10,46,6,49,0,46,-1,52,-4,52,-6,55,-6,54,-5,57,-9,62,-9,65,-10,64,-10,66,-8,69,-10,66,-8,68,-7,67,-4,63,-7,63,-4,60,-4,56,-4,59,2,57,-6,56,-7,55,-10,59,-8,61,-6,63,-10,60,-8,62,-7,57,-1,62,-2,61,1,59,1,58,10,59,12,58,13,53,17,48,17,45,21,44,23,0,0,0,0,0,0,0,0,0,0,0,0,0,0,0,0,0,0,0,0,0,0,-24,12,-27,6,-25,6,-22,5,-23,3,-24,3,-22,3,-24,2,-28,2,-27,4,-25,3,-23,0,-28,1,-29,1,-31,1,-28,-4,-29,-4,-25,-3,-23,-7,-20,-6,-20,-6,-17,-7,-13,-1,-12,-3,-8,1,-7,-1,-3,7,-1,9,-3,13,0,21,-2,27,0,29,-3,34,-7,36,-7,41,-12,44,-20,47,-16,48,-22,51,-22,52,-20,57,-21,55,-27,57,-23,59,-28,59,-25,55,-30,61,-33,63,-37,66,-40,69,-42,67,-40,67,-44,68,-47,67,-44,68,-50,63,-47,66,0,0]",1
CSI_DATA,53019,1a:00:00:00:00:00,-32,11,1,0,1,1,1,0,0,0,1,-97,0,11,2,713980494,0,44,0,384,0,"[0,0,0,0,0,0,0,0,0,0,0,0,-2,-13,-2,-12,-3,-12,-3,-12,-3,-12,-2,-12,-2,-11,-2,-11,-3,-10,-3,-10,-3,-10,-4,-9,-4,-8,-5,-8,-6,-8,-6,-8,-7,-7,-7,-8,-8,-8,-8,-8,-8,-8,-9,-9,-9,-9,-10,-9,-10,-9,-10,-9,0,0,-10,-10,-9,-10,-9,-10,-9,-10,-9,-9,-8,-9,-8,-9,-8,-9,-8,-9,-9,-8,-9,-8,-9,-8,-9,-9,-9,-9,-9,-9,-9,-10,-8,-10,-8,-10,-7,-10,-7,-11,-6,-11,-5,-11,-5,-11,-4,-11,-3,-11,-2,-10,0,0,0,0,0,0,0,0,0,0,0,0,0,0,-46,55,-37,49,-36,56,-35,52,-31,52,-31,52,-29,54,-26,54,-29,54,-29,52,-21,51,-21,48,-18,52,-18,48,-16,45,-12,47,-6,48,-5,49,-3,48,2,46,7,53,6,53,7,55,12,56,9,56,13,60,10,63,16,64,11,63,12,66,9,64,9,72,8,67,7,65,8,62,5,64,6,58,9,61,8,56,10,56,11,57,12,58,9,64,12,62,10,64,8,60,6,65,6,62,2,61,1,57,0,61,-4,58,-8,60,-9,55,-15,54,-12,50,-22,48,0,0,0,0,0,0,0,0,0,0,0,0,0,0,0,0,0,0,0,0,0,0,-10,-22,-4,-25,-8,-23,-4,-28,-3,-25,-3,-24,-6,-22,-5,-25,-3,-23,-1,-24,-6,-26,0,-26,1,-29,-2,-27,0,-32,-1,-26,1,-29,6,-25,7,-28,9,-21,7,-15,6,-15,6,-14,1,-10,2,-9,-3,-8,-9,-5,-12,-2,-13,-2,-21,-3,-26,-2,-34,-4,-35,-4,-37,-14,-43,-6,-45,-14,-50,-16,-50,-13,-54,-18,-55,-17,-56,-22,-57,-20,-62,-26,-60,-25,-62,-24,-62,-23,-66,-29,-64,-28,-71,-35,-70,-32,-69,-39,-68,-38,-73,-41,-69,-46,-73,-46,-67,-49,-61,-50,0,0]",1
CSI_DATA,53020,1a:00:00:00:00:00,-32,11,1,0,1,1,1,0,0,0,1,-97,0,11,2,714000617,0,44,0,384,0,"[0,0,0,0,0,0,0,0,0,0,0,0,-7,9,-7,9,-6,9,-6,9,-7,9,-6,9,-6,8,-6,8,-5,8,-4,8,-4,8,-3,8,-3,8,-2,8,-2,8,-1,8,-1,9,0,9,0,10,0,10,0,10,1,11,0,11,1,11,1,12,1,12,0,0,0,12,-1,12,-1,12,-1,12,-1,11,-1,11,-1,10,0,10,0,10,0,10,0,11,0,11,0,11,0,11,-1,11,-1,11,-1,11,-2,11,-2,11,-3,10,-4,10,-4,10,-5,10,-5,9,-6,8,-6,7,0,0,0,0,0,0,0,0,0,0,0,0,0,0,67,15,63,10,67,6,60,5,62,1,63,-1,57,-2,59,1,59,-4,55,-1,55,0,53,-4,51,-5,49,-9,47,-10,45,-17,44,-13,44,-19,40,-22,41,-25,40,-31,45,-32,43,-34,46,-34,45,-36,47,-35,48,-35,51,-42,49,-42,56,-44,52,-37,58,-36,54,-36,55,-32,51,-36,53,-30,52,-26,50,-27,51,-31,53,-30,47,-34,50,-34,46,-37,48,-36,51,-34,53,-34,55,-28,55,-28,54,-24,55,-22,58,-18,54,-16,57,-14,54,-12,55,-7,52,-4,51,2,0,0,0,0,0,0,0,0,0,0,0,0,0,0,0,0,0,0,0,0,0,0,-14,24,-17,18,-13,17,-14,16,-15,18,-19,14,-18,13,-18,14,-20,14,-17,18,-20,17,-20,18,-21,20,-19,14,-22,11,-22,12,-23,12,-23,10,-25,6,-21,5,-19,6,-19,3,-16,2,-9,6,-6,4,-6,3,1,4,6,12,10,13,10,17,11,19,15,25,13,32,15,36,16,40,17,41,16,43,14,47,17,54,14,53,13,57,10,59,11,61,8,62,12,64,6,64,10,73,6,69,4,75,7,76,4,80,4,78,-2,80,-2,78,0,84,-6,79,-8,80,0,0]",1
CSI_DATA,53021,1a:00:00:00:00:00,-32,11,1,0,1,1,1,0,0,0,1,-97,0,11,2,714010504,0,44,0,384,0,"[0,0,0,0,0,0,0,0,0,0,0,0,-12,-1,-12,-1,-12,0,-12,-1,-12,0,-12,0,-11,0,-11,0,-10,0,-10,1,-10,1,-9,2,-9,2,-8,3,-8,3,-8,4,-8,5,-8,5,-8,6,-9,6,-9,6,-9,7,-9,7,-10,7,-10,7,-10,7,0,0,-10,7,-10,7,-10,7,-10,6,-10,6,-10,6,-9,6,-9,6,-9,6,-9,6,-9,7,-9,7,-9,7,-9,7,-10,7,-10,6,-10,6,-10,6,-10,6,-11,5,-11,4,-11,3,-11,3,-10,2,-10,1,-10,1,0,0,0,0,0,0,0,0,0,0,0,0,0,0,36,61,27,60,34,58,33,51,35,48,31,49,33,45,35,48,39,46,37,45,36,42,31,40,35,36,36,34,34,31,36,29,41,27,40,24,46,22,42,19,48,15,48,15,50,13,53,13,55,15,55,11,61,15,59,15,62,17,64,14,66,19,65,24,62,24,64,22,57,29,59,23,53,18,55,19,56,19,57,17,51,15,52,18,52,16,54,12,58,18,56,14,57,21,57,24,55,25,54,27,54,27,50,28,46,29,43,35,40,37,36,38,31,40,0,0,0,0,0,0,0,0,0,0,0,0,0,0,0,0,0,0,0,0,0,0,-25,1,-28,-1,-19,-4,-24,-5,-23,-5,-24,-5,-19,-5,-21,-3,-23,-7,-22,-4,-23,-8,-29,-7,-23,-10,-26,-8,-24,-7,-27,-9,-23,-12,-21,-14,-19,-14,-19,-16,-14,-11,-11,-13,-12,-6,-5,-7,-8,-2,-9,-2,-5,2,-7,7,-8,12,-8,21,-11,23,-10,29,-15,31,-18,30,-23,34,-25,37,-30,40,-29,40,-40,44,-39,43,-42,42,-41,43,-45,42,-46,42,-42,46,-55,52,-51,48,-50,50,-58,53,-58,49,-60,50,-64,48,-68,48,-62,44,-74,48,-75,40,-68,39,0,0]",1
CSI_DATA,53022,1a:00:00:00:00:00,-32,11,1,0,1,1,1,0,0,0,1,-97,0,11,2,714020478,0,44,0,384,0,"[0,0,0,0,0,0,0,0,0,0,0,0,-1,-13,-1,-12,-1,-12,-1,-12,-2,-12,-1,-12,-1,-11,-1,-11,-2,-10,-2,-10,-3,-10,-3,-9,-4,-9,-4,-8,-5,-8,-6,-8,-6,-8,-7,-8,-7,-8,-8,-9,-8,-9,-8,-9,-9,-9,-9,-9,-9,-10,-9,-10,0,0,-9,-10,-8,-10,-8,-10,-8,-10,-8,-10,-8,-10,-7,-9,-7,-9,-8,-9,-8,-9,-9,-9,-9,-9,-9,-9,-9,-9,-8,-10,-8,-10,-8,-10,-7,-10,-7,-10,-6,-11,-5,-11,-5,-11,-4,-11,-4,-10,-2,-11,-2,-10,0,0,0,0,0,0,0,0,0,0,0,0,0,0,-63,34,-57,32,-53,33,-52,33,-54,37,-50,35,-47,37,-48,37,-46,39,-43,37,-39,34,-38,36,-39,41,-34,36,-32,34,-25,39,-24,43,-25,43,-22,42,-16,44,-14,47,-14,52,-13,53,-13,54,-11,54,-15,59,-12,62,-14,63,-13,64,-16,65,-20,68,-21,68,-19,62,-19,59,-19,63,-22,57,-17,55,-19,55,-14,54,-13,57,-14,55,-16,54,-15,59,-13,62,-14,57,-12,58,-15,60,-21,60,-19,55,-19,51,-26,55,-26,49,-33,51,-33,48,-32,42,-35,38,-36,33,0,0,0,0,0,0,0,0,0,0,0,0,0,0,0,0,0,0,0,0,0,0,2,-26,3,-23,7,-27,4,-26,3,-24,5,-20,3,-21,5,-22,6,-24,6,-24,6,-24,6,-22,10,-25,9,-25,12,-24,12,-25,12,-24,19,-23,12,-20,14,-18,15,-13,7,-14,7,-9,4,-8,3,-9,-2,-6,-3,-6,-12,-5,-14,-9,-19,-9,-24,-9,-27,-14,-31,-19,-36,-20,-38,-23,-40,-29,-42,-29,-41,-33,-42,-38,-47,-40,-45,-44,-46,-41,-47,-46,-47,-50,-47,-47,-44,-46,-50,-48,-52,-53,-54,-56,-53,-55,-50,-58,-51,-64,-50,-69,-48,-63,-52,-70,-43,-73,-43,-68,0,0]",1
CSI_DATA,53023,1a:00:00:00:00:00,-32,11,1,0,1,1,1,0,0,0,1,-97,0,11,2,714040490,0,44,0,384,0,"[0,0,0,0,0,0,0,0,0,0,0,0,-5,11,-4,10,-4,10,-4,10,-4,10,-4,10,-3,10,-3,9,-3,9,-2,8,-2,9,-1,8,-1,8,0,8,1,8,1,8,2,8,2,9,3,9,3,9,3,10,3,10,3,10,4,11,4,11,4,11,0,0,3,12,3,11,2,11,2,11,2,10,2,10,2,10,3,10,3,10,3,10,3,10,3,10,3,10,3,10,3,11,2,11,2,11,2,11,1,11,1,11,0,11,-1,11,-2,10,-2,10,-3,9,-3,8,0,0,0,0,0,0,0,0,0,0,0,0,0,0,68,-23,63,-23,66,-23,59,-27,55,-21,60,-24,54,-24,57,-28,50,-25,51,-30,49,-30,49,-27,48,-32,40,-29,41,-28,37,-30,35,-37,32,-33,33,-36,30,-42,24,-45,27,-46,29,-46,24,-49,27,-52,26,-52,29,-55,32,-58,34,-60,31,-60,36,-57,42,-59,39,-54,36,-59,36,-52,37,-53,34,-50,32,-49,32,-51,30,-51,28,-46,30,-52,31,-52,27,-53,30,-52,33,-53,38,-54,37,-49,38,-47,41,-44,41,-42,42,-39,44,-37,45,-35,47,-29,44,-24,44,-16,0,0,0,0,0,0,0,0,0,0,0,0,0,0,0,0,0,0,0,0,0,0,-2,25,-3,24,-5,24,-12,22,-7,20,-12,21,-9,22,-11,21,-11,23,-7,21,-15,24,-12,22,-9,24,-13,25,-15,22,-15,22,-16,18,-14,16,-18,17,-17,14,-15,16,-14,10,-9,6,-9,6,-4,6,-2,6,4,5,10,4,16,6,18,10,20,10,28,13,26,19,30,24,35,27,36,29,34,36,38,41,34,44,37,47,38,48,40,49,35,53,38,54,36,52,42,56,38,56,44,60,42,63,39,64,40,72,38,73,37,76,34,74,31,79,29,77,31,79,0,0]",1
CSI_DATA,53024,1a:00:00:00:00:00,-32,11,1,0,1,1,1,0,0,0,1,-97,0,11,2,714050488,0,44,0,384,0,"[0,0,0,0,0,0,0,0,0,0,0,0,-12,-4,-12,-4,-11,-3,-12,-3,-11,-3,-12,-3,-11,-3,-10,-3,-10,-2,-10,-2,-10,-2,-10,-1,-9,-1,-9,0,-9,1,-9,2,-10,2,-10,3,-10,4,-10,4,-10,4,-11,4,-11,4,-11,4,-12,4,-12,4,0,0,-13,4,-12,3,-12,3,-12,3,-12,3,-11,3,-11,3,-11,3,-11,3,-10,3,-11,4,-11,3,-11,3,-12,4,-11,3,-12,3,-12,3,-12,2,-12,2,-12,1,-12,0,-12,0,-11,-1,-11,-1,-10,-3,-10,-3,0,0,0,0,0,0,0,0,0,0,0,0,0,0,24,68,24,62,30,61,29,54,31,54,33,53,31,55,30,55,32,51,33,47,34,45,30,45,31,41,35,37,33,39,35,32,36,30,37,25,37,26,43,22,47,22,47,22,52,20,56,16,58,17,57,22,61,19,60,18,60,24,60,22,66,25,62,26,60,26,60,26,57,25,57,26,49,25,53,24,53,23,55,19,52,18,54,21,54,19,58,19,56,22,56,24,52,24,56,28,49,28,50,27,51,29,46,34,45,41,41,38,38,40,32,38,29,40,0,0,0,0,0,0,0,0,0,0,0,0,0,0,0,0,0,0,0,0,0,0,-28,-2,-26,-7,-24,-8,-24,-9,-27,-10,-23,-8,-21,-8,-19,-12,-24,-9,-23,-10,-24,-14,-24,-12,-24,-16,-25,-15,-19,-14,-22,-18,-20,-19,-17,-17,-17,-18,-17,-17,-10,-16,-12,-13,-7,-13,-11,-8,-4,-4,-7,-1,-7,3,-6,8,-10,9,-7,15,-16,20,-18,25,-19,28,-23,30,-28,34,-33,32,-34,33,-40,35,-40,40,-44,40,-47,40,-50,39,-51,36,-50,36,-49,40,-51,39,-53,40,-59,45,-62,43,-66,42,-67,42,-72,41,-71,41,-72,39,-76,34,-77,36,-73,32,0,0]",1
CSI_DATA,53025,1a:00:00:00:00:00,-32,11,1,0,1,1,1,0,0,0,1,-97,0,11,2,714060487,0,44,0,384,0,"[0,0,0,0,0,0,0,0,0,0,0,0,6,-11,5,-11,5,-11,5,-11,5,-11,5,-10,4,-10,4,-10,4,-9,3,-9,3,-9,2,-9,1,-9,1,-9,0,-9,-1,-9,-1,-10,-1,-10,-2,-11,-2,-11,-2,-11,-2,-12,-2,-12,-2,-12,-2,-13,-2,-13,0,0,-1,-13,-2,-13,-1,-13,-1,-13,-1,-12,-1,-12,-1,-11,-1,-11,-2,-11,-2,-11,-2,-12,-2,-12,-2,-12,-2,-12,-2,-12,-1,-12,-1,-12,0,-12,0,-12,1,-12,2,-12,2,-11,3,-11,3,-10,4,-10,4,-9,0,0,0,0,0,0,0,0,0,0,0,0,0,0,-69,22,-63,22,-57,25,-56,25,-55,26,-53,24,-54,30,-55,30,-52,28,-49,29,-49,27,-49,27,-44,31,-39,29,-39,29,-39,27,-34,31,-27,34,-28,34,-23,38,-24,42,-23,43,-25,48,-19,47,-27,50,-25,55,-23,54,-29,54,-26,57,-28,64,-29,55,-32,59,-32,52,-33,54,-34,51,-34,50,-30,49,-29,48,-30,48,-26,49,-27,46,-25,50,-29,51,-26,52,-28,51,-27,49,-33,51,-33,47,-35,46,-37,47,-38,47,-39,39,-38,38,-47,35,-41,29,-39,26,-44,25,0,0,0,0,0,0,0,0,0,0,0,0,0,0,0,0,0,0,0,0,0,0,3,-24,5,-24,5,-25,6,-25,7,-23,11,-20,8,-22,6,-25,7,-22,6,-21,7,-20,9,-21,12,-21,12,-28,11,-24,14,-23,14,-23,18,-19,12,-18,14,-17,11,-12,11,-11,10,-12,8,-9,2,-8,0,-4,-6,-4,-8,-7,-12,-8,-21,-9,-22,-12,-25,-16,-29,-16,-33,-22,-34,-24,-35,-30,-38,-33,-38,-37,-36,-40,-37,-39,-41,-47,-39,-48,-37,-49,-39,-50,-37,-50,-43,-54,-42,-55,-43,-54,-45,-57,-46,-63,-37,-64,-43,-65,-38,-71,-37,-70,-44,-75,-35,-69,-31,-75,0,0]",1
CSI_DATA,53026,1a:00:00:00:00:00,-32,11,1,0,1,1,1,0,0,0,1,-97,0,11,2,714080487,0,44,0,384,0,"[0,0,0,0,0,0,0,0,0,0,0,0,-7,9,-7,9,-7,9,-7,9,-7,9,-6,9,-6,9,-6,8,-5,8,-5,8,-4,8,-3,8,-3,8,-2,8,-2,8,-1,9,-1,9,0,9,0,10,0,10,0,10,1,11,1,11,1,12,1,12,1,12,0,0,0,12,0,12,0,12,0,12,0,11,0,11,0,10,0,10,0,10,1,10,1,10,1,11,1,11,1,11,0,11,0,11,0,11,-1,11,-1,11,-2,11,-3,11,-3,10,-4,10,-4,9,-5,9,-5,8,0,0,0,0,0,0,0,0,0,0,0,0,0,0,69,-1,65,-6,67,-6,64,-9,62,-10,62,-8,60,-9,61,-9,59,-12,55,-14,52,-10,53,-13,50,-14,51,-17,44,-16,44,-20,40,-23,38,-25,37,-27,36,-29,35,-37,34,-38,33,-40,40,-43,38,-43,36,-46,40,-48,41,-48,41,-45,42,-51,43,-47,48,-50,44,-44,43,-46,45,-44,45,-39,42,-39,37,-37,36,-40,39,-43,34,-39,36,-41,38,-45,35,-45,37,-45,43,-44,41,-42,42,-43,41,-36,45,-35,48,-33,48,-30,51,-28,48,-27,48,-20,45,-20,47,-12,0,0,0,0,0,0,0,0,0,0,0,0,0,0,0,0,0,0,0,0,0,0,-11,18,-15,19,-14,21,-17,16,-16,17,-13,14,-19,13,-21,15,-15,14,-17,17,-19,15,-19,14,-21,16,-21,15,-20,16,-21,12,-19,11,-22,7,-21,6,-20,5,-15,5,-13,4,-14,5,-7,5,-7,2,-3,1,3,4,3,7,13,8,15,15,14,21,18,22,19,26,22,35,23,36,19,40,20,43,24,48,24,49,21,51,23,54,19,57,20,59,18,61,18,58,21,60,19,66,16,70,17,72,19,69,16,74,17,75,11,83,8,76,10,80,8,79,1,80,0,0]",1
CSI_DATA,53027,1a:00:00:00:00:00,-32,11,1,0,1,1,1,0,0,0,1,-97,0,11,2,714090634,0,44,0,384,0,"[0,0,0,0,0,0,0,0,0,0,0,0,0,-13,0,-12,-1,-12,-1,-12,-1,-12,-1,-12,-1,-11,-1,-11,-1,-10,-2,-10,-2,-10,-3,-9,-3,-9,-4,-8,-4,-8,-5,-8,-5,-8,-6,-8,-7,-8,-7,-9,-7,-9,-7,-9,-8,-10,-8,-10,-8,-10,-8,-10,0,0,-8,-11,-8,-11,-7,-11,-7,-11,-7,-10,-7,-10,-6,-10,-7,-9,-7,-9,-7,-9,-8,-9,-8,-9,-8,-9,-8,-10,-7,-10,-7,-11,-7,-10,-7,-11,-6,-11,-5,-11,-4,-12,-4,-11,-3,-11,-3,-11,-2,-11,-1,-10,0,0,0,0,0,0,0,0,0,0,0,0,0,0,-55,44,-47,39,-48,45,-46,41,-43,44,-43,46,-42,44,-42,49,-38,42,-37,48,-36,45,-33,40,-29,39,-29,40,-25,41,-23,41,-21,42,-12,44,-12,45,-12,44,-10,50,-7,51,-6,52,-5,55,-5,57,-4,59,-7,64,-3,63,-2,63,-5,68,-7,65,-15,66,-13,62,-10,64,-13,57,-14,57,-12,55,-10,54,-13,53,-7,53,-9,55,-3,57,-5,58,-8,56,-5,60,-7,60,-13,60,-13,57,-17,55,-17,50,-22,54,-23,49,-30,49,-31,45,-29,44,-28,39,-31,32,0,0,0,0,0,0,0,0,0,0,0,0,0,0,0,0,0,0,0,0,0,0,-9,-24,-3,-23,-2,-26,0,-24,-3,-23,2,-23,0,-19,-1,-21,3,-23,1,-24,-1,-23,3,-25,-1,-29,1,-28,6,-27,3,-26,7,-26,8,-22,10,-23,6,-18,5,-16,9,-16,8,-10,2,-10,1,-5,-4,-7,-6,-3,-11,-4,-12,-5,-21,0,-27,-2,-28,-6,-36,-7,-37,-11,-43,-16,-42,-14,-43,-16,-48,-23,-50,-22,-54,-24,-55,-28,-52,-28,-54,-34,-54,-31,-51,-37,-56,-35,-60,-35,-57,-40,-57,-44,-58,-44,-59,-47,-62,-45,-63,-51,-60,-50,-60,-57,-64,-58,-54,-58,0,0]",1
CSI_DATA,53028,1a:00:00:00:00:00,-32,11,1,0,1,1,1,0,0,0,1,-97,0,11,2,714100482,0,44,0,384,0,"[0,0,0,0,0,0,0,0,0,0,0,0,9,-8,8,-8,8,-8,8,-8,8,-8,8,-8,7,-8,7,-7,7,-7,6,-7,6,-7,5,-8,4,-8,4,-8,3,-8,3,-9,2,-9,2,-10,2,-10,2,-11,2,-11,2,-11,2,-12,2,-12,2,-13,2,-13,0,0,3,-13,3,-13,3,-12,3,-12,3,-11,3,-11,2,-11,2,-11,2,-11,2,-11,1,-11,2,-12,2,-12,2,-12,2,-12,2,-11,3,-12,3,-11,4,-11,4,-11,5,-10,5,-10,6,-9,6,-8,6,-8,6,-7,0,0,0,0,0,0,0,0,0,0,0,0,0,0,-68,-13,-71,-12,-68,-6,-66,-8,-62,-3,-63,-6,-60,-4,-62,-4,-62,2,-60,1,-60,0,-56,4,-54,4,-57,7,-49,6,-48,10,-49,10,-45,14,-43,18,-42,20,-44,29,-42,31,-45,36,-43,33,-50,33,-49,41,-50,36,-53,34,-56,37,-55,35,-56,38,-59,34,-56,35,-51,36,-53,32,-54,27,-49,30,-47,29,-49,31,-46,33,-46,31,-47,33,-51,29,-49,35,-50,35,-52,36,-53,33,-53,34,-53,28,-51,26,-58,24,-55,17,-56,19,-55,10,-56,6,-50,7,-49,2,0,0,0,0,0,0,0,0,0,0,0,0,0,0,0,0,0,0,0,0,0,0,17,-20,19,-16,14,-17,20,-14,16,-12,17,-14,20,-12,16,-10,21,-13,18,-15,21,-13,19,-10,22,-12,22,-13,23,-14,21,-11,24,-10,27,-10,26,-5,22,-5,16,-5,18,-5,10,1,11,-3,6,-5,2,-5,1,-8,-4,-9,-10,-12,-10,-19,-14,-23,-14,-24,-18,-29,-17,-36,-14,-42,-16,-43,-15,-47,-14,-53,-8,-54,-13,-58,-10,-59,-9,-57,-8,-63,-9,-67,-11,-66,-9,-64,-10,-70,-7,-74,-8,-76,-7,-76,2,-78,-2,-79,-1,-85,4,-80,6,-83,2,-81,8,-82,0,0]",1
CSI_DATA,53029,1a:00:00:00:00:00,-32,11,1,0,1,1,1,0,0,0,1,-97,0,11,2,714120495,0,44,0,384,0,"[0,0,0,0,0,0,0,0,0,0,0,0,-12,3,-11,3,-11,4,-11,4,-11,4,-11,4,-10,3,-10,3,-9,3,-9,4,-9,4,-8,4,-7,5,-7,5,-7,5,-6,6,-6,6,-6,7,-6,8,-6,8,-6,8,-6,9,-7,9,-7,9,-7,10,-7,10,0,0,-8,9,-8,9,-7,9,-8,9,-7,8,-7,8,-7,8,-7,8,-6,8,-6,8,-6,9,-6,9,-6,9,-6,9,-7,9,-7,8,-8,8,-8,8,-8,7,-9,7,-9,6,-9,6,-10,5,-9,4,-10,4,-9,3,0,0,0,0,0,0,0,0,0,0,0,0,0,0,70,31,67,32,64,25,61,19,62,17,62,18,58,18,59,14,58,15,60,13,55,11,55,11,53,6,50,2,49,3,45,2,47,-4,46,-6,46,-8,45,-15,50,-18,50,-18,52,-21,49,-22,55,-20,52,-27,60,-23,60,-25,59,-26,62,-24,63,-25,66,-19,62,-21,60,-20,58,-18,60,-14,58,-17,53,-14,54,-20,50,-21,51,-20,55,-21,58,-21,52,-24,55,-22,57,-21,58,-16,59,-15,57,-15,57,-12,60,-12,56,-7,56,-3,57,6,55,5,51,10,49,12,0,0,0,0,0,0,0,0,0,0,0,0,0,0,0,0,0,0,0,0,0,0,-21,16,-21,14,-17,10,-23,13,-20,9,-21,6,-16,10,-23,10,-20,10,-23,11,-25,9,-24,6,-25,8,-24,5,-25,7,-26,6,-25,1,-27,3,-21,3,-23,0,-19,-2,-17,-2,-12,1,-9,-2,-7,-1,-5,4,-2,6,1,11,-1,12,6,18,9,25,9,27,9,29,8,39,7,40,5,42,3,47,1,51,-1,59,-2,57,0,56,-3,60,-5,63,-9,63,-3,63,-4,69,-7,72,-5,72,-11,73,-11,76,-16,78,-14,77,-17,84,-18,80,-24,80,-25,80,-27,72,0,0]",1
CSI_DATA,53030,1a:00:00:00:00:00,-32,11,1,0,1,1,1,0,0,0,1,-97,0,11,2,714130500,0,44,0,384,0,"[0,0,0,0,0,0,0,0,0,0,0,0,-1,-13,-1,-13,-1,-12,-1,-12,-1,-12,-1,-12,-1,-11,-1,-11,-1,-11,-2,-10,-2,-10,-3,-9,-3,-9,-4,-9,-4,-9,-5,-8,-5,-8,-6,-8,-7,-8,-7,-9,-7,-9,-8,-9,-7,-9,-8,-10,-8,-10,-8,-10,0,0,-8,-11,-7,-11,-7,-11,-7,-10,-7,-10,-7,-10,-6,-10,-7,-9,-7,-9,-7,-9,-8,-9,-8,-9,-7,-9,-8,-10,-7,-10,-7,-11,-7,-11,-6,-11,-5,-11,-5,-11,-4,-12,-3,-11,-3,-11,-2,-11,-1,-11,-1,-10,0,0,0,0,0,0,0,0,0,0,0,0,0,0,-54,48,-52,43,-54,45,-45,48,-42,48,-42,44,-40,46,-44,47,-42,45,-39,44,-36,46,-35,46,-32,43,-29,40,-24,40,-23,42,-20,42,-17,45,-13,46,-12,47,-11,53,-3,52,-6,52,-3,58,-4,58,-4,59,-3,61,-2,63,-5,66,-4,70,-6,65,-10,65,-11,65,-7,66,-11,61,-12,60,-8,58,-9,58,-6,56,-4,56,-3,56,-7,57,-2,60,-1,63,-5,62,-3,61,-7,62,-11,59,-14,60,-13,58,-16,58,-20,57,-24,51,-23,51,-26,48,-27,46,-30,37,0,0,0,0,0,0,0,0,0,0,0,0,0,0,0,0,0,0,0,0,0,0,-4,-30,-2,-22,-2,-26,1,-26,0,-24,-1,-25,-1,-20,4,-22,4,-26,1,-24,1,-21,6,-25,4,-27,7,-25,6,-26,6,-27,8,-24,9,-22,10,-23,12,-18,11,-16,6,-12,7,-10,1,-11,-1,-4,0,-5,-3,-5,-9,-4,-15,-1,-19,-2,-24,-1,-33,-7,-32,-9,-38,-7,-44,-17,-45,-13,-45,-18,-49,-23,-52,-27,-54,-27,-56,-29,-56,-32,-52,-35,-55,-34,-51,-34,-58,-34,-63,-39,-64,-41,-61,-47,-64,-47,-60,-50,-67,-51,-62,-54,-59,-54,-65,-61,-62,-57,-59,-58,0,0]",1
CSI_DATA,53031,1a:00:00:00:00:00,-32,11,1,0,1,1,1,0,0,0,1,-97,0,11,2,714140490,0,44,0,384,0,"[0,0,0,0,0,0,0,0,0,0,0,0,12,1,12,1,12,0,12,1,12,1,11,0,11,0,10,0,10,0,10,0,9,-1,9,-2,8,-2,8,-3,8,-3,8,-5,8,-5,8,-6,8,-6,9,-6,9,-6,9,-7,10,-7,10,-8,10,-8,10,-7,0,0,11,-7,10,-7,10,-7,10,-7,10,-6,10,-6,9,-6,9,-6,9,-7,9,-7,9,-8,9,-7,9,-7,9,-7,10,-7,10,-7,10,-7,10,-6,10,-6,10,-5,11,-4,11,-3,11,-3,10,-2,10,-1,9,-1,0,0,0,0,0,0,0,0,0,0,0,0,0,0,-45,-58,-36,-57,-42,-53,-40,-51,-41,-49,-42,-50,-43,-46,-43,-48,-41,-47,-41,-47,-39,-41,-41,-41,-40,-40,-39,-31,-44,-32,-44,-25,-44,-24,-44,-18,-47,-21,-45,-13,-51,-12,-50,-13,-53,-11,-54,-11,-56,-12,-58,-10,-61,-13,-66,-9,-64,-11,-69,-8,-65,-15,-66,-16,-63,-17,-60,-17,-59,-15,-64,-22,-60,-14,-54,-17,-54,-13,-57,-12,-53,-9,-59,-11,-59,-10,-63,-11,-60,-14,-58,-16,-60,-15,-60,-17,-57,-22,-56,-22,-51,-23,-52,-25,-51,-28,-46,-33,-45,-34,-39,-34,-35,-36,0,0,0,0,0,0,0,0,0,0,0,0,0,0,0,0,0,0,0,0,0,0,26,-4,24,0,25,3,22,2,21,4,22,4,23,3,22,4,24,5,21,5,24,7,23,4,21,6,25,3,23,6,19,6,25,11,22,11,21,11,15,11,15,11,10,8,12,7,7,4,6,3,8,0,5,-2,2,-8,3,-14,2,-22,4,-26,4,-30,9,-34,10,-34,19,-39,22,-42,21,-43,24,-50,30,-50,33,-51,32,-49,34,-51,37,-52,41,-52,39,-54,42,-58,44,-57,45,-58,46,-62,49,-60,48,-61,55,-60,58,-61,56,-59,64,-56,61,-53,66,-50,0,0]",1
CSI_DATA,53032,1a:00:00:00:00:00,-32,11,1,0,1,1,1,0,0,0,1,-97,0,11,2,714160492,0,44,0,384,0,"[0,0,0,0,0,0,0,0,0,0,0,0,-12,-5,-12,-5,-12,-5,-12,-5,-11,-5,-11,-4,-11,-4,-10,-4,-10,-4,-10,-3,-10,-2,-9,-2,-9,-1,-9,0,-9,0,-10,1,-10,1,-10,2,-10,2,-11,2,-11,2,-11,3,-11,3,-12,3,-12,3,-12,3,0,0,-13,2,-13,2,-12,2,-12,2,-12,2,-12,1,-11,1,-11,2,-11,2,-11,3,-11,3,-11,3,-11,3,-11,3,-12,2,-12,2,-12,2,-12,1,-12,1,-12,0,-12,-1,-12,-2,-11,-2,-11,-2,-10,-3,-9,-3,0,0,0,0,0,0,0,0,0,0,0,0,0,0,8,71,8,65,10,62,15,65,18,65,13,58,17,59,17,62,18,57,18,60,18,50,17,53,18,51,19,47,20,42,26,41,25,38,31,34,34,34,37,30,39,33,45,33,45,28,46,35,45,31,53,36,53,36,49,33,53,36,55,34,57,37,55,41,51,40,50,37,48,36,49,37,46,34,43,35,42,30,49,31,46,31,46,27,53,29,51,28,52,30,49,29,47,37,51,35,44,41,42,36,42,45,40,41,37,47,32,46,27,46,25,44,19,47,0,0,0,0,0,0,0,0,0,0,0,0,0,0,0,0,0,0,0,0,0,0,-25,-11,-22,-15,-21,-13,-16,-16,-18,-16,-15,-16,-16,-16,-16,-18,-19,-18,-17,-15,-16,-17,-19,-17,-19,-15,-20,-20,-16,-23,-17,-21,-15,-20,-16,-22,-8,-20,-8,-19,-7,-18,-8,-16,-8,-16,-6,-8,-6,-3,-7,-1,-7,4,-9,10,-8,12,-11,14,-17,19,-23,20,-26,24,-32,23,-33,24,-43,26,-41,26,-43,29,-49,29,-55,31,-55,27,-55,31,-58,27,-56,28,-56,24,-62,32,-65,29,-68,27,-72,25,-72,27,-71,29,-79,31,-82,22,-79,17,-82,24,-82,16,-77,19,0,0]",1
CSI_DATA,53033,1a:00:00:00:00:00,-32,11,1,0,1,1,1,0,0,0,1,-97,0,11,2,714170482,0,44,0,384,0,"[0,0,0,0,0,0,0,0,0,0,0,0,8,-10,7,-10,7,-10,7,-10,6,-9,7,-9,6,-9,6,-9,5,-9,5,-8,4,-9,3,-9,3,-8,2,-9,2,-9,1,-9,1,-10,0,-10,0,-10,0,-11,0,-11,0,-12,0,-12,-1,-12,0,-13,0,-13,0,0,0,-13,1,-13,1,-12,1,-12,1,-12,1,-11,1,-11,0,-11,0,-11,0,-11,-1,-12,-1,-12,0,-12,0,-12,0,-12,1,-12,1,-12,1,-12,2,-12,3,-11,3,-12,4,-11,4,-10,5,-10,5,-9,5,-8,0,0,0,0,0,0,0,0,0,0,0,0,0,0,-76,-2,-68,1,-66,2,-64,1,-67,4,-63,7,-64,8,-64,8,-60,8,-58,10,-56,7,-56,8,-53,12,-53,14,-46,14,-47,19,-46,21,-46,23,-42,25,-41,26,-43,30,-39,34,-37,36,-39,39,-44,39,-49,41,-43,42,-44,42,-47,44,-49,49,-49,45,-50,43,-51,39,-47,40,-51,37,-45,36,-47,36,-43,37,-44,38,-44,39,-41,38,-43,42,-41,40,-40,45,-46,39,-45,42,-49,38,-48,37,-49,35,-46,31,-56,31,-55,24,-52,23,-53,20,-52,15,-53,12,-50,5,0,0,0,0,0,0,0,0,0,0,0,0,0,0,0,0,0,0,0,0,0,0,11,-22,18,-19,15,-22,17,-17,12,-18,15,-19,18,-13,16,-15,17,-15,16,-18,17,-15,21,-15,20,-16,17,-18,18,-16,22,-14,20,-13,19,-12,20,-7,18,-8,18,-7,15,-6,9,-5,7,-7,9,-4,1,-4,-2,-7,-6,-10,-10,-9,-12,-16,-17,-21,-17,-24,-20,-29,-20,-32,-22,-37,-21,-44,-23,-42,-24,-49,-24,-53,-24,-53,-22,-57,-17,-55,-20,-61,-20,-62,-18,-63,-18,-70,-19,-68,-21,-70,-20,-77,-21,-73,-23,-78,-18,-80,-18,-80,-10,-81,-12,-84,-6,-85,-2,-79,0,0]",1
CSI_DATA,53034,1a:00:00:00:00:00,-32,11,1,0,1,1,1,0,0,0,1,-97,0,11,2,714180487,0,44,0,384,0,"[0,0,0,0,0,0,0,0,0,0,0,0,7,9,7,9,7,9,7,9,7,8,7,8,6,8,6,7,6,7,6,6,6,6,7,5,7,5,7,4,8,4,8,2,8,2,9,2,9,2,10,2,10,2,10,2,11,2,11,1,12,2,11,2,0,0,12,3,11,2,11,2,11,3,10,3,10,3,10,2,10,2,10,2,10,1,10,1,11,1,11,1,11,1,11,2,11,2,11,2,11,3,10,3,10,4,10,5,9,5,9,5,8,5,7,6,6,6,0,0,0,0,0,0,0,0,0,0,0,0,0,0,12,-72,14,-69,16,-70,6,-69,9,-66,9,-66,2,-62,1,-64,1,-61,2,-61,1,-56,2,-56,-3,-56,-2,-52,-3,-52,-9,-48,-12,-46,-16,-46,-18,-44,-22,-42,-28,-45,-29,-42,-35,-48,-32,-41,-33,-47,-36,-51,-35,-50,-41,-53,-36,-51,-42,-55,-36,-54,-33,-62,-32,-57,-33,-53,-30,-52,-31,-59,-29,-52,-26,-51,-27,-46,-31,-47,-29,-44,-35,-50,-34,-50,-33,-47,-34,-52,-40,-49,-36,-53,-33,-55,-25,-54,-26,-55,-23,-55,-14,-55,-16,-56,-9,-53,-7,-56,-7,-51,3,-50,0,0,0,0,0,0,0,0,0,0,0,0,0,0,0,0,0,0,0,0,0,0,18,15,13,18,15,21,9,17,13,21,11,19,10,19,11,20,14,17,7,20,9,19,13,19,9,21,11,23,10,22,6,24,9,25,3,23,1,24,2,18,-1,17,-1,14,0,11,0,9,2,5,4,0,2,-5,8,-3,15,-8,17,-12,20,-14,23,-14,33,-12,36,-17,40,-13,42,-12,46,-12,49,-11,56,-12,56,-11,59,-10,59,-10,64,-8,63,-7,68,-7,62,-8,68,-6,72,-6,77,-5,77,-3,78,-1,80,-1,81,1,79,7,84,5,83,10,80,10,0,0]",1
CSI_DATA,53035,1a:00:00:00:00:00,-32,11,1,0,1,1,1,0,0,0,1,-97,0,11,2,714200480,0,44,0,384,0,"[0,0,0,0,0,0,0,0,0,0,0,0,-2,-13,-3,-12,-3,-12,-3,-12,-3,-12,-3,-12,-3,-11,-2,-11,-3,-10,-3,-9,-4,-9,-4,-9,-5,-8,-5,-8,-6,-8,-6,-7,-7,-7,-7,-7,-8,-7,-8,-8,-8,-8,-9,-8,-9,-8,-10,-8,-10,-8,-10,-9,0,0,-10,-9,-9,-9,-9,-9,-9,-9,-8,-9,-8,-9,-8,-8,-8,-8,-8,-8,-9,-7,-9,-7,-9,-7,-10,-8,-10,-8,-9,-8,-9,-9,-9,-9,-9,-9,-8,-10,-7,-10,-7,-11,-6,-11,-5,-10,-5,-10,-4,-10,-3,-10,0,0,0,0,0,0,0,0,0,0,0,0,0,0,-50,48,-47,47,-45,50,-38,46,-37,47,-43,47,-39,48,-38,53,-36,45,-34,52,-31,46,-29,43,-30,43,-24,44,-21,45,-20,43,-18,43,-17,44,-10,46,-6,45,-4,49,-2,50,2,51,0,53,0,55,4,56,1,62,5,64,1,64,-3,64,-6,62,-5,66,-4,64,-5,62,-6,63,-4,60,0,56,-4,56,0,52,0,54,2,53,5,57,-2,60,1,56,3,59,1,58,1,60,-2,61,-6,56,-3,54,-8,58,-10,57,-14,53,-21,51,-21,50,-24,42,-27,42,0,0,0,0,0,0,0,0,0,0,0,0,0,0,0,0,0,0,0,0,0,0,-3,-23,-2,-25,-1,-20,2,-26,2,-21,1,-21,1,-18,-1,-23,3,-20,4,-25,3,-21,0,-25,5,-25,4,-25,7,-25,7,-24,7,-26,7,-22,6,-22,8,-18,5,-14,6,-14,7,-14,4,-10,0,-11,-2,-2,-2,-3,-11,0,-16,-2,-19,-1,-25,-2,-30,-4,-30,-9,-35,-10,-41,-8,-44,-16,-44,-15,-49,-20,-47,-23,-50,-27,-53,-22,-53,-24,-52,-32,-57,-29,-56,-29,-56,-30,-58,-34,-58,-32,-60,-39,-62,-40,-64,-41,-62,-44,-64,-46,-59,-48,-63,-55,-62,-56,-58,-51,0,0]",1
CSI_DATA,53036,1a:00:00:00:00:00,-32,11,1,0,1,1,1,0,0,0,1,-97,0,11,2,714210496,0,44,0,384,0,"[0,0,0,0,0,0,0,0,0,0,0,0,11,4,11,3,11,3,11,3,11,3,10,3,10,3,10,2,9,2,9,2,9,1,9,0,8,0,8,-1,8,-1,9,-2,8,-3,9,-3,9,-4,10,-4,10,-4,10,-4,11,-5,11,-5,11,-5,11,-5,0,0,11,-4,12,-4,11,-4,11,-4,10,-3,10,-3,10,-3,10,-4,10,-4,10,-4,10,-5,10,-5,10,-5,10,-5,11,-4,10,-4,11,-4,11,-3,11,-3,11,-2,11,-1,11,0,11,0,10,1,10,1,9,2,0,0,0,0,0,0,0,0,0,0,0,0,0,0,-30,-67,-28,-68,-27,-58,-32,-59,-36,-58,-35,-56,-36,-56,-36,-53,-36,-53,-32,-49,-32,-49,-31,-45,-33,-46,-32,-42,-35,-37,-35,-37,-37,-34,-43,-31,-38,-26,-42,-24,-46,-23,-52,-23,-49,-21,-51,-24,-55,-22,-58,-25,-61,-26,-59,-23,-62,-26,-60,-22,-60,-26,-58,-31,-61,-33,-57,-31,-61,-32,-52,-28,-52,-28,-49,-25,-55,-28,-53,-24,-51,-23,-54,-21,-54,-25,-57,-23,-56,-25,-59,-26,-54,-30,-58,-31,-51,-30,-46,-35,-47,-37,-42,-37,-41,-42,-40,-41,-36,-43,-30,-42,-26,-41,0,0,0,0,0,0,0,0,0,0,0,0,0,0,0,0,0,0,0,0,0,0,24,2,23,4,21,6,19,7,20,6,19,4,21,7,18,8,22,7,21,9,24,9,22,7,18,10,24,12,20,12,20,15,23,10,22,14,14,13,11,11,12,14,10,10,7,8,7,5,8,1,3,-2,4,-5,4,-11,5,-15,4,-20,6,-26,6,-23,17,-31,18,-32,26,-37,24,-39,29,-42,33,-40,37,-40,39,-46,40,-41,43,-44,45,-40,50,-45,47,-43,44,-43,49,-48,56,-48,60,-52,59,-53,62,-48,67,-53,65,-45,71,-42,74,-47,71,-45,74,-39,0,0]",1
CSI_DATA,53037,1a:00:00:00:00:00,-32,11,1,0,1,1,1,0,0,0,1,-97,0,11,2,714230500,0,44,0,384,0,"[0,0,0,0,0,0,0,0,0,0,0,0,-7,-11,-7,-10,-8,-11,-7,-10,-7,-10,-7,-10,-7,-10,-7,-9,-6,-9,-7,-8,-7,-8,-7,-7,-7,-7,-8,-6,-8,-6,-9,-5,-9,-5,-10,-4,-10,-4,-11,-4,-11,-4,-11,-4,-12,-5,-12,-4,-12,-5,-12,-5,0,0,-12,-6,-12,-6,-11,-5,-12,-6,-11,-5,-11,-5,-10,-5,-10,-5,-10,-4,-11,-4,-11,-4,-11,-4,-11,-4,-11,-5,-12,-5,-11,-5,-12,-6,-11,-6,-11,-6,-10,-7,-10,-8,-9,-8,-9,-8,-8,-8,-7,-9,-6,-8,0,0,0,0,0,0,0,0,0,0,0,0,0,0,-20,66,-23,63,-21,64,-14,63,-12,59,-11,60,-11,65,-5,64,-11,60,-9,60,-7,53,-8,55,-2,54,-4,49,-2,48,0,48,5,49,9,45,9,48,15,43,18,47,20,46,26,49,27,46,23,49,27,52,28,54,27,56,30,58,28,56,26,59,25,61,23,58,26,60,18,57,19,57,21,52,19,53,22,48,24,50,23,48,25,45,26,52,28,52,26,53,25,50,22,56,21,52,16,56,15,57,14,57,6,55,5,54,3,52,-1,55,-7,49,-10,49,0,0,0,0,0,0,0,0,0,0,0,0,0,0,0,0,0,0,0,0,0,0,-13,-17,-17,-17,-15,-23,-13,-21,-12,-22,-9,-20,-9,-18,-8,-21,-12,-21,-11,-17,-9,-21,-9,-25,-9,-23,-10,-23,-8,-23,-6,-23,-8,-21,-6,-22,0,-20,-2,-16,-2,-16,-3,-14,-3,-13,-4,-7,-2,-9,-4,-1,-7,0,-13,6,-10,3,-17,10,-23,11,-27,9,-29,9,-35,9,-42,9,-42,9,-45,8,-52,4,-49,0,-59,6,-57,4,-63,1,-63,-1,-65,-1,-64,2,-69,-6,-67,3,-72,-2,-69,-5,-70,-4,-79,-7,-75,-6,-83,-10,-80,-14,-81,-14,-77,-15,-75,-19,0,0]",1
CSI_DATA,53038,1a:00:00:00:00:00,-32,11,1,0,1,1,1,0,0,0,1,-97,0,11,2,714240488,0,44,0,384,0,"[0,0,0,0,0,0,0,0,0,0,0,0,12,-5,11,-5,11,-5,11,-5,11,-5,10,-5,10,-5,10,-5,9,-5,9,-5,8,-6,7,-6,7,-6,6,-6,6,-7,6,-8,5,-8,5,-9,5,-9,5,-10,5,-10,5,-11,6,-11,5,-11,6,-12,6,-12,0,0,7,-11,7,-11,6,-11,7,-11,6,-10,6,-10,6,-10,5,-10,5,-10,5,-10,4,-11,5,-11,5,-11,5,-11,5,-11,6,-11,6,-11,6,-11,7,-10,7,-10,8,-9,8,-8,9,-8,8,-7,9,-6,8,-5,0,0,0,0,0,0,0,0,0,0,0,0,0,0,-65,-42,-61,-38,-62,-34,-58,-34,-60,-27,-57,-27,-61,-26,-60,-26,-62,-23,-54,-25,-56,-18,-59,-21,-54,-18,-51,-18,-51,-14,-49,-10,-48,-5,-50,0,-51,-2,-49,0,-53,6,-52,7,-54,11,-57,15,-57,13,-62,14,-63,14,-58,14,-68,15,-65,17,-66,16,-68,9,-69,12,-62,11,-66,10,-58,8,-62,7,-59,6,-58,7,-55,13,-57,14,-58,15,-61,18,-61,14,-59,12,-64,18,-59,10,-62,12,-55,8,-61,2,-59,3,-59,-3,-59,-6,-56,-7,-51,-12,-51,-17,-48,-15,0,0,0,0,0,0,0,0,0,0,0,0,0,0,0,0,0,0,0,0,0,0,21,-12,21,-10,21,-6,23,-6,21,-3,20,-3,20,-3,22,-3,21,-4,21,-6,24,0,26,-2,23,-3,23,-4,24,-3,24,-2,23,0,25,5,21,1,21,4,18,6,14,4,11,6,7,2,7,-2,7,-4,1,-7,-2,-13,-3,-14,-3,-17,-4,-26,-3,-30,-1,-35,-1,-38,0,-46,2,-47,5,-49,9,-52,7,-54,11,-57,13,-59,13,-62,18,-60,20,-67,18,-62,13,-63,18,-69,24,-67,19,-68,29,-75,28,-74,29,-77,34,-74,32,-75,38,-75,38,-71,38,-76,0,0]",1
CSI_DATA,53039,1a:00:00:00:00:00,-32,11,1,0,1,1,1,0,0,0,1,-97,0,11,2,714250503,0,44,0,384,0,"[0,0,0,0,0,0,0,0,0,0,0,0,-1,12,-1,12,0,12,-1,12,0,11,-1,11,0,11,0,10,0,10,0,9,1,9,1,9,1,8,2,8,3,8,4,8,4,8,4,8,5,8,5,9,5,9,6,9,6,9,6,9,6,10,6,10,0,0,6,10,6,10,5,10,5,10,5,10,5,10,5,9,5,9,5,8,5,8,6,9,6,9,6,9,6,9,5,10,5,10,5,10,4,10,4,10,3,10,2,11,2,10,1,10,0,10,-1,10,-1,9,0,0,0,0,0,0,0,0,0,0,0,0,0,0,56,-40,57,-35,57,-43,54,-42,51,-42,49,-42,47,-43,51,-42,44,-39,46,-40,45,-47,36,-36,35,-44,34,-39,38,-37,32,-41,24,-41,25,-43,20,-43,21,-45,19,-52,13,-53,15,-53,16,-53,12,-56,16,-61,15,-62,17,-61,16,-64,17,-65,20,-63,24,-66,25,-60,24,-62,21,-59,24,-55,21,-51,19,-55,15,-53,16,-55,18,-51,17,-54,20,-56,15,-62,15,-59,20,-59,20,-57,23,-58,25,-53,25,-55,29,-53,33,-48,33,-48,36,-41,37,-40,40,-36,40,-30,0,0,0,0,0,0,0,0,0,0,0,0,0,0,0,0,0,0,0,0,0,0,2,25,-4,27,-2,22,-8,22,-6,23,-4,21,-5,21,-6,23,-3,22,-6,22,-5,23,-6,19,-8,23,-5,26,-11,21,-9,23,-12,20,-12,20,-11,19,-11,15,-12,17,-10,13,-11,12,-5,6,-3,7,4,5,4,5,9,5,12,3,18,2,23,7,30,9,32,15,33,16,35,18,43,20,42,22,42,27,46,33,45,33,48,34,45,34,48,37,49,42,49,40,56,43,55,43,55,46,56,51,56,51,55,59,60,56,55,58,51,59,52,64,51,65,44,61,0,0]",1
CSI_DATA,53040,1a:00:00:00:00:00,-32,11,1,0,1,1,1,0,0,0,1,-97,0,11,2,714270487,0,44,0,384,0,"[0,0,0,0,0,0,0,0,0,0,0,0,5,-12,4,-12,4,-12,4,-12,4,-12,4,-11,4,-11,4,-10,3,-10,2,-10,2,-10,1,-10,1,-9,0,-9,-1,-10,-1,-10,-2,-10,-2,-10,-3,-10,-3,-11,-3,-11,-3,-11,-3,-11,-4,-12,-4,-12,-3,-12,0,0,-3,-13,-3,-12,-3,-12,-2,-12,-2,-12,-2,-11,-2,-11,-3,-11,-3,-11,-3,-10,-4,-11,-4,-11,-4,-11,-4,-11,-3,-12,-3,-12,-3,-12,-2,-12,-1,-12,-1,-12,0,-12,0,-11,1,-11,2,-10,2,-10,3,-9,0,0,0,0,0,0,0,0,0,0,0,0,0,0,-70,17,-67,17,-62,17,-62,21,-61,24,-56,22,-61,27,-59,25,-58,24,-54,24,-52,22,-50,21,-47,25,-45,23,-39,24,-42,28,-42,31,-35,36,-36,36,-33,35,-28,38,-29,44,-27,43,-30,48,-31,49,-29,54,-32,51,-33,53,-33,55,-35,57,-38,62,-42,53,-34,53,-37,48,-37,48,-37,48,-35,44,-32,42,-32,46,-30,49,-29,47,-30,47,-29,50,-27,50,-30,51,-29,52,-36,49,-36,51,-35,49,-36,44,-45,45,-43,38,-43,34,-47,31,-42,27,-42,24,-46,21,0,0,0,0,0,0,0,0,0,0,0,0,0,0,0,0,0,0,0,0,0,0,8,-24,10,-19,12,-20,14,-19,12,-19,13,-17,12,-13,13,-18,13,-20,11,-17,10,-15,10,-20,15,-19,14,-19,15,-20,18,-18,18,-16,18,-16,15,-12,16,-14,14,-9,8,-9,13,-6,9,-8,4,-6,-1,-6,-5,-6,-9,-10,-13,-11,-17,-9,-22,-16,-22,-20,-25,-23,-28,-25,-31,-28,-29,-36,-28,-38,-26,-40,-32,-45,-37,-50,-31,-51,-32,-51,-30,-53,-34,-57,-35,-54,-34,-55,-33,-57,-33,-64,-35,-66,-33,-69,-31,-70,-35,-73,-35,-75,-30,-74,-30,-79,-25,-78,-24,-77,0,0]",1
CSI_DATA,53041,1a:00:00:00:00:00,-32,11,1,0,1,1,1,0,0,0,1,-97,0,11,2,714280502,0,44,0,384,0,"[0,0,0,0,0,0,0,0,0,0,0,0,9,7,9,7,9,7,10,7,9,7,9,7,9,6,8,6,8,6,8,5,8,4,8,3,8,3,8,2,8,2,9,1,9,1,9,1,10,0,10,0,10,0,11,0,11,0,11,0,12,0,12,0,0,0,12,1,12,1,12,1,11,1,11,1,11,1,10,1,10,0,10,0,10,-1,10,-1,11,-1,11,-1,11,0,11,0,11,0,11,1,11,1,11,2,11,2,11,3,10,4,10,4,9,4,8,5,7,5,0,0,0,0,0,0,0,0,0,0,0,0,0,0,-1,-70,2,-68,-2,-66,-6,-63,-8,-61,-4,-63,-11,-66,-10,-62,-10,-62,-10,-62,-7,-63,-11,-54,-13,-52,-14,-48,-14,-50,-15,-51,-17,-48,-21,-43,-20,-44,-27,-43,-33,-42,-36,-43,-36,-43,-37,-43,-38,-45,-42,-47,-44,-45,-42,-46,-42,-48,-44,-50,-43,-51,-42,-52,-35,-52,-40,-56,-37,-50,-33,-52,-36,-45,-38,-45,-36,-44,-38,-41,-36,-38,-40,-41,-39,-40,-40,-41,-40,-45,-43,-45,-38,-47,-36,-49,-32,-46,-35,-50,-30,-55,-27,-50,-22,-55,-16,-53,-16,-54,-12,-48,-7,-45,0,0,0,0,0,0,0,0,0,0,0,0,0,0,0,0,0,0,0,0,0,0,20,16,20,15,14,16,14,15,15,17,14,14,15,14,12,16,11,13,11,17,13,15,14,16,14,16,13,21,14,20,14,21,11,22,12,19,9,21,4,20,2,14,4,15,3,6,5,8,3,5,4,1,5,-5,4,-5,14,-9,13,-14,21,-16,22,-16,29,-21,32,-22,35,-20,41,-19,45,-20,50,-22,52,-19,55,-18,54,-21,55,-16,57,-16,63,-13,64,-16,63,-18,66,-16,68,-17,73,-19,74,-14,77,-12,77,-11,78,-12,80,-8,81,-5,81,-3,82,-4,0,0]",1
CSI_DATA,53042,1a:00:00:00:00:00,-32,11,1,0,1,1,1,0,0,0,1,-97,0,11,2,714290477,0,44,0,384,0,"[0,0,0,0,0,0,0,0,0,0,0,0,-8,10,-7,9,-7,10,-7,9,-7,10,-7,9,-7,9,-6,9,-6,8,-5,8,-5,8,-4,8,-4,8,-3,8,-3,8,-2,9,-1,8,-1,9,0,10,-1,10,-1,10,0,10,0,11,0,11,0,12,0,12,0,0,-1,12,-1,12,-1,11,-1,12,-2,11,-1,10,-1,10,-1,10,0,10,0,10,0,10,0,10,0,10,0,10,-1,11,-1,11,-1,11,-2,11,-2,11,-3,11,-4,10,-4,10,-5,10,-5,9,-6,8,-6,7,0,0,0,0,0,0,0,0,0,0,0,0,0,0,72,-19,65,-23,65,-23,60,-26,58,-27,58,-27,55,-27,59,-29,56,-29,56,-28,52,-29,48,-25,48,-28,43,-29,40,-28,38,-32,35,-31,32,-37,33,-38,30,-37,28,-44,25,-43,27,-49,25,-49,27,-50,27,-54,25,-53,29,-57,27,-58,29,-57,29,-54,34,-59,32,-53,35,-59,35,-48,38,-54,30,-47,29,-47,27,-49,24,-46,21,-49,22,-51,22,-53,22,-55,24,-52,26,-54,29,-53,32,-52,30,-48,32,-46,36,-46,42,-43,38,-40,38,-38,40,-31,40,-29,45,-22,0,0,0,0,0,0,0,0,0,0,0,0,0,0,0,0,0,0,0,0,0,0,-10,21,-10,22,-13,18,-11,21,-13,18,-12,20,-13,16,-15,15,-13,17,-13,18,-13,17,-13,16,-13,17,-15,19,-17,20,-17,17,-17,19,-16,12,-21,12,-20,11,-17,10,-12,7,-12,3,-4,8,-3,8,-3,5,2,1,4,6,14,4,18,13,20,11,27,20,27,20,26,28,30,27,26,32,31,35,30,41,31,42,30,42,33,50,36,48,34,52,32,51,37,52,32,50,36,55,40,63,39,62,36,64,34,69,40,70,34,75,32,70,33,71,26,79,28,74,0,0]",1
CSI_DATA,53043,1a:00:00:00:00:00,-32,11,1,0,1,1,1,0,0,0,1,-97,0,11,2,714310496,0,44,0,384,0,"[0,0,0,0,0,0,0,0,0,0,0,0,12,-5,12,-5,11,-5,12,-5,11,-5,11,-5,11,-5,10,-5,10,-5,9,-5,9,-5,8,-6,8,-6,7,-6,7,-7,6,-7,6,-8,6,-8,6,-9,6,-9,6,-10,6,-10,7,-10,7,-11,7,-11,7,-11,0,0,8,-11,8,-10,8,-10,7,-10,8,-9,7,-9,7,-9,6,-9,6,-9,6,-9,6,-10,6,-10,6,-10,6,-10,7,-10,7,-10,8,-10,8,-9,8,-9,9,-8,9,-7,9,-7,9,-6,9,-5,9,-4,9,-3,0,0,0,0,0,0,0,0,0,0,0,0,0,0,-66,-32,-67,-32,-59,-33,-60,-29,-58,-23,-62,-22,-59,-21,-60,-22,-57,-24,-57,-21,-60,-21,-55,-19,-54,-14,-52,-16,-50,-9,-52,-5,-50,-9,-48,-1,-50,0,-48,6,-51,8,-55,7,-54,10,-53,13,-57,12,-57,14,-62,13,-64,14,-64,13,-69,19,-65,15,-64,13,-69,11,-60,10,-58,8,-61,9,-57,8,-57,8,-55,12,-53,12,-53,12,-56,19,-56,14,-57,21,-58,15,-57,17,-61,13,-63,9,-56,6,-60,6,-59,1,-57,-4,-56,-1,-58,-9,-54,-12,-49,-10,-48,-17,0,0,0,0,0,0,0,0,0,0,0,0,0,0,0,0,0,0,0,0,0,0,27,-8,20,-14,21,-8,23,-5,21,-3,20,-6,21,-6,20,-3,19,-2,19,-2,20,-5,20,-2,22,-6,21,-4,23,-5,25,-5,26,-2,22,-2,21,3,21,0,17,-1,11,1,12,-1,6,-1,5,2,2,-4,0,-10,0,-10,-5,-18,-7,-19,-7,-26,-7,-28,-3,-34,-7,-39,-6,-42,1,-43,1,-50,9,-51,5,-54,4,-56,11,-55,11,-62,13,-62,13,-62,11,-64,16,-62,14,-70,16,-67,19,-70,20,-74,23,-74,22,-75,28,-76,26,-79,27,-78,32,-74,34,-69,0,0]",1
CSI_DATA,53044,1a:00:00:00:00:00,-31,11,1,0,1,1,1,0,0,0,1,-97,0,11,2,714320878,0,44,0,384,0,"[0,0,0,0,0,0,0,0,0,0,0,0,-13,-3,-12,-3,-13,-3,-12,-3,-12,-3,-12,-3,-12,-3,-11,-2,-11,-2,-10,-2,-10,-1,-10,-1,-10,0,-9,0,-10,1,-10,2,-9,2,-10,3,-10,3,-10,4,-10,4,-11,4,-11,4,-11,5,-12,4,-12,4,0,0,-12,4,-12,4,-12,3,-12,3,-11,3,-11,3,-11,3,-10,3,-10,4,-10,4,-10,4,-10,4,-10,4,-11,4,-11,4,-11,4,-11,3,-11,3,-11,3,-11,2,-12,1,-11,1,-11,0,-11,-1,-11,-2,-10,-2,0,0,0,0,0,0,0,0,0,0,0,0,0,0,37,60,32,59,38,57,36,53,39,52,41,50,39,50,39,51,38,50,41,47,38,41,37,43,38,40,35,38,37,38,39,31,39,28,43,21,42,28,44,17,46,19,51,16,54,16,53,17,55,17,58,11,60,18,60,16,62,17,61,17,61,16,61,23,61,20,62,21,55,22,53,22,51,21,49,17,51,16,53,13,49,13,53,15,56,13,55,13,59,16,56,13,61,18,57,19,53,21,52,22,53,25,49,28,45,29,42,32,39,35,35,33,30,37,0,0,0,0,0,0,0,0,0,0,0,0,0,0,0,0,0,0,0,0,0,0,-26,-3,-20,-6,-22,-9,-24,-8,-19,-10,-22,-9,-19,-6,-22,-7,-19,-8,-19,-7,-22,-9,-25,-10,-22,-8,-21,-10,-21,-11,-23,-14,-23,-13,-20,-14,-20,-16,-14,-12,-16,-14,-11,-11,-14,-6,-8,-7,-6,-4,-7,1,-3,1,-7,6,-8,16,-7,16,-12,22,-12,27,-15,29,-19,31,-20,35,-25,37,-28,38,-33,42,-36,43,-37,43,-43,42,-39,45,-48,47,-47,45,-44,45,-50,41,-48,47,-52,51,-58,50,-59,51,-60,51,-59,50,-64,51,-62,50,-69,51,-69,46,-69,42,0,0]",1
CSI_DATA,53045,1a:00:00:00:00:00,-31,11,1,0,1,1,1,0,0,0,1,-97,0,11,2,714340484,0,44,0,384,0,"[0,0,0,0,0,0,0,0,0,0,0,0,0,-13,0,-13,-1,-13,0,-13,0,-13,0,-12,-1,-12,0,-11,-1,-11,-1,-11,-2,-10,-2,-10,-2,-10,-3,-9,-4,-9,-5,-9,-5,-9,-5,-9,-6,-9,-6,-9,-6,-10,-7,-10,-7,-10,-7,-10,-7,-11,-7,-11,0,0,-7,-11,-7,-11,-6,-11,-6,-11,-6,-10,-6,-10,-6,-10,-6,-9,-6,-9,-6,-9,-7,-9,-7,-9,-7,-10,-7,-10,-7,-10,-7,-10,-6,-11,-6,-11,-5,-11,-5,-11,-4,-11,-3,-11,-3,-11,-2,-10,-1,-10,-1,-10,0,0,0,0,0,0,0,0,0,0,0,0,0,0,-57,52,-51,46,-47,51,-53,50,-47,47,-44,48,-41,51,-46,54,-39,46,-41,47,-37,46,-40,44,-35,43,-29,40,-32,44,-25,45,-22,42,-19,44,-20,48,-13,43,-12,51,-10,50,-12,55,-7,50,-9,55,-9,57,-8,60,-7,62,-12,65,-11,65,-13,64,-18,63,-14,63,-10,62,-13,59,-17,60,-15,56,-14,55,-15,51,-13,54,-10,51,-7,56,-7,58,-8,59,-10,57,-11,60,-13,59,-14,58,-21,58,-23,53,-23,57,-26,50,-31,49,-32,46,-32,45,-33,40,-36,34,0,0,0,0,0,0,0,0,0,0,0,0,0,0,0,0,0,0,0,0,0,0,-4,-27,-3,-25,1,-21,-2,-24,2,-24,2,-21,2,-21,3,-22,0,-23,-1,-21,0,-19,-2,-21,4,-24,1,-22,2,-25,4,-23,7,-27,4,-22,6,-24,7,-17,8,-20,5,-15,6,-11,3,-11,-3,-9,-3,-8,-5,-5,-9,-4,-17,-3,-21,-5,-26,-3,-31,-7,-32,-10,-40,-13,-39,-15,-43,-17,-47,-19,-51,-22,-51,-26,-52,-25,-57,-27,-54,-31,-58,-32,-56,-36,-55,-34,-53,-38,-57,-36,-63,-39,-63,-45,-58,-44,-63,-49,-65,-48,-64,-53,-59,-50,-63,-53,-61,-62,-54,-58,0,0]",1
CSI_DATA,53046,1a:00:00:00:00:00,-31,11,1,0,1,1,1,0,0,0,1,-97,0,11,2,714350481,0,44,0,384,0,"[0,0,0,0,0,0,0,0,0,0,0,0,11,3,11,3,11,2,11,2,11,2,10,2,10,2,10,2,10,2,9,1,9,1,9,0,8,0,9,-1,8,-1,9,-2,9,-3,9,-3,9,-3,9,-4,10,-4,10,-4,10,-4,10,-5,11,-5,11,-5,0,0,11,-4,11,-4,11,-4,11,-3,10,-3,10,-3,9,-3,9,-3,9,-4,9,-4,9,-5,9,-4,10,-4,10,-4,10,-4,10,-4,10,-4,10,-3,11,-2,10,-2,10,-1,10,0,10,0,9,0,9,1,8,2,0,0,0,0,0,0,0,0,0,0,0,0,0,0,-33,-64,-27,-69,-29,-58,-33,-58,-31,-58,-33,-55,-34,-56,-35,-55,-35,-55,-31,-53,-32,-49,-29,-54,-31,-46,-31,-44,-32,-44,-38,-40,-37,-38,-39,-32,-40,-29,-42,-27,-46,-26,-46,-26,-50,-26,-52,-27,-55,-27,-53,-26,-56,-30,-59,-30,-58,-28,-59,-31,-60,-29,-61,-38,-54,-32,-56,-31,-53,-32,-53,-35,-48,-33,-49,-30,-49,-31,-52,-32,-49,-23,-54,-19,-55,-26,-54,-26,-52,-29,-54,-27,-56,-31,-55,-30,-45,-33,-45,-32,-49,-38,-43,-37,-39,-41,-35,-42,-33,-43,-31,-45,-24,-42,0,0,0,0,0,0,0,0,0,0,0,0,0,0,0,0,0,0,0,0,0,0,25,5,20,6,21,8,20,13,19,9,17,9,17,8,21,11,16,10,17,7,22,7,20,7,20,11,24,10,20,10,21,14,20,13,18,12,16,14,10,13,10,13,9,10,6,10,8,6,8,2,4,-2,5,-5,8,-13,8,-16,6,-20,13,-22,13,-26,18,-31,21,-32,26,-34,32,-35,29,-38,35,-38,40,-39,41,-44,40,-39,48,-40,45,-40,52,-38,52,-39,54,-48,54,-41,57,-41,61,-42,64,-40,63,-44,65,-44,68,-39,72,-42,74,-38,76,-31,75,-30,0,0]",1
CSI_DATA,53047,1a:00:00:00:00:00,-31,11,1,0,1,1,1,0,0,0,1,-97,0,11,2,714360620,0,44,0,384,0,"[0,0,0,0,0,0,0,0,0,0,0,0,-12,4,-12,5,-12,5,-12,5,-12,5,-12,4,-11,4,-11,4,-10,4,-9,5,-9,5,-9,5,-8,5,-7,6,-7,6,-7,7,-7,7,-7,8,-6,8,-7,9,-7,9,-7,9,-7,9,-7,10,-7,10,-7,10,0,0,-8,10,-8,10,-8,9,-8,9,-8,9,-8,8,-7,8,-7,8,-7,8,-6,9,-6,9,-6,9,-6,10,-7,9,-7,9,-8,9,-8,9,-8,9,-9,8,-9,7,-10,7,-10,6,-9,6,-9,5,-10,4,-9,3,0,0,0,0,0,0,0,0,0,0,0,0,0,0,72,28,62,33,62,25,63,23,66,22,62,18,62,15,61,19,62,13,59,13,54,14,56,14,52,13,52,12,52,8,51,1,51,0,51,-3,47,-4,47,-12,51,-15,49,-14,52,-18,54,-18,55,-16,56,-24,58,-22,62,-22,61,-25,60,-22,64,-21,64,-18,64,-15,62,-15,58,-16,60,-15,56,-10,55,-13,54,-15,52,-16,55,-19,53,-24,52,-22,54,-24,59,-22,59,-22,59,-18,59,-17,56,-13,57,-10,59,-6,56,-4,56,-3,56,6,57,6,48,7,47,14,0,0,0,0,0,0,0,0,0,0,0,0,0,0,0,0,0,0,0,0,0,0,-21,11,-21,12,-26,9,-20,4,-21,5,-19,2,-21,4,-23,7,-20,3,-21,5,-23,6,-22,6,-23,4,-25,6,-23,5,-24,2,-25,1,-24,-3,-21,1,-18,0,-15,-1,-13,-1,-11,2,-10,3,-5,5,-6,3,-2,10,2,10,5,13,4,20,7,23,5,31,4,32,3,41,8,42,3,47,1,47,1,52,-6,55,-4,57,-8,60,-7,61,-10,61,-13,66,-9,61,-13,66,-12,69,-15,68,-20,72,-16,78,-15,79,-17,78,-23,76,-24,76,-24,81,-32,73,-33,72,0,0]",1
CSI_DATA,53048,1a:00:00:00:00:00,-31,11,1,0,1,1,1,0,0,0,1,-97,0,11,2,714380507,0,44,0,384,0,"[0,0,0,0,0,0,0,0,0,0,0,0,9,-8,9,-8,9,-8,9,-8,9,-8,8,-8,8,-8,8,-7,7,-7,7,-7,6,-7,6,-8,5,-8,5,-8,4,-8,4,-9,3,-9,3,-9,3,-10,3,-10,3,-11,3,-11,3,-11,3,-12,3,-12,3,-12,0,0,4,-12,5,-12,4,-11,4,-11,4,-10,4,-10,4,-10,3,-10,3,-10,3,-10,3,-11,3,-11,3,-11,3,-11,4,-11,4,-11,4,-11,5,-10,5,-10,6,-9,6,-9,7,-9,7,-8,7,-7,7,-6,7,-5,0,0,0,0,0,0,0,0,0,0,0,0,0,0,-70,-20,-70,-23,-70,-16,-67,-16,-69,-13,-67,-12,-62,-13,-69,-12,-66,-11,-63,-8,-62,-9,-57,-13,-59,-7,-52,-2,-53,-1,-55,1,-54,3,-49,7,-50,8,-48,12,-51,16,-48,17,-52,19,-51,21,-55,21,-57,24,-55,20,-58,26,-65,28,-65,28,-61,24,-66,21,-62,21,-64,22,-62,19,-59,14,-59,17,-54,16,-53,17,-51,16,-52,21,-53,21,-55,23,-57,23,-55,24,-55,23,-58,17,-60,17,-59,15,-56,11,-60,8,-57,1,-55,-1,-56,-2,-52,-7,-52,-8,-47,-12,0,0,0,0,0,0,0,0,0,0,0,0,0,0,0,0,0,0,0,0,0,0,14,-19,15,-13,16,-15,19,-12,18,-12,19,-11,16,-11,17,-12,19,-12,16,-12,20,-13,18,-11,20,-14,23,-14,20,-13,24,-7,22,-8,25,-8,19,-4,19,-2,13,-1,13,-3,13,-3,9,-2,8,-4,2,-9,-2,-8,-1,-9,-8,-15,-9,-17,-11,-23,-12,-31,-12,-33,-10,-35,-7,-43,-12,-45,-7,-49,-12,-52,-5,-54,-7,-59,-3,-58,-3,-64,1,-64,1,-66,-2,-69,-3,-69,-1,-70,3,-74,3,-76,6,-79,7,-78,4,-84,12,-84,8,-80,13,-84,19,-81,16,-79,0,0]",1
CSI_DATA,53049,1a:00:00:00:00:00,-31,11,1,0,1,1,1,0,0,0,1,-97,0,11,2,714390490,0,44,0,384,0,"[0,0,0,0,0,0,0,0,0,0,0,0,5,11,6,11,6,10,6,10,5,10,5,10,5,10,5,9,5,9,5,8,6,8,6,7,6,7,6,6,6,6,7,5,8,5,8,5,9,4,9,4,9,4,10,4,10,5,11,4,11,5,11,5,0,0,11,6,10,6,10,6,10,5,9,5,9,5,9,5,9,4,9,4,9,4,10,4,10,4,10,4,10,4,10,5,10,5,10,5,9,5,9,6,9,6,8,7,8,7,7,8,6,7,5,8,4,8,0,0,0,0,0,0,0,0,0,0,0,0,0,0,28,-68,27,-64,22,-67,21,-67,20,-64,17,-62,16,-61,17,-65,15,-63,13,-65,17,-62,10,-60,9,-57,8,-54,7,-50,5,-54,-2,-51,-4,-49,-6,-50,-8,-50,-18,-55,-14,-51,-18,-58,-23,-54,-21,-55,-22,-56,-25,-61,-24,-60,-21,-64,-24,-62,-18,-66,-15,-65,-20,-64,-16,-65,-15,-63,-14,-63,-12,-58,-11,-58,-16,-54,-20,-53,-16,-53,-18,-55,-21,-59,-22,-56,-17,-57,-22,-57,-18,-63,-17,-64,-14,-58,-13,-57,-9,-61,-5,-59,1,-57,3,-56,8,-58,12,-52,14,-49,0,0,0,0,0,0,0,0,0,0,0,0,0,0,0,0,0,0,0,0,0,0,15,20,10,20,10,23,7,22,8,21,5,18,8,18,8,18,9,16,6,20,6,19,5,16,8,22,6,23,7,22,6,25,6,21,6,20,3,22,1,22,1,18,2,16,1,11,3,6,6,5,4,0,8,-1,11,0,17,-5,18,-8,24,-6,30,-8,33,-5,39,-8,43,-5,44,-5,50,-1,51,0,56,-2,58,3,59,4,61,6,62,9,66,6,67,6,67,9,69,5,70,7,75,12,75,13,78,15,75,14,76,21,81,26,81,24,76,27,78,31,0,0]",1
CSI_DATA,53050,1a:00:00:00:00:00,-31,11,1,0,1,1,1,0,0,0,1,-97,0,11,2,714400489,0,44,0,384,0,"[0,0,0,0,0,0,0,0,0,0,0,0,-12,4,-12,4,-12,4,-12,4,-12,4,-11,4,-11,4,-11,4,-10,4,-9,4,-9,4,-8,4,-8,5,-8,5,-7,6,-7,6,-6,6,-7,7,-6,8,-7,8,-7,8,-7,9,-7,9,-7,9,-7,10,-7,9,0,0,-8,9,-8,9,-8,9,-8,9,-8,8,-8,8,-7,8,-7,8,-6,8,-6,8,-6,9,-6,9,-6,9,-6,9,-7,9,-7,8,-8,9,-8,8,-8,8,-9,7,-9,6,-9,6,-9,5,-9,5,-9,4,-9,3,0,0,0,0,0,0,0,0,0,0,0,0,0,0,60,34,60,33,60,26,57,28,56,24,57,24,57,21,60,19,58,24,57,19,55,19,53,19,54,14,49,13,50,12,48,7,51,3,46,-3,48,-1,46,-5,51,-8,51,-7,52,-15,55,-14,51,-12,55,-17,59,-16,60,-17,62,-17,62,-18,62,-18,65,-12,64,-12,61,-12,57,-10,60,-10,56,-6,52,-10,55,-12,52,-10,52,-15,52,-18,54,-13,54,-19,55,-16,58,-14,57,-15,61,-12,59,-12,59,-6,58,-2,58,1,56,1,53,8,53,8,47,10,43,14,0,0,0,0,0,0,0,0,0,0,0,0,0,0,0,0,0,0,0,0,0,0,-23,11,-22,10,-21,7,-19,2,-21,4,-26,6,-19,3,-21,5,-21,5,-21,4,-22,8,-25,7,-12,11,-30,-3,-29,-4,-24,2,-23,4,-23,-1,-21,-4,-18,-1,-16,-7,-16,-4,-11,-2,-9,-3,-8,6,-3,0,-3,8,-1,9,0,14,2,19,3,22,2,31,1,33,3,42,0,42,-2,42,-6,49,-3,49,-8,53,-11,59,-12,57,-9,56,-16,62,-15,63,-16,61,-13,63,-16,66,-17,67,-21,69,-20,69,-21,75,-24,75,-23,73,-32,72,-33,75,-35,75,-35,69,0,0]",1
CSI_DATA,53051,1a:00:00:00:00:00,-31,11,1,0,1,1,1,0,0,0,1,-97,0,11,2,714420482,0,44,0,384,0,"[0,0,0,0,0,0,0,0,0,0,0,0,11,2,12,2,11,2,11,2,11,2,11,2,10,2,10,2,10,2,9,1,9,1,9,0,9,0,8,-1,9,-2,8,-2,9,-3,9,-3,9,-4,9,-4,10,-4,10,-4,10,-4,10,-5,11,-5,11,-5,0,0,11,-4,11,-4,11,-4,10,-4,10,-3,10,-3,10,-3,9,-4,9,-4,9,-4,9,-5,9,-5,10,-5,10,-5,10,-4,11,-4,10,-4,11,-3,11,-2,10,-2,11,-1,10,0,10,0,9,0,9,1,8,2,0,0,0,0,0,0,0,0,0,0,0,0,0,0,-25,-70,-25,-62,-25,-66,-27,-60,-30,-62,-33,-61,-29,-59,-28,-56,-29,-58,-29,-58,-29,-53,-26,-53,-29,-51,-28,-44,-30,-43,-31,-40,-32,-40,-34,-32,-40,-34,-40,-29,-44,-28,-47,-29,-51,-27,-50,-30,-52,-29,-50,-30,-58,-32,-57,-30,-59,-30,-59,-30,-57,-32,-59,-37,-55,-38,-56,-32,-53,-38,-50,-33,-48,-34,-47,-28,-50,-30,-50,-28,-51,-27,-53,-27,-53,-28,-58,-24,-53,-27,-53,-29,-54,-31,-53,-34,-49,-31,-49,-35,-47,-38,-43,-42,-41,-41,-35,-46,-31,-43,-31,-46,-25,-45,0,0,0,0,0,0,0,0,0,0,0,0,0,0,0,0,0,0,0,0,0,0,28,7,23,10,20,12,21,13,18,11,18,11,16,13,20,13,18,12,19,11,19,10,19,12,17,11,22,12,19,18,19,15,18,15,17,18,16,17,11,13,11,17,8,10,7,9,6,6,6,2,7,-4,5,-5,6,-9,7,-13,9,-18,14,-24,19,-24,20,-30,26,-30,29,-32,31,-32,35,-33,42,-37,43,-32,45,-38,48,-34,49,-37,53,-35,53,-37,53,-35,55,-34,62,-35,61,-39,64,-38,68,-39,67,-38,71,-38,78,-35,74,-34,78,-32,79,-36,75,-29,0,0]",1
CSI_DATA,53052,1a:00:00:00:00:00,-31,11,1,0,1,1,1,0,0,0,1,-97,0,11,2,714430485,0,44,0,384,0,"[0,0,0,0,0,0,0,0,0,0,0,0,-8,9,-7,9,-7,10,-7,9,-7,9,-7,9,-7,9,-6,8,-6,8,-5,8,-5,8,-5,8,-4,8,-3,8,-3,8,-2,9,-2,9,-1,9,-1,9,-1,10,-1,10,-1,11,-1,11,-1,11,-1,12,-1,12,0,0,-2,12,-2,12,-2,11,-2,11,-2,11,-2,10,-2,10,-1,10,-1,10,-1,10,-1,10,-1,10,-1,11,-1,11,-1,11,-2,11,-2,11,-2,11,-3,10,-4,10,-4,10,-5,10,-5,9,-5,8,-6,7,-6,7,0,0,0,0,0,0,0,0,0,0,0,0,0,0,74,-11,64,-13,72,-19,64,-15,63,-16,69,-19,59,-20,64,-18,60,-20,61,-18,57,-19,53,-16,50,-23,49,-23,48,-21,47,-23,43,-25,40,-27,45,-32,36,-31,36,-38,39,-40,38,-42,38,-45,40,-45,38,-45,36,-49,41,-52,43,-50,41,-52,41,-45,49,-51,44,-44,44,-46,41,-42,45,-42,40,-43,39,-40,37,-41,42,-41,35,-41,35,-44,39,-45,37,-48,40,-47,40,-46,43,-46,44,-44,46,-41,46,-37,50,-36,51,-29,49,-28,52,-23,51,-20,48,-18,45,-10,0,0,0,0,0,0,0,0,0,0,0,0,0,0,0,0,0,0,0,0,0,0,-11,22,-11,22,-11,20,-13,19,-11,14,-12,18,-14,15,-14,17,-15,19,-11,13,-12,17,-13,18,-13,20,-13,18,-17,20,-18,15,-19,18,-19,16,-22,12,-14,12,-15,7,-12,8,-12,9,-8,5,-5,9,-1,6,1,6,9,6,12,10,17,14,20,16,21,18,27,24,24,27,29,37,28,35,26,38,30,43,28,45,30,50,31,54,29,52,28,55,24,54,29,59,30,59,31,65,27,66,29,64,27,72,28,73,27,74,28,83,21,76,23,81,20,81,16,77,0,0]",1
CSI_DATA,53053,1a:00:00:00:00:00,-31,11,1,0,1,1,1,0,0,0,1,-97,0,11,2,714440505,0,44,0,384,0,"[0,0,0,0,0,0,0,0,0,0,0,0,-5,-12,-6,-12,-6,-12,-6,-12,-6,-12,-6,-11,-6,-11,-5,-11,-5,-10,-6,-9,-6,-9,-6,-8,-6,-8,-7,-7,-7,-7,-8,-6,-8,-6,-9,-6,-9,-6,-10,-6,-10,-6,-11,-6,-11,-6,-11,-6,-11,-7,-11,-6,0,0,-11,-7,-11,-7,-11,-7,-11,-7,-10,-7,-10,-6,-10,-6,-10,-6,-10,-5,-10,-5,-10,-5,-11,-6,-11,-6,-11,-6,-11,-6,-11,-6,-11,-7,-10,-7,-10,-7,-9,-8,-9,-8,-8,-9,-7,-9,-7,-9,-6,-9,-5,-9,0,0,0,0,0,0,0,0,0,0,0,0,0,0,-33,63,-31,58,-30,57,-32,60,-29,62,-28,61,-27,61,-25,59,-25,56,-25,57,-23,56,-22,54,-22,51,-11,53,-13,50,-9,47,-4,51,-5,49,-3,45,1,47,9,53,9,47,10,54,12,56,12,56,15,59,14,61,17,62,13,63,15,63,14,67,11,67,5,63,11,60,9,63,6,59,9,53,8,55,10,54,11,56,11,58,17,54,16,58,19,58,16,58,17,60,12,62,12,61,6,56,4,60,-1,64,0,59,-9,58,-8,55,-13,52,-12,52,-19,43,0,0,0,0,0,0,0,0,0,0,0,0,0,0,0,0,0,0,0,0,0,0,-8,-21,-4,-25,-5,-22,-4,-24,-1,-24,-1,-19,-1,-21,-3,-23,-6,-20,0,-22,-4,-23,-5,-24,-3,-24,-3,-26,2,-25,-1,-25,2,-25,0,-22,5,-21,5,-19,6,-16,3,-18,0,-13,1,-12,-2,-8,-5,-4,-8,0,-12,1,-15,0,-21,0,-25,3,-29,3,-34,-2,-39,-1,-41,-3,-43,-6,-51,-6,-51,-9,-54,-11,-55,-17,-60,-14,-60,-16,-60,-19,-64,-19,-64,-18,-68,-20,-68,-21,-70,-21,-73,-24,-74,-26,-75,-29,-76,-24,-72,-35,-73,-33,-76,-36,-73,-39,-71,-35,0,0]",1
CSI_DATA,53054,1a:00:00:00:00:00,-31,11,1,0,1,1,1,0,0,0,1,-97,0,11,2,714460477,0,44,0,384,0,"[0,0,0,0,0,0,0,0,0,0,0,0,1,12,2,11,2,12,2,11,1,11,1,11,2,10,1,10,2,10,2,9,2,9,3,8,3,8,4,7,4,7,5,7,5,6,6,7,6,7,7,7,7,7,7,7,8,8,8,8,8,8,8,8,0,0,8,9,8,9,7,8,7,8,7,8,7,8,7,7,6,7,7,7,7,7,8,7,7,7,7,7,7,7,8,8,7,8,7,8,7,8,6,9,5,9,5,9,4,9,3,9,3,9,2,9,1,8,0,0,0,0,0,0,0,0,0,0,0,0,0,0,47,-55,46,-55,45,-55,36,-57,37,-56,37,-54,36,-53,34,-58,32,-54,35,-51,29,-54,31,-52,26,-53,21,-50,22,-46,17,-45,15,-47,8,-50,5,-49,1,-47,-2,-53,-2,-52,-4,-51,-9,-55,-7,-61,-8,-60,-9,-61,-7,-66,-7,-66,-10,-68,-7,-66,-6,-68,-4,-67,-5,-66,-1,-64,-2,-61,-2,-56,-3,-53,-5,-56,-8,-55,-7,-55,-7,-58,-7,-61,-9,-61,-9,-61,-12,-60,-5,-64,-8,-65,-2,-61,4,-57,4,-58,9,-58,7,-59,15,-56,15,-51,20,-48,26,-45,0,0,0,0,0,0,0,0,0,0,0,0,0,0,0,0,0,0,0,0,0,0,3,25,0,20,1,24,-1,24,-1,21,-1,22,1,22,-2,20,-3,25,-1,21,-3,23,0,22,-5,24,-2,24,0,26,-7,25,-7,24,-6,21,-8,21,-9,16,-5,18,-9,12,-8,10,-3,9,-3,5,2,4,5,4,12,1,14,-3,18,-2,25,2,33,2,34,3,36,8,43,9,42,13,45,14,50,16,51,22,55,21,56,22,55,24,57,28,60,28,57,28,65,25,65,29,66,32,66,34,68,38,70,38,67,39,71,43,69,49,72,48,67,52,67,48,0,0]",1
CSI_DATA,53055,1a:00:00:00:00:00,-31,11,1,0,1,1,1,0,0,0,1,-97,0,11,2,714470506,0,44,0,384,0,"[0,0,0,0,0,0,0,0,0,0,0,0,-13,-3,-13,-3,-13,-3,-13,-3,-12,-3,-12,-3,-12,-3,-11,-3,-11,-2,-10,-2,-10,-1,-10,-1,-10,0,-10,0,-10,1,-10,2,-10,2,-10,3,-10,3,-10,3,-11,4,-11,4,-11,4,-11,5,-12,4,-12,5,0,0,-13,4,-12,4,-12,4,-12,3,-12,3,-11,3,-11,3,-10,3,-11,4,-10,4,-10,4,-11,4,-11,4,-11,4,-11,4,-12,4,-12,3,-12,3,-12,2,-12,1,-12,1,-12,0,-11,-1,-11,-1,-11,-2,-10,-3,0,0,0,0,0,0,0,0,0,0,0,0,0,0,18,67,19,67,25,64,22,60,26,58,24,60,29,59,28,61,30,58,28,57,23,54,23,53,22,49,28,48,27,42,32,42,31,34,35,34,39,33,39,29,43,29,45,30,49,25,50,29,50,29,52,28,53,29,58,28,59,29,60,31,55,33,59,37,53,33,54,33,51,34,52,36,47,34,51,32,46,29,52,27,49,25,51,26,53,27,53,24,53,27,54,28,56,31,54,31,46,38,45,40,45,40,41,41,40,44,35,44,32,46,33,43,21,43,0,0,0,0,0,0,0,0,0,0,0,0,0,0,0,0,0,0,0,0,0,0,-26,-9,-23,-10,-19,-12,-18,-12,-18,-13,-17,-14,-18,-8,-17,-13,-18,-15,-19,-13,-18,-14,-19,-16,-19,-12,-22,-14,-23,-18,-20,-18,-20,-21,-16,-18,-15,-17,-14,-16,-9,-14,-8,-12,-7,-9,-7,-6,-6,-5,-7,0,-6,5,-9,7,-10,14,-11,17,-18,22,-19,19,-20,27,-30,28,-34,30,-38,29,-39,30,-43,33,-45,32,-47,35,-54,34,-52,33,-59,32,-56,35,-58,32,-63,31,-63,37,-63,38,-67,33,-69,31,-69,39,-72,40,-77,33,-77,28,-81,30,-80,27,-76,25,0,0]",1
CSI_DATA,53056,1a:00:00:00:00:00,-31,11,1,0,1,1,1,0,0,0,1,-97,0,11,2,714490480,0,44,0,384,0,"[0,0,0,0,0,0,0,0,0,0,0,0,9,8,9,8,9,8,9,8,9,8,8,7,8,7,8,7,8,6,8,6,8,5,8,4,8,4,8,3,8,3,9,2,9,1,10,1,9,1,10,1,10,1,11,1,11,1,12,0,12,1,12,0,0,0,12,1,12,1,11,1,12,1,11,1,11,1,10,1,10,1,10,0,10,0,11,-1,11,0,11,0,11,0,12,0,11,1,12,1,11,1,11,2,11,3,10,3,10,4,10,4,9,4,8,5,7,5,0,0,0,0,0,0,0,0,0,0,0,0,0,0,2,-76,3,-74,3,-68,0,-66,-6,-68,-5,-65,-5,-68,-9,-64,-8,-62,-6,-62,-8,-57,-7,-56,-8,-54,-11,-52,-13,-50,-19,-47,-17,-47,-20,-43,-22,-47,-25,-42,-30,-41,-35,-41,-35,-43,-37,-39,-40,-44,-39,-43,-41,-46,-43,-45,-40,-47,-46,-47,-40,-51,-42,-54,-37,-51,-42,-53,-38,-51,-36,-49,-36,-49,-36,-46,-39,-46,-37,-41,-39,-44,-41,-42,-40,-44,-43,-42,-41,-49,-43,-46,-36,-49,-37,-48,-32,-50,-30,-47,-28,-53,-25,-55,-22,-54,-19,-53,-15,-53,-8,-48,-7,-50,0,0,0,0,0,0,0,0,0,0,0,0,0,0,0,0,0,0,0,0,0,0,19,14,19,15,19,16,15,18,13,15,14,15,14,16,12,16,13,17,12,18,11,19,16,15,19,19,14,20,14,19,11,19,11,22,10,20,6,17,6,17,2,18,3,15,4,13,7,8,5,7,7,1,7,-5,8,-6,13,-9,14,-13,19,-18,24,-20,29,-18,33,-19,39,-18,41,-21,48,-17,49,-18,54,-19,53,-21,55,-18,60,-16,61,-15,62,-16,61,-13,67,-19,66,-17,70,-17,75,-16,75,-17,75,-12,79,-15,81,-10,77,-7,83,-7,78,-5,79,-2,0,0]",1
CSI_DATA,53057,1a:00:00:00:00:00,-31,11,1,0,1,1,1,0,0,0,1,-97,0,11,2,714500501,0,44,0,384,0,"[0,0,0,0,0,0,0,0,0,0,0,0,-13,3,-12,3,-12,4,-12,4,-12,4,-12,4,-11,3,-11,3,-10,3,-10,4,-9,4,-9,4,-8,5,-8,5,-7,6,-7,6,-7,7,-7,7,-6,8,-7,8,-7,8,-7,9,-7,9,-7,10,-7,10,-7,10,0,0,-8,10,-8,9,-8,9,-8,9,-8,9,-7,9,-7,8,-7,8,-6,9,-6,9,-6,9,-6,9,-6,9,-6,9,-7,9,-7,9,-8,9,-8,9,-8,8,-9,8,-9,7,-9,6,-10,6,-9,5,-10,4,-9,3,0,0,0,0,0,0,0,0,0,0,0,0,0,0,62,40,61,37,61,32,61,31,56,23,61,25,62,23,61,28,61,22,57,23,53,22,49,21,53,19,48,11,47,12,47,7,52,2,52,-3,48,2,47,-4,53,-7,52,-10,54,-12,52,-11,57,-12,57,-19,59,-15,59,-21,59,-21,62,-19,63,-14,66,-17,63,-14,62,-16,60,-8,58,-10,57,-9,58,-10,59,-14,53,-15,55,-15,50,-21,53,-19,60,-23,57,-19,60,-18,60,-16,59,-11,58,-10,61,-6,61,-1,57,2,55,5,56,8,53,8,49,13,48,14,0,0,0,0,0,0,0,0,0,0,0,0,0,0,0,0,0,0,0,0,0,0,-24,9,-23,7,-25,5,-26,1,-21,5,-20,5,-23,1,-24,1,-25,3,-21,1,-24,4,-26,4,-22,6,-24,1,-25,0,-25,1,-26,0,-25,-5,-19,-5,-19,-8,-16,-6,-18,-3,-16,-4,-12,-1,-6,2,-4,2,-1,9,0,8,3,16,3,23,5,25,3,33,4,33,0,42,-3,45,-6,45,-10,48,-9,54,-10,55,-12,61,-12,62,-10,59,-16,62,-15,65,-17,61,-21,63,-23,68,-21,68,-26,71,-28,73,-23,78,-26,72,-30,74,-35,75,-36,78,-38,76,-40,71,0,0]",1
CSI_DATA,53058,1a:00:00:00:00:00,-31,11,1,0,1,1,1,0,0,0,1,-97,0,11,2,714510498,0,44,0,384,0,"[0,0,0,0,0,0,0,0,0,0,0,0,-3,-13,-3,-12,-3,-12,-3,-12,-3,-12,-3,-11,-3,-11,-3,-11,-3,-10,-3,-10,-4,-10,-4,-9,-4,-9,-5,-8,-6,-8,-6,-8,-7,-7,-7,-7,-8,-7,-8,-8,-8,-8,-9,-8,-9,-8,-9,-8,-10,-8,-10,-8,0,0,-9,-9,-9,-9,-9,-9,-9,-9,-8,-8,-8,-8,-8,-8,-8,-8,-8,-7,-9,-7,-9,-7,-9,-7,-9,-8,-9,-8,-9,-8,-9,-8,-9,-9,-8,-9,-8,-9,-7,-9,-7,-10,-6,-10,-5,-10,-4,-10,-4,-10,-3,-9,0,0,0,0,0,0,0,0,0,0,0,0,0,0,-51,55,-46,52,-43,52,-44,52,-39,51,-40,55,-34,53,-40,58,-37,51,-36,49,-36,49,-30,47,-26,50,-25,46,-23,46,-18,45,-16,44,-11,48,-10,48,-8,47,-5,53,-1,53,1,55,3,58,0,60,3,59,1,60,6,62,3,65,3,68,2,66,-5,67,-2,62,-2,67,-1,59,-2,61,0,59,0,55,0,57,2,57,2,54,7,60,6,61,5,63,3,61,0,59,1,65,0,62,-6,62,-9,58,-9,60,-16,56,-17,56,-22,54,-19,50,-23,50,-28,43,0,0,0,0,0,0,0,0,0,0,0,0,0,0,0,0,0,0,0,0,0,0,-3,-27,-4,-23,0,-24,1,-24,-2,-19,1,-21,1,-19,1,-21,-1,-22,-1,-24,0,-25,0,-23,5,-28,3,-25,3,-26,2,-26,5,-26,6,-25,7,-21,6,-20,7,-17,5,-15,4,-12,0,-10,-2,-10,-2,-5,-7,-2,-12,-1,-16,-2,-24,1,-25,-3,-35,-3,-38,-5,-39,-9,-40,-13,-44,-15,-46,-17,-54,-19,-53,-22,-57,-22,-55,-26,-54,-23,-60,-29,-58,-30,-59,-33,-60,-28,-63,-32,-64,-31,-66,-37,-66,-38,-70,-40,-70,-44,-69,-47,-65,-49,-69,-50,-68,-55,-61,-54,0,0]",1
CSI_DATA,53059,1a:00:00:00:00:00,-31,11,1,0,1,1,1,0,0,0,1,-97,0,11,2,714531141,0,44,0,384,0,"[0,0,0,0,0,0,0,0,0,0,0,0,9,-9,8,-9,8,-9,8,-9,8,-9,8,-9,7,-8,7,-8,6,-8,6,-8,6,-8,5,-8,4,-8,4,-8,3,-9,2,-9,2,-9,2,-10,2,-10,1,-11,1,-11,1,-11,2,-12,1,-12,2,-12,2,-12,0,0,2,-12,2,-12,2,-12,2,-12,2,-11,2,-11,2,-11,2,-11,1,-11,1,-11,1,-11,1,-11,1,-11,1,-12,2,-12,2,-12,3,-12,3,-11,3,-11,4,-11,5,-10,5,-10,6,-9,6,-8,6,-8,6,-7,0,0,0,0,0,0,0,0,0,0,0,0,0,0,-71,10,-67,7,-66,9,-67,9,-61,11,-69,12,-60,12,-65,15,-62,17,-62,17,-58,14,-55,13,-52,16,-49,13,-48,19,-48,22,-42,21,-39,25,-39,27,-34,31,-42,36,-38,36,-37,42,-33,37,-41,41,-40,44,-39,45,-40,48,-43,49,-43,49,-40,47,-48,47,-41,44,-45,45,-42,42,-42,39,-42,38,-39,40,-38,41,-37,41,-36,44,-33,45,-35,44,-35,44,-39,45,-41,46,-39,43,-45,44,-46,40,-45,38,-50,34,-49,33,-50,26,-49,27,-50,20,-49,20,-48,13,0,0,0,0,0,0,0,0,0,0,0,0,0,0,0,0,0,0,0,0,0,0,11,-22,15,-17,14,-19,16,-15,14,-15,17,-14,15,-14,14,-14,16,-20,15,-13,16,-15,17,-16,18,-15,15,-16,18,-12,20,-15,21,-14,19,-11,20,-9,14,-10,12,-8,13,-5,11,-5,7,-8,4,-7,4,-7,-2,-6,-5,-12,-12,-11,-17,-16,-18,-20,-20,-26,-24,-28,-22,-32,-25,-37,-19,-38,-23,-43,-25,-51,-22,-50,-23,-49,-26,-56,-24,-53,-20,-60,-20,-57,-21,-64,-25,-61,-20,-65,-24,-68,-22,-74,-21,-73,-23,-75,-24,-76,-16,-75,-19,-80,-15,-82,-12,-84,-10,-80,0,0]",1
CSI_DATA,53060,1a:00:00:00:00:00,-31,11,1,0,1,1,1,0,0,0,1,-97,0,11,2,714540613,0,44,0,384,0,"[0,0,0,0,0,0,0,0,0,0,0,0,1,-13,0,-13,0,-13,0,-13,0,-13,0,-12,0,-12,0,-11,0,-11,-1,-11,-1,-10,-2,-10,-2,-10,-3,-9,-3,-9,-4,-9,-5,-9,-5,-9,-5,-9,-6,-10,-6,-10,-6,-10,-6,-10,-7,-10,-7,-11,-7,-11,0,0,-7,-12,-7,-11,-6,-11,-6,-11,-6,-11,-5,-11,-5,-10,-6,-10,-6,-10,-6,-10,-7,-10,-7,-10,-7,-10,-7,-10,-7,-11,-6,-11,-6,-11,-5,-11,-5,-11,-4,-11,-3,-12,-2,-12,-2,-12,-1,-11,-1,-11,0,-10,0,0,0,0,0,0,0,0,0,0,0,0,0,0,-61,46,-55,39,-53,46,-47,44,-47,46,-48,47,-43,45,-48,48,-44,44,-44,46,-42,43,-38,43,-37,41,-35,40,-31,37,-28,43,-23,38,-19,42,-17,42,-14,43,-13,50,-10,50,-8,54,-7,57,-11,55,-7,60,-9,61,-5,61,-10,63,-8,67,-10,64,-13,65,-11,60,-10,62,-9,61,-13,58,-11,57,-12,53,-10,56,-6,53,-7,53,-3,57,-7,59,-4,60,-5,58,-6,58,-9,59,-13,58,-16,60,-14,60,-22,59,-24,51,-27,51,-28,47,-30,45,-29,37,-34,35,0,0,0,0,0,0,0,0,0,0,0,0,0,0,0,0,0,0,0,0,0,0,-2,-26,1,-26,-2,-26,5,-23,3,-24,6,-23,4,-20,2,-24,3,-21,2,-23,6,-22,6,-25,3,-25,7,-27,6,-27,5,-26,8,-23,11,-20,10,-21,11,-19,10,-17,10,-13,5,-9,3,-9,-1,-8,-4,-6,-7,-4,-11,-5,-16,-4,-19,-4,-24,-3,-33,-12,-35,-11,-38,-18,-40,-16,-41,-19,-41,-20,-45,-25,-48,-26,-49,-34,-50,-34,-52,-34,-51,-35,-54,-37,-54,-37,-49,-40,-53,-43,-55,-45,-54,-48,-59,-48,-62,-49,-64,-51,-61,-57,-56,-56,-60,-57,-57,-62,-55,-63,0,0]",1
CSI_DATA,53061,1a:00:00:00:00:00,-31,11,1,0,1,1,1,0,0,0,1,-97,0,11,2,714550481,0,44,0,384,0,"[0,0,0,0,0,0,0,0,0,0,0,0,12,-4,12,-4,12,-4,12,-4,11,-4,11,-4,10,-4,10,-4,10,-4,9,-4,9,-5,8,-5,7,-5,7,-6,7,-6,6,-7,6,-8,6,-8,6,-9,6,-9,6,-9,6,-10,6,-10,6,-10,6,-11,6,-11,0,0,7,-11,7,-10,7,-10,7,-10,7,-10,7,-9,6,-9,6,-9,6,-9,5,-10,5,-10,5,-10,5,-10,6,-10,6,-10,6,-10,7,-10,7,-10,7,-9,8,-9,9,-8,9,-7,9,-7,8,-6,9,-5,8,-4,0,0,0,0,0,0,0,0,0,0,0,0,0,0,-69,-33,-64,-29,-64,-28,-60,-27,-64,-26,-63,-24,-60,-19,-60,-18,-60,-17,-56,-21,-54,-21,-53,-22,-51,-12,-50,-17,-54,-14,-49,-8,-48,-4,-48,4,-50,1,-47,9,-50,12,-52,12,-53,13,-53,15,-53,15,-57,18,-58,15,-61,19,-59,20,-61,17,-61,17,-65,16,-58,15,-63,19,-59,14,-59,12,-58,15,-57,12,-56,13,-52,16,-55,16,-54,18,-57,17,-56,19,-56,15,-56,19,-59,17,-60,14,-59,12,-57,10,-60,2,-60,3,-55,0,-56,-4,-51,-8,-51,-12,-45,-14,0,0,0,0,0,0,0,0,0,0,0,0,0,0,0,0,0,0,0,0,0,0,20,-13,20,-8,19,-7,19,-6,21,-5,23,-9,19,-7,21,-6,19,-9,21,-6,22,-6,23,-5,20,-6,25,-6,23,-9,25,-2,25,-3,24,-1,21,0,20,0,17,4,14,1,12,1,10,-2,7,-2,3,-5,0,-8,-3,-11,-5,-16,-6,-21,-10,-25,-8,-33,-2,-35,-7,-40,-5,-43,-2,-45,1,-48,2,-54,7,-52,6,-57,8,-59,6,-59,13,-63,6,-59,9,-64,11,-69,11,-67,17,-70,16,-74,21,-74,23,-77,21,-76,26,-78,29,-77,29,-76,32,-78,27,-79,0,0]",1
CSI_DATA,53062,1a:00:00:00:00:00,-31,11,1,0,1,1,1,0,0,0,1,-97,0,11,2,714570499,0,44,0,384,0,"[0,0,0,0,0,0,0,0,0,0,0,0,-11,-6,-11,-6,-11,-6,-11,-6,-11,-6,-11,-6,-10,-5,-10,-5,-10,-5,-9,-4,-9,-4,-9,-3,-9,-3,-9,-2,-9,-1,-10,0,-9,0,-10,0,-10,1,-10,1,-11,1,-11,1,-11,1,-12,2,-12,1,-12,1,0,0,-12,1,-12,1,-12,1,-12,1,-11,1,-11,1,-11,1,-11,1,-10,1,-11,1,-11,2,-11,2,-11,2,-11,2,-12,1,-12,1,-12,1,-12,0,-12,0,-11,-1,-12,-2,-11,-2,-11,-3,-10,-3,-10,-4,-9,-4,0,0,0,0,0,0,0,0,0,0,0,0,0,0,29,68,28,67,28,59,30,60,30,58,31,55,32,55,35,58,30,57,31,51,27,47,29,48,32,45,27,43,28,37,32,38,36,37,36,31,38,32,39,23,44,22,43,25,49,25,50,22,51,24,52,21,55,27,58,26,56,25,59,28,56,27,56,30,56,27,54,25,50,33,50,29,49,29,46,26,51,27,47,21,50,22,50,24,53,24,53,24,52,23,54,23,52,27,53,29,45,31,47,36,45,40,40,35,38,40,37,42,32,43,25,40,24,39,0,0,0,0,0,0,0,0,0,0,0,0,0,0,0,0,0,0,0,0,0,0,-23,-7,-25,-6,-23,-6,-26,-5,-19,-7,-18,-6,-19,-5,-22,-4,-20,-6,-22,-10,-24,-10,-21,-11,-20,-13,-24,-12,-21,-13,-23,-13,-20,-14,-18,-16,-18,-15,-14,-17,-13,-10,-13,-12,-13,-8,-9,-4,-7,-2,-8,1,-6,6,-6,11,-9,14,-8,22,-10,23,-14,25,-19,28,-22,32,-26,33,-31,35,-31,36,-37,42,-41,39,-42,40,-43,37,-42,41,-46,40,-50,40,-47,40,-48,47,-51,42,-59,43,-59,44,-69,43,-66,46,-67,43,-71,41,-72,41,-73,43,-79,37,-73,34,0,0]",1
CSI_DATA,53063,1a:00:00:00:00:00,-31,11,1,0,1,1,1,0,0,0,1,-97,0,11,2,714580490,0,44,0,384,0,"[0,0,0,0,0,0,0,0,0,0,0,0,9,-9,9,-9,9,-9,9,-9,9,-8,8,-8,8,-8,8,-7,7,-7,7,-8,6,-8,5,-8,5,-8,4,-8,4,-8,3,-9,3,-9,2,-10,2,-10,2,-11,2,-11,2,-11,2,-11,2,-12,2,-12,2,-12,0,0,3,-12,3,-12,3,-12,3,-12,3,-11,3,-11,3,-11,2,-10,2,-11,2,-11,1,-11,1,-11,1,-12,2,-12,2,-12,2,-12,3,-12,3,-11,4,-11,4,-10,5,-10,6,-10,6,-9,6,-8,6,-8,6,-7,0,0,0,0,0,0,0,0,0,0,0,0,0,0,-72,-16,-73,-18,-66,-15,-70,-6,-68,-6,-63,-10,-69,-6,-62,-8,-64,-4,-62,-8,-59,-9,-61,-6,-55,2,-53,4,-50,2,-52,6,-50,6,-48,11,-45,17,-45,14,-44,22,-45,26,-47,28,-47,29,-50,30,-49,31,-54,34,-51,33,-54,31,-55,35,-56,34,-56,35,-55,30,-51,30,-55,30,-51,30,-48,29,-47,30,-49,29,-46,30,-47,31,-45,34,-50,32,-45,35,-48,30,-54,36,-52,31,-55,32,-52,27,-53,26,-56,24,-53,19,-55,19,-56,11,-54,6,-49,9,-52,-1,0,0,0,0,0,0,0,0,0,0,0,0,0,0,0,0,0,0,0,0,0,0,18,-14,21,-12,18,-11,22,-11,20,-12,17,-10,17,-8,19,-10,17,-10,20,-12,18,-13,19,-9,22,-15,22,-11,23,-8,24,-7,23,-8,23,-7,19,-5,19,-4,20,-4,15,-3,12,-2,9,-6,4,-5,4,-8,-2,-10,-5,-12,-8,-17,-10,-22,-12,-24,-12,-29,-13,-35,-10,-37,-13,-42,-10,-44,-7,-46,-6,-51,-4,-55,-8,-57,-5,-58,-3,-62,-4,-65,-1,-63,-5,-65,-5,-70,-5,-70,0,-72,1,-74,2,-78,4,-80,1,-78,8,-81,7,-84,8,-82,13,-80,15,-82,0,0]",1
CSI_DATA,53064,1a:00:00:00:00:00,-31,11,1,0,1,1,1,0,0,0,1,-97,0,11,2,714590508,0,44,0,384,0,"[0,0,0,0,0,0,0,0,0,0,0,0,3,12,3,12,3,12,3,12,3,11,3,11,3,11,3,10,3,10,3,9,3,9,4,8,4,8,5,7,5,7,6,7,6,6,7,6,7,6,8,6,8,6,8,6,8,7,9,6,9,7,9,7,0,0,9,8,9,8,9,8,8,8,8,7,8,7,8,7,8,6,8,6,8,6,9,6,9,6,9,6,9,7,9,7,9,7,8,8,8,8,7,8,7,8,6,9,5,9,5,9,4,9,3,9,2,9,0,0,0,0,0,0,0,0,0,0,0,0,0,0,41,-64,37,-65,35,-62,34,-58,28,-60,31,-59,27,-60,28,-61,26,-60,25,-57,26,-53,22,-54,20,-54,16,-51,16,-45,12,-46,7,-51,6,-47,1,-49,-5,-51,-6,-48,-8,-52,-7,-51,-11,-54,-9,-57,-10,-58,-11,-59,-14,-62,-14,-62,-15,-65,-8,-65,-11,-65,-5,-62,-10,-60,-8,-63,-6,-61,-7,-56,-7,-57,-8,-56,-12,-54,-9,-58,-14,-57,-12,-58,-14,-59,-7,-62,-12,-58,-9,-60,-7,-63,-1,-59,0,-58,6,-60,7,-55,10,-59,13,-54,15,-52,15,-48,20,-42,0,0,0,0,0,0,0,0,0,0,0,0,0,0,0,0,0,0,0,0,0,0,8,15,8,21,8,19,5,24,7,21,3,20,5,21,6,20,2,22,4,21,4,20,2,23,1,23,5,25,1,27,3,25,0,23,0,23,-3,20,-2,16,-1,18,-3,15,-1,12,3,8,2,7,6,3,7,0,14,-2,15,-6,21,-4,27,-3,30,-6,35,-5,37,1,42,1,47,3,48,6,51,8,54,9,57,10,56,10,58,13,59,12,64,14,67,19,63,19,66,17,71,17,75,22,73,26,71,28,73,25,75,31,72,34,78,38,73,37,70,38,0,0]",1
CSI_DATA,53065,1a:00:00:00:00:00,-31,11,1,0,1,1,1,0,0,0,1,-97,0,11,2,714610504,0,44,0,384,0,"[0,0,0,0,0,0,0,0,0,0,0,0,5,-13,5,-13,5,-12,5,-12,5,-12,4,-12,4,-11,4,-11,4,-10,3,-10,2,-10,1,-10,1,-10,0,-10,0,-10,-1,-10,-1,-10,-2,-10,-3,-11,-3,-11,-3,-11,-3,-12,-3,-12,-4,-12,-4,-13,-4,-13,0,0,-3,-13,-3,-13,-3,-13,-3,-13,-2,-12,-2,-12,-3,-12,-3,-11,-3,-11,-3,-11,-4,-11,-4,-11,-4,-12,-4,-12,-3,-12,-3,-12,-3,-12,-3,-12,-2,-13,-1,-12,0,-12,1,-12,1,-12,1,-11,2,-11,2,-10,0,0,0,0,0,0,0,0,0,0,0,0,0,0,-72,7,-70,7,-69,11,-66,15,-65,13,-62,13,-66,17,-62,16,-60,17,-59,14,-57,15,-57,15,-51,17,-50,17,-46,20,-44,19,-42,26,-42,28,-37,29,-38,33,-36,33,-35,37,-39,41,-34,41,-39,43,-39,43,-36,47,-39,50,-42,49,-40,51,-42,49,-45,48,-41,49,-41,45,-41,46,-38,43,-41,41,-34,38,-34,41,-36,44,-34,40,-33,46,-38,47,-35,49,-33,52,-34,50,-38,48,-43,51,-41,41,-41,40,-46,38,-44,35,-48,35,-52,28,-48,26,-47,22,-48,14,0,0,0,0,0,0,0,0,0,0,0,0,0,0,0,0,0,0,0,0,0,0,12,-23,14,-19,14,-20,14,-20,14,-17,17,-14,16,-13,12,-15,18,-17,15,-18,20,-13,15,-15,19,-17,18,-19,18,-16,20,-16,22,-13,19,-12,21,-11,20,-9,16,-8,9,-8,10,-5,12,-5,4,-8,1,-5,-5,-8,-8,-9,-10,-14,-16,-15,-17,-21,-21,-24,-23,-25,-20,-34,-25,-33,-23,-40,-23,-43,-25,-46,-25,-52,-27,-49,-24,-56,-28,-54,-27,-58,-24,-60,-25,-61,-24,-63,-24,-67,-23,-70,-27,-72,-24,-76,-22,-72,-26,-82,-21,-81,-19,-83,-22,-82,-15,-83,-17,-82,0,0]",1
CSI_DATA,53066,1a:00:00:00:00:00,-31,11,1,0,1,1,1,0,0,0,1,-97,0,11,2,714620478,0,44,0,384,0,"[0,0,0,0,0,0,0,0,0,0,0,0,11,5,11,4,11,4,11,4,11,4,10,4,10,4,10,4,9,3,9,3,9,2,9,1,9,1,8,0,9,0,9,-1,9,-2,9,-2,9,-3,10,-3,10,-3,10,-3,11,-3,11,-4,11,-3,11,-4,0,0,12,-3,12,-3,11,-3,11,-3,11,-2,10,-2,10,-2,10,-2,10,-3,10,-3,10,-4,10,-4,10,-3,10,-4,11,-3,11,-3,11,-3,11,-2,11,-2,11,-1,11,0,10,0,10,1,9,1,9,2,8,3,0,0,0,0,0,0,0,0,0,0,0,0,0,0,-16,-72,-18,-69,-14,-66,-24,-62,-19,-63,-21,-59,-21,-65,-20,-62,-25,-60,-24,-57,-24,-56,-20,-54,-22,-52,-23,-47,-20,-46,-27,-44,-28,-42,-34,-37,-32,-36,-38,-32,-42,-31,-44,-35,-43,-30,-44,-32,-46,-35,-51,-34,-50,-34,-50,-34,-55,-34,-58,-34,-57,-36,-54,-38,-50,-38,-49,-36,-51,-36,-46,-36,-43,-37,-46,-34,-47,-34,-48,-31,-48,-27,-49,-26,-51,-29,-52,-29,-51,-30,-55,-34,-47,-35,-51,-36,-44,-37,-45,-36,-47,-44,-41,-43,-36,-45,-34,-48,-28,-46,-25,-45,-19,-46,0,0,0,0,0,0,0,0,0,0,0,0,0,0,0,0,0,0,0,0,0,0,22,12,20,8,16,14,18,14,20,13,17,12,17,14,16,14,17,12,16,14,18,11,17,13,17,16,19,18,17,18,18,20,16,19,14,20,10,15,11,17,9,15,10,13,5,9,5,7,4,2,9,0,5,-5,10,-8,9,-13,12,-16,16,-23,21,-24,26,-23,32,-28,30,-30,37,-27,40,-26,43,-30,50,-28,49,-32,51,-30,54,-29,54,-29,60,-32,56,-30,57,-31,60,-32,68,-33,68,-34,68,-32,71,-32,76,-31,77,-28,78,-27,78,-23,80,-25,80,-22,0,0]",1
CSI_DATA,53067,1a:00:00:00:00:00,-31,11,1,0,1,1,1,0,0,0,1,-97,0,11,2,714630591,0,44,0,384,0,"[0,0,0,0,0,0,0,0,0,0,0,0,-13,2,-13,2,-12,2,-13,2,-12,2,-12,2,-12,2,-11,2,-11,2,-10,2,-10,3,-9,3,-9,3,-8,4,-8,4,-8,5,-8,5,-8,6,-8,7,-8,7,-8,7,-8,8,-8,8,-8,8,-8,9,-9,9,0,0,-9,8,-9,8,-9,8,-9,8,-9,7,-9,7,-8,7,-8,7,-8,7,-7,7,-7,8,-8,8,-8,8,-8,8,-8,8,-9,8,-9,8,-9,7,-9,7,-10,6,-10,5,-10,5,-10,4,-10,3,-10,3,-10,2,0,0,0,0,0,0,0,0,0,0,0,0,0,0,61,45,55,38,57,37,55,33,61,30,55,34,56,29,55,32,54,25,55,25,49,23,52,23,50,19,48,19,45,17,48,12,46,7,47,5,47,5,47,1,51,-6,49,-1,54,-11,54,-7,56,-8,57,-10,58,-10,58,-12,60,-11,63,-12,59,-13,66,-6,62,-4,60,-7,59,-5,61,-2,57,-9,55,-8,54,-6,55,-9,54,-14,55,-10,57,-10,54,-13,57,-12,60,-12,59,-6,60,-5,57,-3,59,-1,57,3,58,7,53,7,55,12,48,15,45,16,42,19,0,0,0,0,0,0,0,0,0,0,0,0,0,0,0,0,0,0,0,0,0,0,-22,5,-25,7,-23,1,-20,1,-23,1,-22,3,-16,2,-22,1,-23,3,-23,3,-21,1,-24,3,-24,2,-26,-2,-24,-3,-24,1,-25,-4,-26,-7,-19,-2,-18,-6,-19,-4,-14,-2,-12,-5,-10,-2,-8,0,-4,5,-3,8,-2,12,-1,15,0,19,1,23,0,29,-3,34,-4,36,-7,42,-5,44,-8,48,-12,50,-14,51,-17,54,-19,51,-17,57,-25,56,-23,58,-21,63,-18,63,-24,61,-23,64,-28,65,-30,71,-29,70,-32,73,-38,67,-37,74,-37,74,-40,68,-42,68,0,0]",1
CSI_DATA,53068,1a:00:00:00:00:00,-31,11,1,0,1,1,1,0,0,0,1,-97,0,11,2,714650497,0,44,0,384,0,"[0,0,0,0,0,0,0,0,0,0,0,0,12,-1,12,-1,12,-1,12,-1,11,-1,11,-1,11,-1,10,-1,10,-1,9,-2,9,-2,9,-2,8,-3,8,-4,8,-4,8,-5,7,-5,8,-6,8,-7,8,-7,8,-7,8,-7,9,-7,9,-8,9,-8,9,-8,0,0,10,-7,9,-8,9,-7,9,-7,9,-7,9,-7,8,-6,8,-7,8,-7,8,-7,8,-8,8,-7,8,-8,8,-8,9,-8,9,-7,9,-7,10,-7,10,-6,10,-5,10,-4,10,-4,10,-3,10,-3,9,-2,9,-1,0,0,0,0,0,0,0,0,0,0,0,0,0,0,-59,-43,-54,-43,-59,-40,-59,-36,-57,-37,-58,-38,-54,-32,-60,-35,-57,-34,-54,-28,-50,-31,-48,-27,-53,-24,-49,-21,-48,-22,-48,-18,-45,-14,-51,-12,-51,-8,-47,-3,-53,-3,-52,-2,-54,-2,-57,3,-61,4,-58,6,-58,3,-66,7,-64,2,-65,5,-65,3,-68,1,-61,-1,-63,1,-63,3,-63,-2,-58,1,-58,-2,-58,2,-54,5,-51,4,-57,2,-58,4,-59,6,-61,4,-61,7,-62,1,-63,1,-62,-3,-59,-6,-58,-8,-58,-11,-53,-14,-50,-19,-50,-22,-47,-22,-43,-24,0,0,0,0,0,0,0,0,0,0,0,0,0,0,0,0,0,0,0,0,0,0,22,-11,21,-5,23,-6,22,-6,21,-2,19,-4,23,-5,21,1,22,-5,18,-3,23,-2,23,-4,24,-3,24,-1,24,-2,24,0,23,0,22,3,24,2,19,3,14,6,12,-1,13,3,8,3,6,-3,3,-6,1,-7,2,-13,-3,-15,-2,-22,1,-27,-2,-30,0,-33,2,-41,4,-44,5,-46,12,-49,13,-52,18,-56,17,-57,18,-56,18,-54,18,-61,23,-58,23,-66,21,-61,23,-66,26,-68,27,-69,30,-70,34,-71,39,-74,40,-76,40,-70,45,-71,48,-73,45,-67,0,0]",1
CSI_DATA,53069,1a:00:00:00:00:00,-31,11,1,0,1,1,1,0,0,0,1,-97,0,11,2,714660497,0,44,0,384,0,"[0,0,0,0,0,0,0,0,0,0,0,0,-3,12,-3,12,-3,12,-3,12,-3,12,-3,11,-2,11,-2,10,-2,10,-2,9,-1,9,-1,9,0,9,0,8,1,8,2,8,2,8,3,8,3,9,4,9,4,9,4,9,4,10,5,10,4,10,5,10,0,0,4,11,4,11,4,11,4,10,3,10,3,10,3,10,3,9,4,9,4,9,4,9,4,9,4,10,4,10,4,10,4,10,3,11,3,10,2,11,2,11,1,11,0,11,0,10,-1,10,-2,9,-2,9,0,0,0,0,0,0,0,0,0,0,0,0,0,0,65,-41,58,-37,59,-38,58,-35,57,-39,54,-39,52,-39,52,-40,48,-39,47,-38,46,-38,44,-36,42,-35,38,-35,37,-34,35,-37,29,-42,26,-43,27,-42,24,-41,20,-47,20,-51,17,-54,21,-55,16,-57,17,-56,16,-58,17,-65,20,-62,20,-65,20,-63,25,-62,23,-59,24,-59,22,-58,27,-58,23,-54,25,-53,21,-52,17,-50,19,-51,15,-53,17,-58,17,-58,19,-57,20,-59,23,-54,24,-59,28,-55,27,-52,31,-50,33,-45,33,-44,36,-41,35,-37,36,-31,42,-31,0,0,0,0,0,0,0,0,0,0,0,0,0,0,0,0,0,0,0,0,0,0,4,23,-2,25,-6,21,-2,21,-4,21,-6,18,-6,20,-8,18,-5,23,-7,21,-10,21,-8,20,-5,27,-8,25,-10,24,-12,18,-11,20,-13,21,-11,18,-12,15,-10,11,-9,11,-7,8,-9,10,0,6,2,5,7,5,8,3,16,4,20,8,22,12,28,10,32,11,35,18,34,23,39,25,42,23,44,28,46,33,47,36,46,37,43,41,45,42,49,42,48,43,48,45,51,47,49,52,51,54,54,55,57,56,54,60,51,64,48,61,52,65,44,69,44,68,0,0]",1
CSI_DATA,53070,1a:00:00:00:00:00,-31,11,1,0,1,1,1,0,0,0,1,-97,0,11,2,714671822,0,44,0,384,0,"[0,0,0,0,0,0,0,0,0,0,0,0,-7,-12,-7,-12,-7,-11,-7,-11,-7,-11,-7,-11,-7,-10,-6,-10,-6,-10,-7,-9,-7,-9,-7,-8,-7,-7,-7,-7,-8,-6,-9,-6,-9,-5,-9,-5,-10,-5,-10,-5,-11,-5,-11,-5,-11,-5,-12,-5,-12,-5,-12,-5,0,0,-12,-6,-12,-6,-11,-6,-12,-6,-11,-6,-11,-6,-10,-5,-10,-5,-11,-4,-11,-5,-11,-4,-11,-5,-11,-5,-11,-5,-12,-5,-11,-5,-12,-6,-11,-6,-11,-7,-10,-7,-10,-8,-9,-8,-9,-9,-8,-8,-7,-9,-6,-8,0,0,0,0,0,0,0,0,0,0,0,0,0,0,-14,67,-15,68,-13,67,-9,61,-6,64,-5,63,-5,61,-6,65,-4,58,-2,62,0,55,0,54,2,53,3,52,-2,49,6,49,7,45,11,44,14,50,18,47,22,46,24,47,27,45,29,46,29,48,31,48,33,50,32,53,35,49,34,54,31,54,33,55,31,52,32,53,27,52,28,53,28,47,28,45,29,47,30,44,29,40,32,46,32,47,32,48,31,47,32,46,30,49,30,52,26,56,25,50,23,55,16,55,14,52,12,55,4,53,5,50,-4,45,0,0,0,0,0,0,0,0,0,0,0,0,0,0,0,0,0,0,0,0,0,0,-14,-19,-14,-23,-13,-17,-11,-22,-12,-18,-9,-18,-13,-18,-11,-17,-9,-17,-8,-21,-13,-19,-11,-21,-15,-23,-9,-22,-8,-21,-13,-22,-8,-25,-10,-23,-7,-22,-3,-20,0,-18,0,-15,-1,-13,-6,-9,-3,-8,-9,1,-11,1,-13,5,-14,8,-16,6,-22,13,-28,13,-30,14,-37,14,-40,11,-44,14,-48,12,-53,8,-57,8,-54,6,-58,6,-57,9,-64,5,-62,5,-67,4,-65,11,-69,8,-73,5,-73,4,-74,2,-79,2,-77,-2,-81,-2,-81,-6,-88,-8,-82,-10,-80,-12,0,0]",1
CSI_DATA,53071,1a:00:00:00:00:00,-31,11,1,0,1,1,1,0,0,0,1,-97,0,11,2,714690480,0,44,0,384,0,"[0,0,0,0,0,0,0,0,0,0,0,0,7,10,7,9,7,9,7,9,7,9,7,9,7,9,6,8,6,8,6,7,6,7,6,6,6,6,7,5,7,5,8,4,8,4,8,3,9,3,9,3,9,3,10,3,10,3,10,3,11,4,11,3,0,0,11,4,11,4,10,4,10,4,10,4,10,4,9,4,9,4,9,3,9,3,10,3,10,3,10,3,10,3,10,4,10,4,10,5,10,5,9,5,9,6,8,7,8,7,7,7,6,7,5,7,5,7,0,0,0,0,0,0,0,0,0,0,0,0,0,0,12,-75,10,-73,11,-69,8,-71,8,-67,4,-67,5,-64,1,-68,0,-60,2,-64,-1,-59,4,-58,0,-57,-1,-54,0,-51,-5,-49,-11,-49,-15,-49,-13,-50,-22,-44,-22,-50,-25,-46,-32,-48,-29,-48,-31,-53,-30,-54,-31,-55,-33,-54,-31,-57,-33,-57,-31,-59,-34,-61,-27,-55,-28,-57,-26,-54,-27,-58,-26,-54,-24,-51,-25,-53,-31,-50,-29,-47,-28,-50,-30,-54,-34,-53,-32,-53,-31,-52,-29,-55,-27,-53,-23,-56,-22,-56,-18,-60,-12,-58,-9,-58,-8,-57,-4,-53,-4,-52,4,-49,0,0,0,0,0,0,0,0,0,0,0,0,0,0,0,0,0,0,0,0,0,0,19,12,18,16,17,17,13,17,14,19,11,16,9,13,10,15,12,15,13,15,12,17,14,19,14,19,13,21,9,20,11,21,12,26,9,23,9,20,2,18,1,12,3,17,2,8,4,7,2,6,5,1,7,-1,11,-6,13,-10,16,-10,21,-12,26,-12,32,-16,37,-14,41,-15,44,-17,44,-13,52,-14,54,-12,57,-10,59,-11,58,-10,63,-10,63,-11,65,-7,71,-8,64,-8,71,-6,78,-9,75,-5,76,-1,80,-3,81,-1,81,4,84,8,83,10,82,16,0,0]",1
CSI_DATA,53072,1a:00:00:00:00:00,-31,11,1,0,1,1,1,0,0,0,1,-97,0,11,2,714701567,0,44,0,384,0,"[0,0,0,0,0,0,0,0,0,0,0,0,-8,10,-8,10,-7,10,-7,10,-7,10,-7,9,-7,9,-6,9,-6,9,-5,8,-5,8,-4,8,-4,8,-3,8,-3,8,-2,9,-1,9,-1,9,-1,10,0,10,0,10,0,11,0,11,0,11,0,12,0,12,0,0,-1,12,-1,12,-1,11,-1,11,-1,11,-1,10,-1,10,-1,10,0,10,0,10,0,10,0,10,0,11,0,11,-1,11,-1,11,-1,11,-2,11,-2,11,-3,10,-4,10,-4,10,-5,9,-5,9,-6,8,-6,7,0,0,0,0,0,0,0,0,0,0,0,0,0,0,70,-5,70,-2,70,-4,66,-5,65,-10,65,-10,62,-10,64,-11,61,-9,62,-12,57,-9,56,-8,53,-15,47,-11,47,-16,48,-18,43,-21,41,-25,43,-28,39,-28,41,-35,40,-33,39,-38,40,-39,43,-39,43,-43,43,-42,45,-44,46,-47,44,-48,45,-45,50,-46,48,-43,47,-44,45,-37,46,-40,44,-38,44,-35,40,-39,42,-40,39,-41,39,-47,43,-45,42,-43,38,-43,41,-45,47,-42,46,-39,45,-38,47,-35,50,-29,49,-31,51,-25,51,-24,50,-19,50,-16,51,-10,0,0,0,0,0,0,0,0,0,0,0,0,0,0,0,0,0,0,0,0,0,0,-14,22,-18,20,-16,16,-17,15,-14,16,-16,14,-16,11,-19,13,-17,13,-15,18,-18,16,-19,15,-19,13,-18,16,-20,13,-20,10,-24,11,-20,13,-21,7,-17,3,-17,6,-15,3,-9,1,-9,6,-5,8,-1,6,2,6,5,9,12,13,16,17,18,21,16,27,19,29,22,35,19,39,19,40,21,43,22,45,20,52,18,55,20,56,20,55,15,59,20,61,15,59,17,71,19,71,18,68,16,76,15,74,15,76,16,78,10,83,11,78,15,82,10,83,2,81,0,0]",1
CSI_DATA,53073,1a:00:00:00:00:00,-31,11,1,0,1,1,1,0,0,0,1,-97,0,11,2,714720605,0,44,0,384,0,"[0,0,0,0,0,0,0,0,0,0,0,0,3,12,3,11,3,12,3,11,3,11,3,11,3,10,3,10,3,10,3,9,3,9,4,8,4,8,5,7,5,7,6,7,6,6,7,6,7,6,7,7,8,7,8,7,8,7,9,7,9,7,9,7,0,0,9,8,8,8,8,8,8,8,7,7,7,7,7,7,7,6,7,6,8,6,8,6,8,6,8,7,9,7,8,7,8,7,8,8,7,8,7,8,6,9,6,9,5,9,4,9,3,9,3,9,2,9,0,0,0,0,0,0,0,0,0,0,0,0,0,0,50,-62,46,-62,40,-56,41,-57,36,-58,34,-54,37,-59,30,-58,36,-57,31,-54,31,-50,27,-52,25,-53,26,-52,25,-47,20,-49,11,-48,9,-51,9,-49,8,-48,5,-50,3,-57,-1,-55,-6,-55,-6,-58,-4,-56,-3,-64,-2,-63,-1,-68,-7,-65,4,-64,0,-66,4,-67,0,-63,2,-69,3,-58,3,-54,3,-59,-1,-57,-1,-54,-3,-57,-5,-57,-4,-60,-4,-57,-4,-55,-1,-63,3,-58,5,-67,5,-59,9,-57,10,-60,12,-57,17,-56,20,-56,23,-52,20,-47,24,-42,0,0,0,0,0,0,0,0,0,0,0,0,0,0,0,0,0,0,0,0,0,0,8,21,5,21,5,24,6,20,6,21,0,18,1,22,6,21,2,19,2,23,-2,22,1,21,3,24,-1,23,-2,25,-1,22,-3,23,-3,21,-8,22,-7,15,-5,15,-6,14,-2,9,-2,9,1,4,4,4,8,2,9,1,19,2,22,-1,25,-1,30,3,34,0,40,3,43,6,44,11,50,11,52,12,51,17,58,21,57,19,56,19,55,21,62,26,61,21,61,25,63,23,63,28,71,30,72,33,73,34,72,34,68,41,71,43,70,42,65,46,66,41,0,0]",1
CSI_DATA,53074,1a:00:00:00:00:00,-31,11,1,0,1,1,1,0,0,0,1,-97,0,11,2,714730488,0,44,0,384,0,"[0,0,0,0,0,0,0,0,0,0,0,0,-12,6,-12,6,-12,6,-12,6,-12,6,-11,6,-11,5,-10,5,-10,5,-9,5,-9,5,-8,6,-8,6,-7,6,-7,7,-6,7,-6,7,-6,8,-5,9,-6,9,-6,9,-6,10,-6,10,-6,11,-6,11,-6,11,0,0,-7,10,-7,10,-7,10,-7,10,-7,9,-6,9,-6,9,-5,9,-6,9,-5,9,-5,10,-5,10,-5,10,-6,10,-6,10,-6,10,-7,10,-7,9,-8,9,-8,8,-9,8,-9,7,-9,7,-9,6,-9,5,-9,4,0,0,0,0,0,0,0,0,0,0,0,0,0,0,76,14,71,16,71,12,62,9,67,9,64,7,63,6,63,7,62,7,63,4,58,4,59,7,57,1,55,0,51,1,48,-5,48,-9,49,-12,47,-15,47,-13,47,-22,47,-20,50,-24,49,-24,49,-24,54,-26,55,-26,55,-33,56,-32,56,-33,58,-30,61,-27,58,-24,59,-25,57,-22,56,-23,52,-20,51,-22,50,-19,49,-24,50,-25,49,-27,50,-27,54,-33,55,-29,52,-24,56,-23,58,-21,57,-22,57,-15,59,-13,55,-11,56,-9,58,0,54,0,51,6,50,9,0,0,0,0,0,0,0,0,0,0,0,0,0,0,0,0,0,0,0,0,0,0,-17,17,-19,15,-16,13,-20,14,-13,11,-21,12,-18,11,-19,13,-23,12,-17,14,-21,14,-19,14,-21,10,-17,13,-23,8,-23,8,-26,9,-22,6,-20,6,-22,1,-16,3,-12,1,-13,4,-9,3,-5,4,-3,4,1,5,0,11,10,17,10,16,12,24,15,26,17,33,12,38,15,40,13,48,14,45,11,49,9,58,8,59,6,61,4,60,0,64,6,64,2,66,2,68,3,73,3,71,-1,73,3,77,0,78,0,80,-4,84,-7,77,-9,83,-9,84,-17,78,0,0]",1
CSI_DATA,53075,1a:00:00:00:00:00,-31,11,1,0,1,1,1,0,0,0,1,-97,0,11,2,714740476,0,44,0,384,0,"[0,0,0,0,0,0,0,0,0,0,0,0,-3,-13,-3,-13,-3,-13,-3,-13,-3,-13,-3,-12,-3,-12,-2,-11,-2,-11,-3,-10,-3,-10,-4,-9,-4,-9,-4,-8,-5,-8,-6,-8,-6,-8,-7,-8,-7,-8,-7,-8,-8,-9,-8,-9,-8,-9,-9,-9,-9,-9,-9,-9,0,0,-8,-10,-9,-10,-8,-10,-8,-10,-7,-9,-7,-9,-7,-9,-7,-9,-7,-8,-8,-8,-8,-8,-8,-8,-8,-9,-8,-9,-8,-9,-8,-9,-8,-10,-7,-10,-6,-10,-6,-10,-5,-11,-4,-11,-4,-11,-3,-10,-2,-10,-1,-10,0,0,0,0,0,0,0,0,0,0,0,0,0,0,-39,68,-32,60,-37,64,-35,60,-30,57,-31,60,-25,59,-29,63,-26,56,-28,58,-24,53,-25,56,-20,48,-19,49,-19,49,-10,48,-9,50,-6,47,-6,49,0,46,9,54,5,52,6,56,7,54,5,57,10,57,8,57,14,60,10,64,14,65,7,66,8,69,6,65,9,66,9,55,1,58,3,58,6,53,5,54,10,57,8,54,14,55,11,57,14,54,10,61,9,57,6,62,7,58,3,62,0,58,-4,58,-5,58,-11,55,-12,52,-16,49,-19,50,-23,42,0,0,0,0,0,0,0,0,0,0,0,0,0,0,0,0,0,0,0,0,0,0,-11,-18,-9,-23,-7,-22,-9,-21,-8,-21,-4,-21,-7,-22,-7,-21,-7,-20,-6,-20,-5,-20,-4,-24,-7,-24,-2,-24,-2,-24,-4,-24,-2,-27,2,-20,0,-21,5,-21,4,-16,2,-13,0,-12,-1,-8,-3,-8,-4,-5,-8,-2,-15,1,-14,0,-24,3,-26,2,-31,3,-33,-2,-42,2,-46,-4,-49,-6,-49,-8,-51,-6,-54,-10,-56,-13,-58,-12,-60,-13,-61,-17,-64,-18,-64,-16,-67,-17,-70,-17,-68,-18,-68,-27,-68,-27,-77,-28,-74,-29,-82,-33,-69,-33,-74,-37,-76,-42,-74,-42,0,0]",1
CSI_DATA,53076,1a:00:00:00:00:00,-31,11,1,0,1,1,1,0,0,0,1,-97,0,11,2,714760505,0,44,0,384,0,"[0,0,0,0,0,0,0,0,0,0,0,0,-10,8,-10,8,-9,8,-9,8,-9,7,-9,7,-9,7,-8,7,-8,7,-7,7,-7,7,-6,7,-6,7,-5,7,-5,8,-4,8,-4,8,-3,9,-3,9,-3,9,-3,10,-3,10,-3,10,-3,11,-3,11,-3,11,0,0,-4,11,-4,11,-4,11,-4,10,-4,10,-4,10,-3,10,-3,9,-3,9,-2,9,-2,10,-2,10,-2,10,-3,10,-3,10,-3,10,-4,10,-4,10,-5,10,-5,9,-6,9,-6,9,-6,8,-6,7,-7,7,-7,6,0,0,0,0,0,0,0,0,0,0,0,0,0,0,77,0,69,-5,69,-2,65,-4,69,-2,64,-11,67,-4,65,-11,63,-11,57,-13,58,-13,57,-12,55,-14,53,-13,47,-13,44,-17,45,-22,42,-22,40,-25,41,-27,41,-32,41,-32,41,-36,44,-36,44,-39,45,-42,42,-42,47,-44,48,-43,47,-45,49,-43,51,-40,55,-40,52,-38,52,-38,47,-36,45,-34,44,-34,46,-35,43,-36,38,-37,44,-41,41,-39,43,-42,43,-39,47,-42,44,-37,50,-35,51,-31,50,-28,54,-30,51,-26,55,-19,53,-18,49,-13,51,-11,50,-6,0,0,0,0,0,0,0,0,0,0,0,0,0,0,0,0,0,0,0,0,0,0,-10,23,-12,21,-15,17,-16,18,-14,17,-14,15,-15,18,-14,16,-14,15,-17,16,-14,19,-16,11,-16,17,-15,15,-19,16,-18,11,-19,15,-20,12,-18,11,-17,8,-17,7,-13,2,-11,5,-7,2,0,5,2,1,3,6,6,5,13,11,18,15,21,18,21,19,24,27,22,29,24,37,22,38,23,43,26,48,20,47,21,50,23,51,22,57,22,58,25,64,24,60,19,61,20,65,19,65,22,72,17,72,21,75,17,78,16,80,14,78,16,81,9,81,5,80,0,0]",1
CSI_DATA,53077,1a:00:00:00:00:00,-31,11,1,0,1,1,1,0,0,0,1,-97,0,11,2,714770484,0,44,0,384,0,"[0,0,0,0,0,0,0,0,0,0,0,0,-7,-11,-7,-11,-7,-11,-7,-10,-7,-10,-7,-10,-7,-10,-6,-9,-6,-9,-7,-8,-7,-8,-7,-7,-7,-7,-7,-6,-8,-6,-9,-5,-9,-5,-9,-5,-10,-5,-10,-5,-10,-5,-11,-5,-11,-5,-11,-5,-12,-5,-12,-5,0,0,-11,-6,-11,-6,-11,-6,-11,-6,-10,-5,-10,-6,-10,-5,-10,-5,-10,-5,-10,-4,-11,-4,-10,-4,-10,-5,-10,-4,-11,-5,-11,-5,-11,-6,-10,-6,-10,-6,-9,-7,-9,-7,-8,-8,-8,-8,-7,-8,-6,-8,-5,-8,0,0,0,0,0,0,0,0,0,0,0,0,0,0,-20,75,-20,71,-16,69,-10,64,-9,64,-11,66,-7,65,-11,65,-5,63,-7,62,-5,56,-8,56,-5,53,1,51,1,50,2,52,8,49,12,49,10,48,16,46,21,47,24,43,25,47,24,50,24,50,27,54,28,55,29,55,28,57,31,56,29,54,30,57,29,56,29,56,26,56,25,55,23,50,26,50,22,51,25,48,26,46,30,47,28,50,30,49,26,51,28,47,28,53,27,54,22,56,18,53,17,56,14,53,10,55,6,56,4,50,1,49,-4,46,0,0,0,0,0,0,0,0,0,0,0,0,0,0,0,0,0,0,0,0,0,0,-15,-20,-12,-23,-11,-20,-12,-21,-10,-21,-8,-22,-8,-18,-8,-21,-11,-18,-8,-21,-5,-24,-8,-17,-11,-21,-11,-22,-7,-22,-8,-22,-4,-25,-4,-21,-2,-23,0,-18,0,-17,1,-17,-1,-14,-4,-8,-4,-7,-7,-4,-8,1,-10,4,-18,6,-20,7,-23,13,-33,12,-30,11,-42,10,-43,8,-46,5,-49,3,-53,5,-56,5,-59,3,-61,2,-60,4,-63,-1,-67,-1,-65,1,-67,2,-72,-2,-73,0,-74,-2,-76,-7,-80,-7,-84,-7,-82,-10,-85,-12,-88,-13,-85,-15,-81,-19,0,0]",1
CSI_DATA,53078,1a:00:00:00:00:00,-31,11,1,0,1,1,1,0,0,0,1,-97,0,11,2,714780486,0,44,0,384,0,"[0,0,0,0,0,0,0,0,0,0,0,0,12,-1,12,-1,12,-1,12,-1,12,-1,11,-1,11,0,11,-1,10,-1,9,-1,9,-2,9,-3,9,-3,8,-4,8,-4,8,-4,8,-5,8,-6,8,-6,8,-6,9,-6,9,-7,9,-7,9,-8,9,-8,9,-8,0,0,10,-7,10,-7,10,-7,10,-7,9,-6,9,-6,9,-6,9,-6,8,-6,8,-6,8,-7,8,-7,8,-7,9,-7,9,-7,9,-6,10,-6,10,-6,10,-5,10,-4,10,-4,10,-3,10,-3,9,-2,10,-1,9,-1,0,0,0,0,0,0,0,0,0,0,0,0,0,0,-50,-53,-46,-50,-48,-46,-47,-53,-51,-48,-49,-47,-50,-44,-48,-48,-48,-45,-48,-43,-44,-39,-44,-38,-47,-39,-44,-32,-45,-28,-44,-27,-46,-25,-45,-21,-45,-20,-47,-13,-52,-13,-52,-11,-53,-11,-54,-9,-58,-11,-64,-7,-62,-11,-66,-7,-62,-10,-65,-10,-66,-15,-66,-13,-64,-15,-63,-15,-58,-16,-61,-16,-56,-16,-55,-15,-56,-14,-56,-8,-55,-12,-54,-9,-59,-11,-60,-6,-61,-11,-58,-8,-60,-13,-61,-20,-58,-18,-58,-18,-55,-24,-54,-28,-50,-30,-50,-31,-40,-31,-39,-32,-37,-35,0,0,0,0,0,0,0,0,0,0,0,0,0,0,0,0,0,0,0,0,0,0,23,-7,24,-1,23,1,23,1,21,-1,21,-2,19,1,22,2,20,2,21,0,24,-1,24,3,22,1,23,3,23,4,23,3,23,6,20,9,19,8,19,7,15,5,13,7,9,4,7,1,8,-1,8,-3,3,-7,2,-14,5,-15,3,-24,2,-27,7,-31,8,-35,14,-36,14,-40,14,-47,18,-43,20,-49,27,-47,24,-55,29,-54,31,-53,33,-53,32,-58,34,-54,37,-60,38,-59,40,-62,45,-65,45,-62,48,-61,51,-64,54,-63,50,-57,58,-58,62,-60,58,-55,0,0]",1
CSI_DATA,53079,1a:00:00:00:00:00,-31,11,1,0,1,1,1,0,0,0,1,-97,0,11,2,714800507,0,44,0,384,0,"[0,0,0,0,0,0,0,0,0,0,0,0,-8,-11,-8,-11,-8,-11,-8,-11,-8,-10,-8,-10,-7,-10,-7,-10,-7,-9,-7,-8,-7,-8,-7,-7,-7,-7,-8,-6,-8,-6,-9,-5,-9,-5,-9,-5,-10,-5,-10,-5,-10,-5,-11,-5,-11,-5,-12,-5,-12,-5,-12,-5,0,0,-12,-6,-12,-6,-11,-6,-11,-6,-11,-6,-10,-6,-10,-6,-10,-5,-10,-5,-10,-5,-11,-4,-11,-5,-11,-5,-11,-5,-11,-5,-11,-6,-11,-6,-10,-6,-10,-7,-9,-7,-9,-8,-8,-8,-8,-8,-7,-8,-6,-9,-5,-8,0,0,0,0,0,0,0,0,0,0,0,0,0,0,-23,68,-24,67,-16,64,-17,67,-17,69,-18,61,-13,66,-16,67,-15,60,-16,58,-16,56,-13,56,-10,56,-5,56,-7,50,-3,51,0,52,10,51,7,47,10,46,16,48,17,53,19,51,21,51,17,55,24,56,21,58,24,59,24,59,25,60,23,63,21,61,16,64,20,61,19,57,16,56,14,52,15,53,18,53,18,55,22,51,21,52,21,52,24,52,21,56,22,55,18,56,19,61,13,57,9,54,5,56,2,60,4,56,0,55,-5,49,-8,51,-12,46,0,0,0,0,0,0,0,0,0,0,0,0,0,0,0,0,0,0,0,0,0,0,-15,-17,-13,-20,-11,-21,-10,-21,-12,-24,-11,-18,-8,-20,-7,-21,-7,-19,-11,-19,-8,-18,-7,-20,-9,-24,-8,-20,-7,-23,-8,-23,-5,-21,-3,-24,-2,-22,-2,-18,2,-15,-3,-15,-1,-13,-3,-9,-4,-6,-5,-4,-13,2,-11,2,-15,7,-22,9,-25,10,-31,8,-34,9,-37,8,-42,8,-49,8,-50,4,-52,8,-54,3,-59,-1,-62,-2,-62,0,-61,-5,-69,-1,-63,-6,-68,1,-73,-5,-75,-7,-74,-7,-80,-9,-82,-10,-80,-11,-83,-14,-82,-19,-84,-15,-81,-20,-79,-21,0,0]",1
CSI_DATA,53080,1a:00:00:00:00:00,-31,11,1,0,1,1,1,0,0,0,1,-97,0,11,2,714810488,0,44,0,384,0,"[0,0,0,0,0,0,0,0,0,0,0,0,12,-4,12,-4,11,-4,12,-4,11,-4,11,-4,11,-4,10,-3,10,-4,9,-4,9,-4,8,-5,8,-5,7,-6,7,-6,7,-7,7,-7,6,-7,6,-8,6,-9,7,-9,7,-9,7,-9,7,-10,7,-10,7,-10,0,0,8,-10,8,-9,8,-9,8,-9,8,-9,7,-8,7,-8,6,-8,6,-9,6,-9,6,-9,6,-9,6,-9,7,-10,7,-9,7,-9,7,-9,8,-9,8,-8,8,-7,9,-7,9,-6,9,-6,9,-5,9,-4,8,-3,0,0,0,0,0,0,0,0,0,0,0,0,0,0,-57,-55,-50,-51,-53,-48,-52,-46,-53,-48,-52,-41,-52,-42,-52,-44,-49,-39,-48,-38,-51,-38,-48,-37,-51,-33,-46,-29,-44,-30,-49,-27,-47,-20,-49,-19,-50,-14,-47,-10,-52,-9,-53,-6,-59,-3,-60,-4,-57,-4,-61,-4,-64,-4,-60,-2,-65,-4,-66,-6,-68,-6,-69,-9,-65,-7,-65,-9,-64,-13,-62,-14,-57,-12,-59,-8,-57,-5,-58,-3,-56,-2,-55,-1,-61,-6,-61,-3,-63,-2,-57,-5,-61,-7,-61,-8,-59,-14,-57,-9,-59,-16,-57,-16,-51,-22,-50,-24,-48,-26,-42,-27,-43,-32,0,0,0,0,0,0,0,0,0,0,0,0,0,0,0,0,0,0,0,0,0,0,24,-5,24,-3,22,3,22,3,19,0,20,0,21,2,21,-1,21,1,16,1,23,2,21,1,22,3,25,4,24,5,23,5,22,5,20,6,19,9,16,7,19,5,13,6,10,5,6,5,6,-1,2,-6,5,-9,3,-12,3,-15,0,-23,3,-27,3,-30,11,-37,11,-36,13,-44,17,-48,16,-49,18,-52,23,-54,27,-52,26,-56,28,-53,31,-55,33,-56,34,-59,34,-63,34,-62,37,-60,38,-67,43,-63,45,-63,47,-68,53,-67,51,-63,56,-64,54,-64,53,-59,0,0]",1
CSI_DATA,53081,1a:00:00:00:00:00,-31,11,1,0,1,1,1,0,0,0,1,-97,0,11,2,714820484,0,44,0,384,0,"[0,0,0,0,0,0,0,0,0,0,0,0,-5,12,-4,12,-4,12,-5,12,-4,12,-4,11,-4,11,-4,10,-4,10,-3,10,-2,10,-2,9,-1,9,-1,9,0,9,1,9,1,9,2,10,2,10,2,10,2,10,3,11,3,11,3,11,3,11,3,11,0,0,2,12,3,12,2,11,2,12,2,11,2,11,2,10,2,10,3,10,3,10,3,10,3,10,3,11,3,10,3,11,2,11,2,11,2,11,1,11,0,11,0,11,-1,11,-2,11,-2,10,-3,10,-3,8,0,0,0,0,0,0,0,0,0,0,0,0,0,0,70,-36,61,-28,60,-32,56,-38,61,-36,56,-35,57,-37,55,-38,53,-38,53,-32,48,-35,47,-35,47,-35,42,-32,44,-34,36,-37,34,-37,32,-38,34,-43,28,-44,24,-47,26,-48,24,-49,20,-55,25,-57,22,-57,25,-53,29,-62,28,-59,30,-61,29,-60,33,-59,30,-58,29,-57,32,-54,31,-52,28,-50,27,-50,23,-52,24,-49,20,-50,22,-52,28,-53,23,-53,26,-51,26,-57,31,-52,31,-54,32,-50,34,-47,36,-47,38,-44,35,-39,43,-35,39,-37,42,-31,44,-25,0,0,0,0,0,0,0,0,0,0,0,0,0,0,0,0,0,0,0,0,0,0,-2,24,-1,22,-3,21,-7,21,-7,21,-11,19,-4,16,-7,22,-7,19,-7,20,-9,21,-9,21,-9,21,-6,21,-10,26,-13,21,-8,20,-15,18,-10,17,-14,15,-11,13,-7,11,-7,9,-5,5,0,9,3,5,7,4,10,3,18,8,19,9,25,11,31,15,32,14,37,19,38,24,36,26,38,28,41,32,41,37,45,42,43,42,43,43,40,45,43,47,44,46,47,49,48,54,48,50,52,60,50,60,48,64,49,64,45,68,46,66,48,75,44,73,41,70,0,0]",1
CSI_DATA,53082,1a:00:00:00:00:00,-31,11,1,0,1,1,1,0,0,0,1,-97,0,11,2,714840508,0,44,0,384,0,"[0,0,0,0,0,0,0,0,0,0,0,0,12,-2,12,-3,12,-3,12,-3,12,-3,11,-2,11,-3,10,-3,10,-3,9,-3,9,-3,9,-4,8,-4,8,-5,7,-5,7,-6,7,-6,7,-7,7,-7,7,-8,8,-8,8,-8,8,-8,8,-9,8,-9,8,-9,0,0,9,-9,9,-8,9,-8,9,-8,8,-7,8,-7,8,-7,7,-7,7,-8,7,-8,7,-8,7,-8,7,-8,7,-8,8,-8,8,-8,9,-8,9,-7,9,-7,9,-6,10,-6,9,-5,10,-4,9,-3,9,-2,9,-2,0,0,0,0,0,0,0,0,0,0,0,0,0,0,-65,-48,-61,-46,-60,-38,-60,-40,-59,-38,-58,-32,-55,-36,-56,-36,-58,-30,-57,-31,-51,-32,-55,-28,-52,-22,-51,-23,-53,-22,-54,-20,-53,-13,-50,-11,-50,-7,-53,-2,-53,-3,-54,0,-58,5,-57,2,-59,2,-60,4,-62,6,-61,6,-64,4,-65,6,-66,3,-71,4,-62,-3,-62,-2,-66,-2,-60,0,-57,-3,-61,-2,-56,1,-59,2,-56,0,-60,7,-60,0,-59,5,-61,2,-62,4,-62,2,-62,-2,-61,-5,-60,-8,-60,-9,-59,-13,-56,-15,-55,-18,-50,-23,-46,-23,-42,-24,0,0,0,0,0,0,0,0,0,0,0,0,0,0,0,0,0,0,0,0,0,0,21,-10,20,-11,20,-3,22,-4,21,-3,22,-6,21,-2,21,-5,24,-5,20,-3,22,-2,22,-5,22,-4,21,-4,23,-1,23,-3,22,1,18,0,20,3,20,3,14,2,17,4,14,1,8,2,5,-6,2,-5,0,-9,0,-11,-4,-19,-3,-20,-4,-27,-4,-34,-1,-38,1,-42,0,-44,7,-46,8,-50,10,-50,14,-55,14,-59,15,-58,16,-59,22,-62,19,-64,19,-63,21,-71,22,-65,25,-68,24,-72,30,-69,29,-70,31,-79,38,-78,39,-74,37,-73,42,-70,45,-76,0,0]",1
CSI_DATA,53083,1a:00:00:00:00:00,-31,11,1,0,1,1,1,0,0,0,1,-97,0,11,2,714850508,0,44,0,384,0,"[0,0,0,0,0,0,0,0,0,0,0,0,-3,12,-3,12,-3,12,-3,12,-3,11,-3,11,-3,10,-2,10,-2,10,-2,9,-1,9,-1,9,0,9,0,9,1,8,2,9,2,8,3,9,3,9,3,9,3,9,3,10,4,10,4,10,4,10,4,11,0,0,3,11,3,11,3,11,3,10,3,10,2,10,3,9,3,9,3,9,3,9,4,9,4,9,4,9,4,10,3,10,3,10,3,10,2,10,2,10,1,10,0,10,-1,10,-1,10,-1,9,-2,9,-2,8,0,0,0,0,0,0,0,0,0,0,0,0,0,0,66,-44,58,-37,59,-43,57,-45,54,-40,55,-42,51,-43,49,-41,51,-39,49,-41,47,-41,43,-40,42,-41,40,-42,37,-37,32,-38,27,-39,23,-44,25,-46,22,-39,19,-49,21,-49,17,-56,16,-53,19,-57,15,-60,20,-60,16,-63,22,-69,16,-64,20,-63,21,-64,21,-60,25,-65,23,-57,24,-57,21,-51,16,-51,19,-53,15,-54,15,-54,13,-57,17,-58,15,-55,18,-58,15,-58,20,-58,22,-63,20,-54,28,-55,25,-50,33,-52,34,-44,34,-43,36,-41,37,-34,38,-31,0,0,0,0,0,0,0,0,0,0,0,0,0,0,0,0,0,0,0,0,0,0,-2,22,-2,21,-6,21,-7,23,-6,20,-9,21,-2,18,-6,20,-5,19,-5,20,-10,20,-7,19,-5,22,-5,24,-5,23,-10,18,-10,22,-14,20,-8,17,-11,12,-11,13,-6,13,-6,9,-3,7,-1,7,2,5,8,5,12,3,19,4,22,4,25,9,31,9,36,14,36,19,38,20,39,25,38,27,42,32,48,35,47,37,44,40,44,39,50,43,49,40,50,43,48,44,48,46,53,49,53,53,55,53,54,59,59,58,53,64,53,65,52,65,51,66,50,64,0,0]",1
CSI_DATA,53084,1a:00:00:00:00:00,-31,11,1,0,1,1,1,0,0,0,1,-97,0,11,2,714860501,0,44,0,384,0,"[0,0,0,0,0,0,0,0,0,0,0,0,-12,-7,-11,-7,-11,-7,-11,-7,-11,-7,-11,-7,-10,-7,-10,-6,-10,-6,-10,-5,-10,-5,-10,-4,-9,-3,-9,-3,-10,-3,-10,-2,-10,-1,-11,-1,-11,-1,-11,-1,-11,-1,-12,0,-12,0,-12,0,-13,0,-13,0,0,0,-13,-1,-13,-1,-12,-1,-12,-1,-12,-2,-11,-2,-11,-2,-11,-1,-11,-1,-11,-1,-11,0,-11,0,-12,0,-12,-1,-12,-1,-12,-1,-12,-2,-12,-2,-12,-3,-11,-3,-11,-4,-11,-5,-10,-5,-9,-5,-9,-6,-8,-6,0,0,0,0,0,0,0,0,0,0,0,0,0,0,3,75,4,69,11,70,6,64,11,65,11,65,8,64,12,65,11,63,9,58,11,55,14,55,13,50,14,49,14,48,23,45,22,43,22,43,27,43,28,40,33,37,32,40,37,40,39,39,38,41,41,43,40,42,43,41,41,44,44,42,44,46,45,50,38,49,40,45,38,47,37,48,36,45,34,43,37,40,38,41,41,37,36,41,43,38,44,35,40,43,39,39,37,43,40,43,36,46,35,42,32,51,26,48,21,48,20,52,15,47,14,44,9,46,0,0,0,0,0,0,0,0,0,0,0,0,0,0,0,0,0,0,0,0,0,0,-18,-12,-19,-14,-17,-13,-18,-15,-16,-16,-17,-10,-13,-16,-18,-13,-16,-12,-16,-14,-17,-17,-17,-14,-21,-18,-16,-17,-16,-21,-15,-17,-14,-21,-12,-19,-8,-16,-6,-13,-8,-14,-7,-10,-6,-8,-7,-5,-6,-4,-10,2,-8,5,-11,8,-12,11,-14,15,-18,16,-27,21,-28,20,-31,26,-36,22,-40,26,-45,24,-47,24,-51,24,-54,25,-58,21,-56,24,-60,21,-59,22,-61,20,-64,28,-65,25,-65,24,-71,20,-76,21,-75,19,-80,24,-82,20,-77,15,-80,20,-81,14,-77,9,0,0]",1
CSI_DATA,53085,1a:00:00:00:00:00,-31,11,1,0,1,1,1,0,0,0,1,-97,0,11,2,714880509,0,44,0,384,0,"[0,0,0,0,0,0,0,0,0,0,0,0,1,12,1,12,1,12,1,12,1,12,1,11,1,11,1,11,1,10,1,9,2,9,2,9,2,9,3,8,4,8,5,8,5,7,5,7,6,8,6,8,7,8,7,8,7,8,7,8,7,9,8,9,0,0,7,9,7,9,7,9,6,9,6,9,6,9,6,8,6,8,6,7,6,7,7,8,7,8,7,8,7,8,7,8,7,9,6,9,6,9,6,9,5,9,4,10,4,10,3,10,2,9,1,9,1,9,0,0,0,0,0,0,0,0,0,0,0,0,0,0,54,-57,53,-56,46,-57,43,-52,43,-49,43,-54,38,-54,42,-58,38,-52,37,-51,34,-49,33,-48,31,-48,27,-45,27,-46,21,-49,19,-46,15,-45,14,-49,10,-47,8,-55,5,-55,2,-59,3,-55,6,-61,3,-59,3,-60,2,-63,2,-66,2,-67,7,-66,6,-67,6,-63,7,-64,3,-60,12,-62,7,-57,7,-58,6,-57,5,-54,2,-55,-1,-57,0,-59,0,-58,2,-60,3,-60,8,-62,7,-57,9,-59,14,-60,16,-55,17,-56,21,-54,25,-50,24,-46,29,-45,29,-39,0,0,0,0,0,0,0,0,0,0,0,0,0,0,0,0,0,0,0,0,0,0,3,22,1,22,3,22,0,24,-1,23,-1,22,-5,20,-5,19,-4,19,0,19,-1,21,-3,21,-1,26,-1,23,-2,22,-8,20,-8,21,-9,21,-6,20,-9,19,-6,12,-4,12,-3,10,-1,8,1,8,4,3,6,4,14,2,18,2,21,1,27,0,34,-1,35,3,40,7,43,12,42,14,45,17,50,18,54,24,49,23,57,31,51,26,57,31,56,30,62,30,55,33,60,32,64,39,67,37,64,40,63,39,69,38,67,48,66,50,67,50,62,57,61,55,0,0]",1
CSI_DATA,53086,1a:00:00:00:00:00,-31,11,1,0,1,1,1,0,0,0,1,-97,0,11,2,714890504,0,44,0,384,0,"[0,0,0,0,0,0,0,0,0,0,0,0,-12,-7,-12,-6,-12,-6,-12,-6,-12,-6,-11,-6,-11,-6,-11,-5,-10,-5,-10,-4,-10,-4,-10,-3,-10,-3,-10,-2,-10,-1,-10,-1,-10,0,-11,0,-11,1,-11,0,-11,1,-12,1,-12,1,-12,1,-12,1,-13,1,0,0,-13,0,-13,0,-12,0,-12,0,-12,0,-12,0,-11,0,-11,0,-11,1,-11,1,-11,1,-11,1,-11,1,-11,1,-12,1,-12,0,-12,0,-12,0,-12,-1,-12,-1,-12,-2,-11,-3,-11,-3,-10,-4,-10,-4,-9,-5,0,0,0,0,0,0,0,0,0,0,0,0,0,0,10,71,13,68,16,69,17,64,19,66,18,63,18,62,18,58,18,63,19,60,20,56,20,56,20,53,21,48,19,47,26,44,26,43,24,40,31,38,33,37,36,33,37,33,40,35,41,37,41,38,44,38,46,40,48,41,46,41,49,39,49,45,45,45,45,42,44,43,40,44,36,41,39,43,36,42,40,40,41,35,38,35,43,34,41,36,42,37,42,39,42,40,38,41,41,41,37,44,36,40,33,45,27,47,24,49,23,50,19,49,17,48,11,46,0,0,0,0,0,0,0,0,0,0,0,0,0,0,0,0,0,0,0,0,0,0,-24,-5,-20,-6,-20,-12,-18,-15,-18,-11,-13,-9,-18,-9,-19,-10,-18,-10,-17,-13,-16,-14,-17,-12,-21,-14,-19,-14,-19,-15,-18,-13,-17,-13,-16,-15,-13,-14,-13,-13,-11,-13,-7,-10,-7,-6,-5,-5,-7,-2,-7,0,-7,2,-13,8,-11,14,-10,16,-17,19,-20,27,-21,26,-27,27,-33,31,-36,32,-38,33,-41,30,-48,30,-49,30,-49,30,-50,30,-54,32,-57,33,-56,30,-53,34,-60,32,-64,31,-68,33,-67,29,-71,32,-72,35,-77,30,-78,29,-77,30,-76,20,-75,18,0,0]",1
CSI_DATA,53087,1a:00:00:00:00:00,-31,11,1,0,1,1,1,0,0,0,1,-97,0,11,2,714900482,0,44,0,384,0,"[0,0,0,0,0,0,0,0,0,0,0,0,9,-8,9,-9,9,-9,9,-9,9,-8,8,-8,8,-8,8,-8,7,-7,6,-7,6,-7,6,-8,5,-8,5,-8,4,-8,3,-9,3,-9,3,-9,3,-10,3,-10,3,-10,3,-11,3,-11,3,-12,3,-12,3,-12,0,0,4,-12,4,-12,4,-12,4,-11,4,-11,4,-10,3,-10,3,-10,2,-10,2,-10,2,-11,2,-11,2,-11,3,-11,3,-11,3,-11,4,-11,4,-10,4,-10,5,-10,6,-9,6,-9,6,-8,6,-8,7,-7,7,-6,0,0,0,0,0,0,0,0,0,0,0,0,0,0,-72,-11,-70,-13,-70,-5,-65,-7,-68,-5,-63,-5,-68,-4,-64,-6,-65,1,-61,-2,-55,-3,-58,-4,-56,2,-50,2,-51,0,-52,6,-50,11,-47,12,-46,14,-48,18,-49,21,-47,23,-47,30,-49,27,-51,30,-53,31,-54,30,-52,34,-59,32,-58,32,-57,30,-56,30,-56,28,-57,28,-55,25,-53,21,-51,22,-53,25,-48,28,-48,28,-48,26,-48,28,-47,29,-50,30,-53,27,-51,29,-55,23,-55,28,-53,22,-54,19,-57,16,-55,13,-52,9,-52,6,-54,3,-51,-1,-49,-2,0,0,0,0,0,0,0,0,0,0,0,0,0,0,0,0,0,0,0,0,0,0,15,-18,16,-18,16,-15,17,-13,15,-12,14,-11,16,-13,15,-11,15,-12,17,-13,16,-13,16,-15,16,-14,19,-12,21,-14,19,-10,20,-11,22,-10,17,-7,15,-6,16,-6,11,-5,9,-5,7,-6,2,-7,2,-7,-2,-7,-8,-12,-11,-15,-15,-16,-15,-23,-18,-28,-14,-32,-15,-38,-17,-41,-18,-45,-17,-47,-14,-50,-13,-55,-12,-55,-12,-59,-12,-59,-8,-64,-12,-64,-10,-63,-8,-67,-12,-68,-8,-69,-9,-74,-9,-76,-4,-77,-7,-83,1,-80,1,-79,1,-86,3,-81,4,-80,0,0]",1
CSI_DATA,53088,1a:00:00:00:00:00,-31,11,1,0,1,1,1,0,0,0,1,-97,0,11,2,714920495,0,44,0,384,0,"[0,0,0,0,0,0,0,0,0,0,0,0,-14,-3,-13,-3,-13,-3,-13,-3,-13,-3,-12,-3,-12,-3,-11,-3,-11,-2,-11,-2,-11,-1,-10,-1,-10,0,-10,0,-10,1,-10,2,-10,2,-10,3,-10,3,-11,3,-11,3,-11,3,-11,3,-12,4,-12,4,-12,4,0,0,-13,3,-12,3,-12,3,-12,3,-11,2,-11,2,-11,2,-11,2,-10,3,-11,3,-11,4,-11,4,-11,4,-11,3,-12,3,-11,3,-12,2,-12,2,-12,1,-12,0,-12,0,-11,-1,-11,-1,-10,-2,-10,-3,-9,-3,0,0,0,0,0,0,0,0,0,0,0,0,0,0,32,65,31,67,32,63,35,61,32,60,35,59,36,59,33,60,33,58,31,54,31,55,31,53,34,45,31,45,29,46,35,40,33,39,36,35,35,34,39,31,41,27,46,27,46,27,50,23,49,30,53,28,54,34,55,29,56,31,55,30,60,32,55,38,51,35,53,31,52,33,49,33,47,31,45,33,47,31,50,27,45,30,47,27,49,29,54,26,51,32,51,32,49,33,51,34,46,34,46,32,44,40,41,38,36,42,31,44,29,43,24,46,22,44,0,0,0,0,0,0,0,0,0,0,0,0,0,0,0,0,0,0,0,0,0,0,-27,-2,-23,-1,-21,-7,-21,-8,-19,-11,-19,-4,-23,-5,-23,-7,-18,-6,-20,-6,-20,-6,-20,-9,-22,-10,-21,-6,-23,-9,-23,-11,-21,-14,-20,-15,-19,-14,-18,-11,-16,-9,-9,-9,-11,-7,-7,-5,-9,-3,-7,0,-6,5,-6,12,-4,16,-7,22,-11,28,-15,28,-15,33,-20,35,-25,38,-27,41,-34,36,-37,41,-40,39,-41,44,-44,40,-44,42,-46,41,-52,43,-47,44,-47,48,-50,49,-54,49,-60,50,-62,48,-65,49,-64,48,-69,50,-69,44,-75,45,-74,37,-72,43,0,0]",1
CSI_DATA,53089,1a:00:00:00:00:00,-31,11,1,0,1,1,1,0,0,0,1,-97,0,11,2,714930481,0,44,0,384,0,"[0,0,0,0,0,0,0,0,0,0,0,0,8,-11,7,-11,7,-11,7,-11,7,-11,7,-10,7,-10,6,-10,6,-10,5,-9,5,-10,4,-10,3,-10,3,-10,2,-10,1,-10,1,-10,1,-11,0,-11,0,-12,0,-12,0,-12,0,-12,0,-13,0,-13,0,-13,0,0,1,-13,0,-13,0,-13,1,-13,1,-12,1,-12,1,-11,0,-11,0,-11,0,-12,-1,-12,-1,-12,-1,-12,0,-12,0,-12,0,-12,0,-13,1,-12,2,-12,2,-12,3,-11,3,-11,4,-11,4,-10,5,-9,5,-8,0,0,0,0,0,0,0,0,0,0,0,0,0,0,-72,12,-70,11,-70,15,-66,16,-68,19,-66,16,-64,17,-64,20,-64,16,-64,16,-56,18,-55,18,-53,19,-50,20,-50,20,-47,24,-43,26,-40,31,-39,31,-37,35,-35,34,-37,40,-37,41,-37,43,-39,41,-35,46,-39,46,-40,49,-45,46,-40,51,-41,49,-44,49,-43,45,-40,43,-42,44,-42,42,-40,38,-38,37,-37,41,-35,38,-36,42,-36,45,-35,44,-35,47,-37,46,-36,47,-39,41,-40,45,-45,41,-40,37,-49,36,-46,33,-43,29,-47,25,-45,22,-48,20,-49,13,0,0,0,0,0,0,0,0,0,0,0,0,0,0,0,0,0,0,0,0,0,0,10,-24,12,-20,11,-18,15,-17,14,-18,14,-15,13,-15,16,-14,13,-19,13,-17,15,-14,15,-17,16,-16,11,-18,15,-18,15,-18,16,-14,19,-15,16,-13,13,-10,12,-5,12,-8,6,-7,4,-7,3,-6,-4,-6,-4,-9,-9,-10,-14,-12,-17,-14,-23,-18,-23,-24,-25,-24,-26,-32,-26,-34,-27,-40,-26,-44,-29,-47,-28,-47,-29,-52,-29,-53,-29,-52,-27,-56,-28,-57,-33,-58,-26,-63,-28,-64,-31,-63,-29,-68,-30,-71,-30,-72,-32,-77,-27,-81,-23,-78,-25,-81,-24,-84,-17,-78,0,0]",1
CSI_DATA,53090,1a:00:00:00:00:00,-31,11,1,0,1,1,1,0,0,0,1,-97,0,11,2,714940505,0,44,0,384,0,"[0,0,0,0,0,0,0,0,0,0,0,0,2,13,2,12,2,12,2,12,2,12,2,11,2,11,2,10,2,10,2,10,2,9,3,9,3,8,4,8,4,8,5,7,5,7,6,7,7,7,7,7,7,7,7,8,8,8,8,8,8,8,8,8,0,0,8,9,8,9,7,8,8,8,7,8,7,8,7,8,7,7,7,7,7,7,8,6,8,7,8,7,8,7,8,8,7,8,7,8,7,8,6,9,6,9,5,9,4,9,4,9,3,9,2,9,2,9,0,0,0,0,0,0,0,0,0,0,0,0,0,0,43,-63,46,-55,43,-58,39,-58,34,-63,41,-56,36,-57,33,-57,35,-58,32,-56,31,-53,29,-51,26,-54,24,-52,21,-49,17,-51,17,-50,13,-51,9,-50,7,-51,3,-54,-1,-53,-4,-54,-4,-57,-1,-57,-3,-58,-2,-63,-4,-64,0,-64,-4,-66,-5,-65,0,-67,0,-64,2,-64,2,-60,3,-61,2,-57,3,-58,-1,-57,-3,-55,-3,-53,-3,-55,-6,-57,-6,-59,-2,-54,-1,-61,1,-61,2,-61,4,-56,5,-55,8,-59,12,-56,15,-58,17,-50,23,-49,22,-45,24,-43,0,0,0,0,0,0,0,0,0,0,0,0,0,0,0,0,0,0,0,0,0,0,6,21,7,21,4,24,1,23,0,20,-2,21,1,20,0,18,5,18,3,21,1,21,0,22,-1,21,0,24,-2,23,-3,24,0,26,-4,21,-6,20,-6,19,-8,15,-5,15,-6,9,2,7,3,5,5,0,6,0,14,0,16,-3,26,-3,25,-3,33,0,36,3,40,6,44,8,47,11,48,9,51,16,54,18,56,18,57,19,56,18,58,25,62,21,62,23,61,28,63,26,63,27,69,28,70,30,72,37,73,36,72,37,68,43,77,40,71,46,70,43,0,0]",1
CSI_DATA,53091,1a:00:00:00:00:00,-31,11,1,0,1,1,1,0,0,0,1,-97,0,11,2,714960499,0,44,0,384,0,"[0,0,0,0,0,0,0,0,0,0,0,0,11,-7,11,-7,11,-7,11,-7,11,-7,11,-7,10,-6,10,-6,9,-6,8,-7,8,-7,7,-7,7,-7,6,-8,6,-8,5,-9,5,-9,5,-9,5,-10,5,-10,5,-10,5,-11,5,-11,5,-11,5,-12,5,-12,0,0,6,-11,6,-11,6,-11,6,-11,6,-10,6,-10,5,-10,5,-10,5,-10,4,-10,4,-11,4,-11,5,-11,5,-11,5,-11,6,-11,6,-10,6,-10,7,-10,7,-9,8,-9,8,-8,8,-7,8,-7,8,-6,8,-5,0,0,0,0,0,0,0,0,0,0,0,0,0,0,-73,-14,-70,-18,-69,-11,-71,-10,-68,-11,-73,-9,-66,-4,-71,-7,-65,-4,-65,-7,-62,-7,-58,-7,-56,-3,-56,-3,-53,1,-52,5,-53,10,-46,10,-47,8,-46,18,-48,19,-50,22,-52,21,-53,22,-54,21,-52,29,-53,26,-53,27,-56,30,-57,29,-58,29,-62,26,-56,23,-58,23,-59,23,-57,21,-56,19,-51,22,-53,19,-48,21,-47,22,-52,26,-51,28,-51,28,-54,22,-52,26,-56,24,-57,26,-55,19,-56,14,-59,11,-59,11,-55,4,-51,3,-56,1,-48,-3,-47,-5,0,0,0,0,0,0,0,0,0,0,0,0,0,0,0,0,0,0,0,0,0,0,14,-17,18,-16,13,-13,18,-11,17,-11,20,-12,16,-13,17,-9,16,-12,14,-13,18,-11,18,-12,20,-13,19,-14,23,-10,23,-10,21,-7,15,-11,19,-7,18,-6,15,-2,7,-2,7,-4,4,-7,5,-8,1,-7,-2,-7,-7,-11,-8,-12,-12,-17,-13,-21,-16,-31,-14,-34,-15,-39,-12,-42,-11,-46,-13,-49,-18,-49,-8,-54,-14,-57,-8,-55,-9,-57,-8,-62,-7,-62,-9,-64,-9,-67,-9,-67,-6,-74,-3,-76,-2,-76,-3,-78,-2,-82,1,-84,2,-83,4,-85,9,-85,14,-81,0,0]",1
CSI_DATA,53092,1a:00:00:00:00:00,-31,11,1,0,1,1,1,0,0,0,1,-97,0,11,2,714970480,0,44,0,384,0,"[0,0,0,0,0,0,0,0,0,0,0,0,1,12,2,12,2,12,1,12,1,12,1,11,1,11,1,10,1,10,2,9,2,9,3,8,3,8,3,8,3,8,5,7,5,7,5,7,6,7,6,8,6,8,7,8,7,8,7,8,7,8,7,8,0,0,7,9,7,9,6,9,6,9,6,9,6,8,6,8,6,8,6,7,6,7,6,7,7,7,7,8,7,8,6,8,6,8,6,9,6,9,5,9,4,9,4,10,3,10,2,10,2,9,1,9,0,8,0,0,0,0,0,0,0,0,0,0,0,0,0,0,52,-56,50,-51,51,-51,45,-54,41,-52,40,-52,41,-51,41,-52,39,-52,38,-51,37,-50,35,-46,35,-48,29,-44,30,-44,22,-47,19,-49,16,-49,16,-51,11,-49,5,-50,9,-52,6,-54,4,-55,6,-57,5,-62,5,-62,4,-62,5,-64,4,-65,7,-65,6,-70,9,-63,7,-64,12,-60,10,-60,9,-56,9,-54,8,-54,6,-54,5,-53,2,-53,4,-56,2,-62,3,-59,6,-62,11,-61,9,-57,13,-54,11,-52,17,-58,21,-52,22,-52,25,-49,25,-45,26,-42,29,-40,0,0,0,0,0,0,0,0,0,0,0,0,0,0,0,0,0,0,0,0,0,0,3,20,1,23,2,20,0,24,-2,23,0,20,-1,19,-3,18,0,21,-2,18,1,22,-5,24,-2,23,-1,23,-2,24,-5,22,-6,22,-5,19,-8,17,-5,16,-7,14,-4,13,-5,10,-1,10,-1,9,1,5,9,0,12,0,12,-1,22,2,26,0,30,6,37,6,36,7,42,12,44,14,42,16,46,20,52,23,52,21,53,28,52,27,52,31,55,28,56,30,55,31,59,35,63,35,62,37,65,40,65,38,71,45,63,50,62,45,68,47,64,57,57,54,0,0]",1
CSI_DATA,53093,1a:00:00:00:00:00,-31,11,1,0,1,1,1,0,0,0,1,-97,0,11,2,714980485,0,44,0,384,0,"[0,0,0,0,0,0,0,0,0,0,0,0,-13,-6,-13,-6,-12,-5,-12,-6,-12,-5,-12,-5,-11,-5,-11,-5,-11,-4,-10,-4,-10,-3,-10,-3,-10,-2,-10,-2,-10,-1,-10,0,-10,0,-10,1,-11,1,-11,1,-11,1,-11,2,-12,2,-12,2,-12,2,-13,2,0,0,-13,1,-12,1,-13,1,-12,1,-12,1,-12,1,-11,1,-11,1,-11,2,-11,2,-11,2,-11,2,-11,2,-12,2,-12,2,-12,2,-12,1,-12,1,-12,0,-12,0,-12,-1,-11,-2,-11,-2,-10,-3,-10,-3,-9,-4,0,0,0,0,0,0,0,0,0,0,0,0,0,0,26,68,23,63,29,61,29,60,29,58,28,59,32,57,31,57,29,58,30,55,33,51,34,47,32,47,32,46,27,41,32,41,33,36,37,34,37,32,40,30,46,31,49,27,47,26,48,29,51,27,54,28,52,27,54,28,57,25,56,29,55,29,59,34,53,35,52,31,48,34,49,31,46,29,48,28,48,29,48,27,48,24,50,29,53,25,56,24,52,25,51,27,49,30,51,31,46,33,43,37,42,36,40,38,35,38,33,43,29,40,27,39,22,44,0,0,0,0,0,0,0,0,0,0,0,0,0,0,0,0,0,0,0,0,0,0,-23,-4,-22,-6,-20,-9,-18,-10,-19,-7,-17,-8,-18,-6,-18,-8,-20,-7,-21,-7,-22,-9,-21,-12,-22,-10,-21,-11,-20,-12,-23,-11,-20,-15,-18,-13,-15,-12,-15,-11,-11,-10,-10,-8,-9,-8,-5,-2,-9,-3,-5,2,-6,4,-4,11,-8,13,-11,22,-14,23,-16,28,-19,32,-20,33,-28,35,-29,34,-30,33,-37,37,-36,39,-41,37,-42,39,-41,43,-46,41,-51,42,-48,39,-51,43,-52,44,-54,44,-59,40,-63,45,-65,44,-68,47,-70,40,-70,42,-76,39,-76,37,-74,33,0,0]",1
CSI_DATA,53094,1a:00:00:00:00:00,-31,11,1,0,1,1,1,0,0,0,1,-97,0,11,2,715000484,0,44,0,384,0,"[0,0,0,0,0,0,0,0,0,0,0,0,1,12,2,12,2,12,2,12,2,12,2,11,2,11,1,11,1,10,2,9,2,9,3,9,3,8,4,8,4,8,5,7,5,7,6,7,6,7,7,8,7,8,7,8,7,8,8,8,8,9,8,9,0,0,8,9,7,9,7,9,7,9,6,8,6,8,6,8,6,7,6,7,7,7,7,7,7,7,7,7,7,8,7,8,7,8,7,9,6,9,6,9,5,9,4,9,4,10,3,9,2,9,2,9,1,9,0,0,0,0,0,0,0,0,0,0,0,0,0,0,58,-49,59,-46,54,-50,49,-51,51,-49,48,-47,47,-50,49,-46,46,-49,41,-46,44,-44,41,-43,41,-44,38,-42,34,-40,32,-43,29,-47,21,-45,20,-47,16,-47,16,-50,14,-51,13,-56,14,-57,16,-57,14,-56,13,-61,13,-62,15,-65,15,-67,12,-61,21,-66,17,-63,16,-62,22,-63,20,-58,18,-57,21,-51,13,-55,16,-55,9,-55,13,-59,16,-54,16,-59,14,-58,14,-58,17,-58,20,-60,20,-53,23,-53,26,-51,28,-49,33,-49,30,-44,32,-39,32,-38,34,-32,0,0,0,0,0,0,0,0,0,0,0,0,0,0,0,0,0,0,0,0,0,0,4,22,2,23,1,23,-3,23,-2,24,0,20,-3,15,-3,18,-2,23,-2,19,-3,20,0,19,-2,23,-5,22,-4,25,-7,26,-5,25,-11,18,-8,8,-3,20,0,18,-7,8,-2,7,0,9,-1,7,5,5,10,3,12,3,15,-2,21,1,22,3,30,3,36,9,38,13,41,15,44,15,47,19,47,21,50,25,51,26,54,27,53,32,54,34,57,35,52,30,56,41,61,40,62,40,61,45,60,50,59,48,63,48,64,57,60,55,60,58,56,60,59,57,0,0]",1
CSI_DATA,53095,1a:00:00:00:00:00,-31,11,1,0,1,1,1,0,0,0,1,-97,0,11,2,715010502,0,44,0,384,0,"[0,0,0,0,0,0,0,0,0,0,0,0,-11,-8,-11,-8,-11,-8,-11,-8,-11,-8,-11,-7,-10,-7,-10,-7,-9,-6,-9,-6,-9,-5,-10,-5,-9,-4,-9,-4,-10,-3,-10,-2,-10,-2,-10,-2,-11,-1,-11,-1,-11,-1,-12,-1,-12,-1,-13,-1,-13,-1,-13,-1,0,0,-13,-2,-13,-2,-12,-2,-12,-2,-12,-2,-12,-2,-11,-2,-11,-1,-11,-1,-11,-1,-11,0,-11,-1,-12,-1,-12,-1,-12,-1,-12,-2,-12,-2,-12,-2,-12,-3,-11,-3,-11,-4,-11,-5,-10,-5,-9,-5,-9,-6,-8,-6,0,0,0,0,0,0,0,0,0,0,0,0,0,0,5,74,0,70,5,71,6,67,9,68,7,70,5,65,11,69,8,61,9,66,8,59,11,59,9,56,15,52,13,52,19,53,21,50,21,47,23,48,24,44,30,45,29,44,37,44,34,43,40,47,43,47,41,47,41,46,42,53,43,49,43,51,41,56,36,52,40,55,34,45,34,52,33,44,33,46,34,44,35,42,34,39,38,43,36,44,38,42,38,47,36,42,38,51,34,49,32,51,27,48,28,53,24,52,21,53,16,49,12,53,10,49,4,47,0,0,0,0,0,0,0,0,0,0,0,0,0,0,0,0,0,0,0,0,0,0,-19,-11,-20,-13,-17,-13,-20,-15,-16,-16,-13,-16,-15,-12,-14,-15,-16,-14,-16,-15,-18,-12,-18,-14,-20,-17,-17,-16,-17,-20,-13,-20,-17,-18,-11,-21,-11,-20,-10,-15,-5,-15,-5,-11,-4,-7,-7,-6,-7,-6,-8,2,-6,3,-12,9,-13,12,-19,16,-22,15,-24,21,-28,21,-36,25,-39,21,-41,23,-44,23,-48,24,-55,22,-50,21,-60,22,-55,22,-60,18,-61,19,-63,21,-58,23,-65,23,-70,23,-73,23,-73,17,-75,20,-81,17,-87,17,-79,10,-85,10,-92,11,-82,8,0,0]",1
CSI_DATA,53096,1a:00:00:00:00:00,-31,11,1,0,1,1,1,0,0,0,1,-97,0,11,2,715020493,0,44,0,384,0,"[0,0,0,0,0,0,0,0,0,0,0,0,11,-6,11,-6,11,-6,11,-6,11,-6,10,-5,10,-5,9,-5,9,-5,8,-6,8,-6,7,-6,7,-6,7,-7,6,-7,6,-7,5,-8,5,-8,5,-9,5,-9,6,-9,5,-10,6,-10,6,-10,6,-11,6,-11,0,0,7,-10,7,-10,7,-10,7,-10,6,-9,6,-9,6,-9,5,-9,5,-9,5,-9,5,-10,5,-10,5,-10,5,-10,6,-10,6,-9,7,-9,6,-9,7,-8,7,-8,8,-7,8,-7,8,-6,8,-5,8,-5,8,-4,0,0,0,0,0,0,0,0,0,0,0,0,0,0,-61,-38,-59,-38,-68,-35,-61,-36,-65,-29,-64,-33,-61,-31,-64,-31,-62,-27,-58,-27,-60,-23,-53,-24,-54,-22,-52,-24,-53,-17,-52,-16,-49,-9,-53,-7,-53,-3,-46,0,-56,3,-56,3,-55,6,-57,8,-58,7,-59,9,-63,15,-62,10,-67,8,-64,11,-68,8,-67,6,-66,7,-67,3,-64,4,-59,2,-55,4,-59,1,-54,6,-58,9,-56,6,-56,12,-59,10,-57,10,-60,8,-60,11,-63,8,-62,5,-60,1,-58,0,-60,-3,-58,-7,-56,-10,-60,-14,-51,-16,-47,-17,-46,-19,0,0,0,0,0,0,0,0,0,0,0,0,0,0,0,0,0,0,0,0,0,0,23,-8,21,-7,20,-4,22,-6,20,-3,19,-4,17,-6,20,-5,19,-5,19,-6,24,-6,23,-2,23,-3,20,-3,24,-3,24,0,24,-1,19,1,22,0,19,4,15,2,16,1,9,2,7,-1,8,-6,2,-9,1,-9,-3,-13,-6,-18,-4,-24,-3,-29,-5,-33,0,-37,1,-42,4,-45,2,-46,7,-52,8,-53,12,-54,9,-59,15,-56,12,-61,15,-60,15,-64,17,-66,17,-67,16,-70,18,-68,22,-75,24,-74,24,-75,29,-77,33,-74,34,-78,36,-79,38,-78,38,-71,0,0]",1
CSI_DATA,53097,1a:00:00:00:00:00,-31,11,1,0,1,1,1,0,0,0,1,-97,0,11,2,715040486,0,44,0,384,0,"[0,0,0,0,0,0,0,0,0,0,0,0,-13,-6,-13,-5,-13,-5,-13,-5,-13,-5,-13,-5,-12,-5,-12,-5,-11,-4,-11,-4,-11,-3,-11,-2,-10,-2,-10,-1,-10,-1,-11,0,-11,0,-11,1,-11,1,-11,2,-12,2,-12,2,-12,2,-12,3,-13,3,-13,2,0,0,-13,2,-13,2,-13,2,-12,2,-12,1,-12,1,-11,1,-11,2,-11,2,-11,2,-11,3,-11,3,-12,3,-12,3,-12,2,-12,2,-12,2,-12,1,-12,1,-12,0,-12,-1,-12,-1,-11,-2,-11,-2,-10,-3,-10,-4,0,0,0,0,0,0,0,0,0,0,0,0,0,0,22,75,23,66,27,68,24,64,27,60,28,63,27,61,29,62,27,56,27,58,25,54,26,52,29,54,27,46,28,49,31,44,33,40,35,38,37,39,37,34,43,36,40,30,47,32,49,34,48,31,51,32,52,31,54,33,54,31,60,33,58,36,58,36,52,40,57,38,49,35,51,35,48,33,44,35,46,32,48,31,46,28,50,27,52,31,53,25,52,32,49,27,51,32,49,37,49,37,46,40,44,43,35,40,37,43,30,45,28,41,26,40,19,46,0,0,0,0,0,0,0,0,0,0,0,0,0,0,0,0,0,0,0,0,0,0,-22,-8,-20,-11,-17,-14,-20,-15,-18,-11,-18,-12,-19,-12,-15,-10,-19,-11,-16,-10,-18,-10,-20,-12,-20,-16,-20,-13,-18,-15,-19,-14,-19,-19,-13,-16,-15,-15,-11,-15,-11,-14,-10,-10,-11,-7,-9,-4,-7,1,-9,0,-9,7,-8,12,-9,15,-14,20,-16,23,-22,28,-23,27,-30,31,-33,29,-35,28,-35,31,-42,34,-45,33,-48,35,-49,32,-49,37,-55,30,-55,36,-59,37,-56,35,-61,37,-61,38,-69,39,-63,37,-70,34,-71,41,-77,36,-75,32,-78,34,-81,31,-76,27,0,0]",1
CSI_DATA,53098,1a:00:00:00:00:00,-31,11,1,0,1,1,1,0,0,0,1,-97,0,11,2,715050496,0,44,0,384,0,"[0,0,0,0,0,0,0,0,0,0,0,0,10,-7,10,-8,10,-8,10,-8,10,-7,10,-7,9,-7,9,-7,8,-7,8,-7,7,-7,7,-7,6,-7,5,-8,5,-8,5,-8,4,-9,4,-9,4,-10,4,-10,4,-10,4,-11,4,-11,4,-11,4,-12,4,-12,0,0,5,-12,5,-11,5,-11,5,-11,5,-10,5,-10,4,-10,4,-10,4,-10,3,-10,3,-10,3,-10,3,-11,4,-11,4,-11,4,-11,5,-10,5,-10,5,-10,6,-9,7,-9,7,-8,7,-8,7,-7,7,-6,7,-5,0,0,0,0,0,0,0,0,0,0,0,0,0,0,-71,-24,-69,-18,-73,-16,-68,-14,-66,-13,-71,-9,-64,-11,-69,-12,-61,-10,-66,-12,-61,-11,-59,-10,-57,-8,-55,-4,-54,-3,-52,2,-52,0,-50,10,-54,9,-46,12,-55,15,-48,21,-53,24,-50,22,-53,22,-57,22,-58,25,-57,29,-64,25,-58,27,-60,27,-63,28,-58,21,-61,24,-57,22,-59,18,-53,17,-53,17,-53,16,-51,22,-47,21,-51,22,-51,24,-56,27,-54,25,-53,25,-54,19,-54,22,-56,14,-55,11,-55,11,-56,8,-56,3,-56,3,-50,-2,-53,-2,-47,-5,0,0,0,0,0,0,0,0,0,0,0,0,0,0,0,0,0,0,0,0,0,0,20,-16,17,-11,14,-10,19,-10,18,-5,20,-11,18,-8,18,-9,19,-8,18,-11,18,-8,17,-10,19,-14,21,-9,21,-11,18,-10,22,-5,19,-6,23,-2,17,-4,12,-2,15,-1,10,-1,10,-5,6,-8,2,-9,1,-11,-6,-15,-10,-16,-12,-20,-14,-26,-13,-30,-10,-32,-9,-38,-9,-45,-7,-49,-5,-50,-6,-53,-3,-56,-5,-54,-4,-59,-5,-59,-2,-61,0,-63,-1,-66,-2,-65,0,-69,0,-73,4,-74,6,-76,2,-77,5,-81,8,-85,14,-81,13,-86,18,-83,19,-77,0,0]",1
CSI_DATA,53099,1a:00:00:00:00:00,-31,11,1,0,1,1,1,0,0,0,1,-97,0,11,2,715070501,0,44,0,384,0,"[0,0,0,0,0,0,0,0,0,0,0,0,-12,-6,-12,-6,-11,-6,-12,-6,-11,-6,-11,-6,-11,-5,-10,-5,-10,-5,-10,-4,-10,-4,-10,-3,-9,-3,-9,-2,-9,-2,-10,-1,-10,0,-10,0,-10,0,-11,0,-11,0,-11,0,-11,1,-12,1,-12,1,-12,1,0,0,-12,0,-12,0,-12,0,-12,0,-11,0,-11,0,-11,0,-10,0,-10,0,-10,1,-11,1,-11,1,-11,1,-11,1,-11,0,-11,0,-11,0,-11,-1,-11,-1,-11,-2,-11,-3,-10,-3,-10,-4,-9,-4,-9,-4,-8,-5,0,0,0,0,0,0,0,0,0,0,0,0,0,0,18,76,15,69,19,67,20,62,18,64,17,65,22,60,19,65,21,60,20,62,21,55,20,54,20,57,23,48,20,50,24,45,25,42,30,42,31,41,33,37,39,37,37,31,39,36,42,36,40,34,42,39,46,35,52,39,48,39,53,40,46,41,47,45,43,44,46,42,41,40,44,43,40,38,41,37,40,34,43,33,39,34,40,33,43,35,47,34,42,37,46,36,46,41,44,40,39,42,37,40,35,43,32,46,29,46,28,47,20,47,18,44,13,47,0,0,0,0,0,0,0,0,0,0,0,0,0,0,0,0,0,0,0,0,0,0,-20,-10,-19,-11,-20,-13,-19,-13,-14,-12,-15,-12,-19,-11,-15,-11,-21,-13,-21,-13,-18,-15,-16,-16,-20,-9,-21,-13,-20,-16,-19,-13,-18,-16,-14,-15,-15,-15,-12,-12,-11,-15,-7,-10,-8,-8,-9,-5,-8,-4,-6,-2,-5,3,-8,8,-11,14,-11,17,-19,20,-22,24,-22,28,-28,28,-33,31,-35,28,-37,27,-44,26,-46,31,-49,33,-49,27,-52,29,-55,31,-56,33,-53,31,-56,32,-61,35,-65,34,-62,35,-69,36,-69,34,-73,31,-76,33,-77,30,-80,26,-83,27,-77,26,0,0]",1
CSI_DATA,53100,1a:00:00:00:00:00,-31,11,1,0,1,1,1,0,0,0,1,-97,0,11,2,715080503,0,44,0,384,0,"[0,0,0,0,0,0,0,0,0,0,0,0,10,-7,10,-7,10,-7,10,-7,10,-7,9,-7,9,-6,9,-6,9,-6,8,-6,8,-7,7,-7,6,-7,6,-7,6,-8,5,-8,5,-8,4,-9,4,-9,4,-10,5,-10,5,-10,5,-10,4,-11,5,-11,5,-11,0,0,5,-11,5,-11,5,-10,5,-10,5,-10,5,-10,5,-9,5,-9,4,-9,4,-10,4,-10,4,-10,4,-10,4,-10,5,-10,5,-10,5,-10,6,-9,6,-9,7,-8,7,-8,7,-8,8,-7,7,-6,8,-5,8,-5,0,0,0,0,0,0,0,0,0,0,0,0,0,0,-69,-19,-67,-21,-69,-18,-67,-15,-69,-17,-63,-12,-64,-12,-68,-15,-66,-15,-64,-13,-61,-10,-60,-11,-58,-6,-51,-5,-51,-6,-50,-1,-52,1,-48,5,-50,7,-52,10,-49,14,-51,16,-49,22,-49,19,-54,19,-55,22,-58,19,-59,22,-57,23,-60,23,-60,23,-57,22,-60,21,-59,20,-61,20,-58,16,-56,20,-52,17,-53,21,-50,19,-51,24,-48,24,-56,25,-55,24,-53,21,-57,25,-55,19,-60,19,-57,15,-56,10,-58,10,-53,5,-54,5,-56,-1,-52,-3,-52,-5,-47,-10,0,0,0,0,0,0,0,0,0,0,0,0,0,0,0,0,0,0,0,0,0,0,15,-18,18,-9,20,-9,17,-6,18,-11,17,-8,16,-9,16,-6,19,-12,20,-9,19,-10,18,-6,18,-8,21,-7,20,-8,22,-6,22,-8,20,-6,20,-4,19,-3,10,-3,12,-4,10,-2,9,-2,7,-9,1,-6,-3,-9,-6,-13,-7,-19,-10,-19,-9,-25,-9,-31,-11,-36,-11,-37,-12,-43,-9,-45,-4,-46,-4,-54,-2,-56,-1,-57,0,-58,0,-62,-2,-60,2,-67,3,-61,-3,-69,-3,-68,2,-71,0,-76,4,-77,12,-77,12,-80,10,-81,16,-79,14,-80,14,-81,17,-80,0,0]",1
CSI_DATA,53101,1a:00:00:00:00:00,-31,11,1,0,1,1,1,0,0,0,1,-97,0,11,2,715090508,0,44,0,384,0,"[0,0,0,0,0,0,0,0,0,0,0,0,-1,13,-1,13,-1,12,-1,13,-1,12,-1,12,-1,11,-1,11,-1,10,0,10,0,10,1,9,1,9,2,9,2,9,3,8,3,8,4,9,4,9,4,9,4,9,5,10,5,10,6,10,6,10,5,10,0,0,5,11,5,11,5,11,4,10,4,10,4,10,3,10,4,9,4,9,4,9,5,9,5,9,5,9,5,10,4,10,4,10,4,10,3,10,3,11,2,10,1,10,0,10,0,10,0,10,-1,9,-2,9,0,0,0,0,0,0,0,0,0,0,0,0,0,0,58,-53,54,-47,53,-49,53,-49,48,-50,49,-50,47,-48,49,-53,48,-47,45,-46,47,-44,41,-43,39,-42,38,-44,33,-43,31,-43,29,-47,26,-46,22,-49,19,-46,18,-52,17,-53,13,-56,13,-56,17,-56,14,-60,16,-62,17,-59,15,-62,14,-65,15,-65,23,-68,25,-60,18,-61,20,-56,22,-57,24,-55,19,-55,19,-53,18,-54,11,-53,9,-56,15,-57,12,-58,12,-61,16,-58,16,-58,18,-60,23,-52,25,-51,32,-48,32,-46,34,-44,34,-42,36,-41,38,-37,39,-32,0,0,0,0,0,0,0,0,0,0,0,0,0,0,0,0,0,0,0,0,0,0,6,21,-1,22,-2,20,-3,24,-1,23,-2,20,1,16,-2,18,-2,20,3,20,-1,21,-4,21,-4,25,-1,23,-4,23,-4,19,-8,19,-5,19,-4,17,-5,16,-5,15,-7,14,-3,7,1,9,1,6,4,6,7,1,13,3,17,0,22,2,23,3,34,11,29,18,38,14,42,13,42,20,48,19,50,22,53,26,55,25,52,31,53,29,53,37,54,32,56,32,58,39,61,40,63,42,64,45,61,46,63,48,64,51,64,56,55,52,65,58,61,63,53,60,0,0]",1
CSI_DATA,53102,1a:00:00:00:00:00,-31,11,1,0,1,1,1,0,0,0,1,-97,0,11,2,715100484,0,44,0,384,0,"[0,0,0,0,0,0,0,0,0,0,0,0,-13,-4,-13,-3,-13,-3,-13,-3,-12,-3,-12,-3,-12,-3,-11,-3,-11,-3,-11,-2,-10,-2,-10,-1,-10,-1,-10,0,-10,0,-10,1,-10,2,-10,2,-10,3,-10,3,-10,3,-11,3,-11,3,-11,4,-12,4,-12,4,0,0,-12,3,-12,3,-12,3,-12,3,-11,3,-11,2,-10,3,-10,3,-10,3,-10,3,-10,4,-10,4,-10,4,-11,4,-11,3,-11,3,-11,3,-11,2,-11,2,-11,1,-11,0,-11,0,-11,-1,-10,-1,-10,-2,-9,-2,0,0,0,0,0,0,0,0,0,0,0,0,0,0,38,59,37,60,41,56,42,55,44,53,42,54,43,48,41,52,42,48,38,47,41,47,40,47,39,37,40,39,38,37,39,34,39,34,39,28,45,28,45,18,49,20,51,18,51,16,55,17,53,18,55,15,57,19,57,18,62,16,60,17,59,16,63,23,61,22,60,18,55,18,53,23,53,19,53,17,54,17,50,14,54,16,52,11,54,13,58,12,55,15,58,14,56,16,56,18,51,19,52,26,51,23,48,29,49,31,41,34,39,34,32,33,32,36,0,0,0,0,0,0,0,0,0,0,0,0,0,0,0,0,0,0,0,0,0,0,-20,-5,-25,-3,-20,-9,-18,-7,-23,-7,-17,-8,-19,-10,-22,-5,-20,-5,-22,-6,-20,-8,-23,-5,-20,-8,-21,-11,-23,-8,-22,-9,-20,-11,-18,-11,-16,-11,-15,-10,-12,-7,-10,-5,-11,-6,-9,-2,-5,1,-6,3,-5,8,-7,11,-3,15,-6,22,-8,27,-13,26,-15,35,-18,36,-23,38,-24,38,-29,37,-30,44,-33,45,-38,44,-38,46,-38,42,-43,47,-41,45,-42,48,-41,47,-43,55,-48,53,-48,56,-56,54,-58,53,-57,54,-59,53,-65,49,-67,53,-71,51,-67,47,0,0]",1
CSI_DATA,53103,1a:00:00:00:00:00,-31,11,1,0,1,1,1,0,0,0,1,-97,0,11,2,715120478,0,44,0,384,0,"[0,0,0,0,0,0,0,0,0,0,0,0,4,12,4,11,4,11,4,11,4,11,4,10,4,10,4,10,3,10,4,9,4,8,4,8,5,7,5,7,5,7,6,6,6,6,7,6,7,6,8,6,8,6,8,6,9,6,9,6,9,7,9,6,0,0,9,7,9,7,8,7,8,7,8,7,7,7,7,6,7,6,8,6,8,6,8,5,8,6,8,6,8,6,8,7,8,7,8,7,7,7,7,8,6,8,6,8,5,9,5,8,4,8,3,8,2,8,0,0,0,0,0,0,0,0,0,0,0,0,0,0,38,-65,39,-63,36,-61,35,-63,31,-65,30,-63,28,-61,26,-60,28,-59,25,-59,27,-57,23,-53,21,-57,19,-53,20,-51,10,-55,10,-52,6,-50,8,-55,2,-50,2,-53,-3,-56,-11,-54,-7,-57,-5,-58,-9,-61,-8,-63,-8,-64,-5,-65,-9,-66,-6,-66,-6,-69,-5,-66,-5,-67,-7,-64,-1,-63,-3,-58,-5,-58,-5,-55,-9,-59,-6,-58,-8,-57,-11,-56,-11,-61,-9,-59,-8,-59,-2,-59,-4,-62,2,-60,1,-59,7,-61,9,-56,10,-60,12,-53,18,-52,20,-47,26,-45,0,0,0,0,0,0,0,0,0,0,0,0,0,0,0,0,0,0,0,0,0,0,9,21,6,24,5,25,3,21,1,18,3,17,3,18,5,16,3,20,3,21,1,21,5,21,4,24,3,22,1,22,3,23,0,24,-4,19,-3,21,-4,18,-2,14,-4,15,-1,10,1,9,6,6,6,4,9,1,13,-1,14,-4,22,-7,27,-4,33,-2,35,-1,40,1,44,4,48,3,49,8,49,7,55,13,60,13,58,15,60,12,60,15,63,18,62,12,63,21,68,18,66,21,73,23,74,26,74,31,77,26,73,32,72,32,77,35,76,36,74,37,0,0]",1
CSI_DATA,53104,1a:00:00:00:00:00,-31,11,1,0,1,1,1,0,0,0,1,-97,0,11,2,715130492,0,44,0,384,0,"[0,0,0,0,0,0,0,0,0,0,0,0,-12,-6,-12,-6,-12,-5,-12,-5,-12,-5,-12,-5,-11,-5,-11,-5,-10,-5,-10,-4,-10,-4,-10,-3,-10,-3,-10,-2,-10,-2,-10,-1,-10,0,-10,0,-11,1,-11,1,-11,1,-11,1,-12,1,-12,1,-12,1,-12,1,0,0,-13,0,-12,0,-12,0,-12,0,-12,0,-11,0,-11,0,-11,0,-11,1,-11,1,-11,1,-11,1,-11,1,-11,1,-12,1,-12,0,-12,0,-12,0,-12,-1,-11,-2,-11,-3,-11,-3,-10,-4,-10,-4,-9,-5,-8,-5,0,0,0,0,0,0,0,0,0,0,0,0,0,0,18,72,19,70,23,67,24,65,23,61,27,62,25,60,31,59,24,57,22,58,22,56,24,54,24,53,25,47,27,48,26,47,33,41,32,41,36,40,33,33,42,30,40,34,46,35,43,33,43,37,48,34,53,35,50,37,53,39,52,37,50,40,54,42,47,38,48,37,45,35,44,40,42,36,41,34,40,36,43,35,44,30,44,28,48,32,48,30,47,33,45,36,50,38,45,40,44,38,40,40,36,44,35,41,32,48,23,50,23,47,18,44,16,45,0,0,0,0,0,0,0,0,0,0,0,0,0,0,0,0,0,0,0,0,0,0,-21,-7,-18,-9,-22,-8,-21,-10,-20,-10,-18,-8,-17,-6,-17,-9,-17,-8,-17,-9,-16,-10,-18,-10,-19,-11,-21,-11,-22,-13,-19,-17,-19,-11,-18,-15,-15,-17,-12,-10,-12,-12,-9,-8,-6,-4,-7,-5,-8,0,-9,3,-10,7,-5,7,-9,15,-15,19,-15,22,-20,24,-24,26,-28,30,-30,31,-37,32,-36,32,-40,36,-43,31,-46,34,-46,34,-46,35,-50,35,-49,33,-50,34,-53,35,-54,37,-62,40,-66,37,-66,36,-69,39,-68,41,-75,37,-74,32,-75,34,-82,33,-76,27,0,0]",1
CSI_DATA,53105,1a:00:00:00:00:00,-31,11,1,0,1,1,1,0,0,0,1,-97,0,11,2,715140505,0,44,0,384,0,"[0,0,0,0,0,0,0,0,0,0,0,0,11,-7,11,-7,10,-7,10,-7,10,-7,10,-7,10,-6,9,-6,9,-6,8,-6,8,-6,7,-7,7,-7,6,-7,6,-8,5,-8,5,-8,5,-9,5,-9,5,-10,5,-10,5,-10,5,-10,5,-11,5,-11,5,-11,0,0,6,-11,6,-11,6,-11,6,-10,6,-10,6,-9,5,-9,5,-9,5,-9,4,-9,4,-10,4,-10,5,-10,5,-10,5,-10,6,-10,6,-10,6,-10,7,-9,7,-8,8,-8,8,-7,8,-7,8,-6,8,-5,8,-4,0,0,0,0,0,0,0,0,0,0,0,0,0,0,-67,-40,-64,-34,-65,-35,-63,-29,-67,-30,-68,-30,-66,-24,-63,-26,-61,-27,-59,-22,-58,-27,-59,-24,-57,-22,-53,-19,-52,-16,-49,-12,-54,-8,-54,-7,-55,-6,-51,-2,-54,-2,-57,4,-55,8,-57,6,-59,8,-62,12,-61,7,-62,8,-65,9,-65,12,-67,7,-66,5,-64,5,-64,5,-64,3,-63,1,-56,1,-60,1,-58,4,-57,4,-56,6,-58,12,-61,6,-60,11,-62,4,-57,4,-58,6,-61,2,-59,1,-60,-1,-62,-6,-58,-9,-60,-12,-55,-19,-51,-21,-46,-20,-48,-22,0,0,0,0,0,0,0,0,0,0,0,0,0,0,0,0,0,0,0,0,0,0,17,-12,20,-10,15,-10,22,-5,17,-6,20,-7,22,-8,15,-5,18,-8,19,-8,20,-9,20,-8,21,-10,23,-6,20,-8,19,-5,22,-1,20,-4,17,-1,18,0,15,0,13,-2,9,-1,6,-4,6,-4,2,-7,-1,-10,-4,-16,-4,-18,-9,-22,-4,-28,-5,-34,-5,-35,-3,-41,-1,-45,0,-48,3,-53,4,-54,5,-55,2,-58,7,-58,11,-62,12,-61,11,-67,10,-61,8,-69,10,-68,14,-71,19,-76,19,-76,23,-77,25,-82,30,-83,29,-74,29,-83,31,-79,34,-75,0,0]",1
CSI_DATA,53106,1a:00:00:00:00:00,-31,11,1,0,1,1,1,0,0,0,1,-97,0,11,2,715160508,0,44,0,384,0,"[0,0,0,0,0,0,0,0,0,0,0,0,-11,-8,-11,-8,-11,-7,-11,-7,-11,-7,-11,-7,-10,-7,-10,-7,-10,-6,-9,-6,-10,-5,-9,-5,-9,-4,-9,-3,-10,-3,-10,-2,-10,-2,-10,-1,-11,-1,-11,-1,-11,-1,-12,-1,-12,-1,-12,0,-12,-1,-13,-1,0,0,-13,-1,-12,-1,-12,-1,-12,-1,-12,-2,-11,-1,-11,-1,-11,-1,-11,-1,-11,-1,-11,0,-11,0,-11,0,-12,0,-12,-1,-12,-1,-12,-1,-12,-2,-11,-2,-11,-3,-11,-4,-10,-4,-10,-5,-9,-5,-9,-5,-8,-5,0,0,0,0,0,0,0,0,0,0,0,0,0,0,-4,71,-4,71,3,69,5,67,7,66,6,67,4,65,5,68,8,65,5,62,9,61,5,57,7,60,8,55,8,51,16,53,15,47,18,47,19,44,25,41,31,42,31,44,32,41,33,45,35,44,37,47,42,46,38,46,39,48,38,49,38,53,41,53,35,51,34,50,32,49,30,50,34,44,30,43,33,46,32,40,36,40,38,39,39,44,37,43,37,44,36,45,33,46,35,50,30,48,29,50,25,51,22,51,19,53,15,52,12,46,7,47,7,49,0,0,0,0,0,0,0,0,0,0,0,0,0,0,0,0,0,0,0,0,0,0,-19,-13,-16,-17,-13,-18,-12,-18,-11,-16,-14,-15,-14,-13,-13,-15,-14,-15,-11,-14,-15,-18,-17,-15,-13,-17,-18,-19,-12,-20,-11,-21,-14,-21,-9,-17,-4,-15,-6,-17,-7,-15,-8,-13,-4,-8,-6,-8,-5,-3,-7,2,-12,5,-15,5,-18,10,-18,16,-22,16,-27,17,-32,18,-36,22,-41,18,-46,21,-47,17,-49,20,-53,19,-56,18,-55,18,-58,18,-60,12,-63,15,-64,16,-64,16,-71,18,-73,16,-75,17,-72,15,-76,15,-79,12,-84,10,-83,10,-83,5,-78,7,-77,4,0,0]",1
CSI_DATA,53107,1a:00:00:00:00:00,-31,11,1,0,1,1,1,0,0,0,1,-97,0,11,2,715170599,0,44,0,384,0,"[0,0,0,0,0,0,0,0,0,0,0,0,13,2,12,1,12,1,12,1,12,1,12,1,11,1,11,1,10,1,10,0,10,0,10,-1,9,-1,9,-2,9,-2,9,-3,9,-3,9,-4,9,-4,10,-5,10,-5,10,-5,10,-5,10,-6,11,-6,11,-6,0,0,11,-5,11,-5,11,-5,11,-5,10,-4,10,-4,10,-4,9,-4,9,-5,9,-5,9,-6,9,-5,10,-5,10,-5,10,-5,10,-5,11,-4,10,-4,11,-3,10,-2,11,-2,10,-1,10,-1,9,0,9,1,9,1,0,0,0,0,0,0,0,0,0,0,0,0,0,0,-32,-68,-32,-66,-32,-59,-37,-64,-37,-63,-38,-55,-38,-58,-40,-59,-37,-54,-36,-54,-31,-50,-33,-45,-32,-47,-37,-44,-33,-41,-38,-38,-38,-36,-39,-32,-41,-31,-39,-29,-49,-27,-45,-20,-52,-24,-51,-26,-53,-24,-56,-27,-56,-23,-59,-25,-57,-28,-60,-27,-60,-29,-60,-33,-55,-29,-57,-32,-54,-29,-53,-32,-50,-29,-49,-26,-47,-25,-53,-23,-50,-23,-53,-23,-55,-23,-56,-23,-54,-26,-57,-23,-51,-28,-55,-29,-47,-31,-47,-31,-49,-36,-41,-37,-42,-40,-37,-40,-34,-39,-32,-39,-25,-39,0,0,0,0,0,0,0,0,0,0,0,0,0,0,0,0,0,0,0,0,0,0,21,2,22,5,19,9,20,11,20,6,16,7,16,8,17,7,18,8,20,3,18,5,21,5,19,5,21,8,21,12,20,10,18,12,20,12,13,12,13,9,13,9,9,6,6,4,6,2,5,1,8,-7,7,-7,8,-15,9,-17,8,-21,13,-27,12,-28,17,-31,22,-35,28,-33,29,-38,29,-37,31,-37,35,-39,41,-43,42,-41,44,-47,48,-43,47,-42,45,-39,45,-45,50,-49,54,-48,55,-49,57,-47,61,-53,62,-52,68,-51,63,-47,68,-47,71,-45,67,-42,0,0]",1
CSI_DATA,53108,1a:00:00:00:00:00,-31,11,1,0,1,1,1,0,0,0,1,-97,0,11,2,715190485,0,44,0,384,0,"[0,0,0,0,0,0,0,0,0,0,0,0,-10,-10,-10,-10,-9,-10,-10,-10,-9,-9,-9,-9,-8,-9,-8,-9,-8,-8,-8,-7,-8,-7,-9,-7,-9,-6,-9,-5,-9,-5,-9,-4,-10,-4,-10,-4,-11,-3,-11,-4,-11,-4,-11,-4,-12,-3,-12,-3,-13,-4,-12,-4,0,0,-13,-4,-12,-4,-12,-4,-12,-4,-11,-4,-11,-4,-11,-4,-11,-4,-11,-3,-11,-3,-11,-3,-11,-3,-11,-3,-12,-3,-11,-4,-12,-4,-11,-5,-11,-5,-11,-5,-10,-6,-10,-7,-9,-7,-9,-7,-8,-7,-7,-8,-7,-8,0,0,0,0,0,0,0,0,0,0,0,0,0,0,-17,72,-16,71,-13,71,-11,66,-9,70,-12,68,-9,67,-9,66,-7,65,-9,62,-8,59,-9,57,-4,58,-2,55,0,51,1,55,8,49,7,48,7,49,11,44,15,49,21,49,21,50,19,46,22,52,23,57,26,54,25,57,26,59,26,55,27,57,23,61,20,58,22,58,17,54,19,53,18,52,19,53,18,51,21,52,23,48,26,48,23,51,30,51,23,56,25,53,20,56,21,58,16,55,12,53,8,58,3,56,3,56,-1,57,-2,51,-4,46,-9,47,0,0,0,0,0,0,0,0,0,0,0,0,0,0,0,0,0,0,0,0,0,0,-17,-16,-11,-17,-14,-16,-11,-21,-11,-15,-10,-18,-8,-16,-11,-13,-12,-17,-12,-19,-13,-16,-15,-19,-14,-19,-13,-21,-9,-19,-11,-21,-11,-19,-5,-19,-4,-20,-3,-17,-4,-18,-8,-13,-6,-9,-4,-6,-5,-5,-11,1,-11,2,-13,6,-15,7,-20,9,-22,12,-28,14,-33,15,-37,12,-42,12,-49,12,-46,8,-52,11,-53,10,-59,9,-59,4,-61,5,-62,3,-65,3,-62,6,-64,0,-66,2,-71,1,-76,1,-76,1,-78,-2,-81,3,-81,-5,-81,-12,-82,-10,-82,-10,-80,-15,0,0]",1
CSI_DATA,53109,1a:00:00:00:00:00,-31,11,1,0,1,1,1,0,0,0,1,-97,0,11,2,715200503,0,44,0,384,0,"[0,0,0,0,0,0,0,0,0,0,0,0,13,0,12,0,12,-1,13,0,12,0,12,0,11,0,11,0,11,0,10,-1,10,-2,9,-2,9,-3,9,-3,9,-3,8,-4,8,-5,8,-5,8,-6,9,-6,9,-6,9,-6,9,-7,9,-7,10,-7,10,-7,0,0,10,-7,10,-7,10,-6,10,-6,9,-6,9,-6,9,-6,8,-6,8,-6,8,-7,8,-7,8,-7,9,-7,9,-7,9,-7,9,-7,10,-6,10,-6,10,-5,10,-5,10,-4,10,-3,10,-3,9,-2,9,-2,9,-1,0,0,0,0,0,0,0,0,0,0,0,0,0,0,-42,-59,-40,-59,-44,-55,-49,-56,-44,-50,-47,-52,-42,-49,-45,-54,-41,-46,-43,-49,-44,-47,-39,-44,-43,-38,-41,-38,-43,-35,-42,-33,-44,-28,-43,-24,-47,-23,-47,-18,-50,-19,-54,-20,-55,-15,-57,-13,-57,-15,-58,-14,-61,-13,-61,-14,-60,-16,-64,-17,-64,-19,-63,-16,-60,-18,-59,-18,-60,-17,-59,-19,-55,-14,-54,-14,-55,-13,-53,-12,-56,-12,-56,-14,-56,-13,-57,-13,-61,-13,-62,-11,-58,-16,-61,-18,-54,-20,-54,-20,-53,-24,-52,-27,-47,-27,-44,-31,-45,-29,-35,-33,-32,-38,0,0,0,0,0,0,0,0,0,0,0,0,0,0,0,0,0,0,0,0,0,0,21,2,19,4,21,4,18,7,17,7,18,7,18,5,16,4,20,2,17,6,20,5,19,7,20,3,20,7,19,7,20,9,21,8,17,8,14,8,10,7,10,7,10,6,8,6,7,3,5,-5,8,-6,6,-8,4,-11,7,-16,4,-21,8,-24,9,-31,13,-34,18,-35,17,-39,20,-40,27,-45,29,-41,31,-45,34,-44,35,-47,36,-48,41,-48,40,-50,41,-52,38,-54,40,-57,45,-60,46,-59,52,-57,53,-55,55,-60,62,-55,61,-53,62,-52,66,-51,65,-52,0,0]",1
CSI_DATA,53110,1a:00:00:00:00:00,-31,11,1,0,1,1,1,0,0,0,1,-97,0,11,2,715210482,0,44,0,384,0,"[0,0,0,0,0,0,0,0,0,0,0,0,-8,11,-7,11,-7,11,-7,11,-7,11,-7,10,-7,10,-6,10,-6,9,-5,9,-5,9,-4,9,-3,9,-3,9,-2,9,-2,9,-1,10,-1,10,0,10,0,10,0,11,0,11,0,11,1,12,0,12,0,12,0,0,0,12,0,12,0,12,0,12,-1,11,-1,11,0,10,0,10,0,10,0,10,1,11,1,11,1,11,1,11,0,11,0,12,0,12,-1,11,-2,11,-2,11,-3,11,-3,10,-4,10,-4,9,-5,9,-5,8,0,0,0,0,0,0,0,0,0,0,0,0,0,0,70,-12,70,-12,69,-13,64,-13,68,-15,64,-16,60,-21,65,-18,61,-16,60,-16,58,-18,57,-15,54,-18,51,-19,46,-21,47,-21,44,-25,45,-29,44,-27,37,-31,39,-37,34,-34,38,-42,36,-42,40,-43,36,-43,39,-42,39,-48,47,-48,43,-51,44,-44,47,-48,45,-41,41,-44,42,-42,44,-41,41,-38,39,-38,40,-41,36,-42,34,-42,37,-43,39,-44,39,-45,40,-45,40,-47,44,-41,43,-40,45,-37,45,-36,48,-32,45,-27,47,-25,50,-18,47,-21,45,-12,44,-11,0,0,0,0,0,0,0,0,0,0,0,0,0,0,0,0,0,0,0,0,0,0,-11,18,-12,18,-12,18,-15,14,-10,15,-11,17,-16,12,-12,14,-11,15,-10,14,-13,18,-13,16,-12,16,-14,18,-16,16,-17,14,-18,15,-17,12,-13,10,-18,9,-13,9,-9,6,-7,4,-5,6,0,6,1,2,7,9,9,6,11,9,16,17,23,17,24,19,24,25,27,29,28,32,27,38,24,41,29,45,29,50,29,51,31,51,27,53,24,56,27,56,29,58,29,62,30,61,33,64,28,70,28,66,30,72,29,75,25,81,24,74,20,81,19,81,22,80,0,0]",1
CSI_DATA,53111,1a:00:00:00:00:00,-31,11,1,0,1,1,1,0,0,0,1,-97,0,11,2,715231630,0,44,0,384,0,"[0,0,0,0,0,0,0,0,0,0,0,0,13,-2,12,-2,12,-2,12,-2,12,-2,12,-2,11,-2,11,-2,10,-2,10,-3,10,-3,9,-3,9,-3,8,-4,8,-5,8,-5,8,-6,8,-6,8,-7,8,-7,8,-7,8,-8,9,-8,9,-8,9,-8,9,-8,0,0,10,-8,9,-8,9,-8,9,-7,9,-7,8,-7,8,-7,8,-7,8,-7,8,-7,8,-8,8,-8,8,-8,8,-8,9,-7,9,-7,9,-7,9,-6,9,-6,10,-5,10,-4,10,-4,10,-3,9,-2,9,-2,9,-1,0,0,0,0,0,0,0,0,0,0,0,0,0,0,-53,-50,-49,-52,-53,-46,-53,-44,-52,-45,-52,-43,-54,-40,-52,-42,-52,-39,-48,-41,-51,-35,-48,-35,-51,-32,-47,-30,-45,-33,-46,-30,-47,-23,-47,-18,-47,-17,-49,-13,-50,-9,-51,-10,-55,-8,-57,-7,-55,-8,-60,0,-60,-2,-63,-10,-67,-10,-63,-7,-62,-11,-61,-11,-61,-12,-58,-10,-61,-12,-59,-11,-56,-11,-55,-10,-55,-5,-54,-6,-57,-7,-56,-4,-56,-9,-58,-5,-57,-9,-60,-7,-60,-12,-58,-13,-56,-14,-58,-17,-53,-20,-51,-24,-48,-24,-47,-28,-41,-28,-40,-30,-36,-33,0,0,0,0,0,0,0,0,0,0,0,0,0,0,0,0,0,0,0,0,0,0,20,-8,21,-3,21,-3,20,3,20,-1,17,2,17,1,17,-2,18,-1,19,-2,22,-3,20,0,20,0,22,-1,20,2,23,2,24,3,19,4,17,2,15,5,12,3,12,2,5,1,7,-1,2,-2,6,-6,3,-8,0,-15,0,-17,-3,-23,-2,-25,0,-33,7,-33,5,-39,10,-41,11,-43,13,-47,19,-52,20,-52,25,-52,19,-53,26,-55,26,-57,25,-57,27,-60,30,-57,30,-63,33,-65,34,-67,36,-67,41,-65,41,-70,45,-65,47,-68,48,-64,51,-66,52,-65,0,0]",1
CSI_DATA,53112,1a:00:00:00:00:00,-31,11,1,0,1,1,1,0,0,0,1,-97,0,11,2,715240481,0,44,0,384,0,"[0,0,0,0,0,0,0,0,0,0,0,0,-10,8,-10,8,-9,8,-10,8,-9,8,-9,8,-9,7,-9,7,-8,7,-8,7,-7,7,-7,7,-6,7,-5,7,-5,8,-4,8,-4,8,-4,9,-3,9,-3,9,-4,10,-3,10,-4,10,-3,11,-4,11,-4,11,0,0,-4,11,-4,11,-4,10,-4,10,-4,10,-4,9,-4,9,-4,9,-3,9,-3,10,-3,10,-3,10,-3,10,-3,10,-4,10,-4,10,-4,10,-5,10,-5,9,-6,9,-6,9,-7,8,-7,8,-7,7,-8,6,-7,5,0,0,0,0,0,0,0,0,0,0,0,0,0,0,74,9,70,7,68,6,69,2,66,4,62,1,68,-3,66,-2,66,0,62,0,63,1,58,-1,57,-3,55,-4,52,-6,47,-9,50,-13,47,-18,46,-17,48,-20,43,-24,47,-30,45,-27,46,-26,51,-30,51,-28,53,-32,50,-32,51,-35,57,-33,57,-28,59,-29,58,-30,48,-28,56,-26,55,-27,50,-30,48,-26,47,-27,47,-29,46,-31,45,-32,46,-28,51,-36,46,-31,53,-35,47,-28,53,-28,52,-23,53,-24,55,-16,53,-12,57,-11,57,-8,50,-4,48,-2,46,1,0,0,0,0,0,0,0,0,0,0,0,0,0,0,0,0,0,0,0,0,0,0,-14,19,-18,15,-20,13,-17,12,-16,10,-12,11,-17,12,-15,12,-17,14,-16,10,-16,14,-18,14,-16,16,-19,13,-19,8,-22,9,-19,11,-19,5,-20,8,-16,4,-17,2,-11,4,-9,3,-8,2,-3,4,-1,6,3,8,6,9,11,15,12,18,19,22,15,24,17,29,13,34,17,40,18,45,16,46,13,51,15,54,14,52,13,57,13,61,13,59,13,64,11,59,13,67,13,68,11,70,10,74,10,77,8,78,9,82,0,81,0,84,1,81,-4,83,-5,85,0,0]",1
CSI_DATA,53113,1a:00:00:00:00:00,-31,11,1,0,1,1,1,0,0,0,1,-97,0,11,2,715250510,0,44,0,384,0,"[0,0,0,0,0,0,0,0,0,0,0,0,0,-14,0,-13,0,-14,0,-13,0,-13,0,-13,0,-12,0,-12,0,-12,0,-11,-1,-11,-1,-10,-2,-10,-2,-10,-3,-10,-4,-10,-4,-9,-4,-10,-5,-10,-5,-10,-5,-10,-6,-11,-6,-11,-6,-11,-6,-11,-6,-11,0,0,-6,-12,-6,-12,-5,-11,-5,-12,-5,-11,-5,-11,-5,-10,-5,-10,-5,-10,-5,-10,-6,-10,-6,-10,-6,-11,-6,-11,-5,-11,-5,-11,-5,-12,-4,-11,-4,-11,-3,-11,-2,-12,-2,-11,-1,-11,0,-11,0,-10,1,-10,0,0,0,0,0,0,0,0,0,0,0,0,0,0,-62,49,-59,43,-53,46,-52,44,-48,48,-47,47,-48,47,-48,51,-44,48,-46,45,-43,40,-44,40,-39,40,-38,42,-35,38,-30,40,-30,43,-23,43,-23,48,-17,47,-12,48,-16,50,-12,51,-11,56,-18,53,-16,60,-13,61,-10,59,-14,61,-11,63,-17,63,-20,64,-16,59,-14,60,-17,57,-18,54,-14,50,-16,52,-15,51,-12,54,-13,53,-11,55,-8,56,-10,58,-12,59,-12,59,-16,54,-17,59,-21,51,-23,55,-27,52,-26,48,-31,47,-31,45,-33,37,-33,39,-39,31,0,0,0,0,0,0,0,0,0,0,0,0,0,0,0,0,0,0,0,0,0,0,0,-24,2,-21,3,-19,6,-20,1,-18,3,-22,3,-18,6,-18,0,-20,3,-21,2,-21,2,-17,4,-22,3,-23,4,-21,5,-20,6,-21,10,-20,7,-18,8,-12,9,-13,4,-12,1,-6,0,-9,-2,-7,-6,-5,-8,-4,-12,-1,-18,-3,-24,-4,-25,-4,-31,-8,-35,-10,-36,-15,-42,-16,-44,-24,-44,-22,-47,-26,-49,-30,-50,-28,-51,-33,-52,-35,-52,-37,-55,-35,-50,-35,-52,-41,-56,-41,-60,-45,-60,-45,-62,-48,-62,-51,-63,-52,-63,-55,-59,-57,-62,-58,-56,-61,-58,-59,0,0]",1
CSI_DATA,53114,1a:00:00:00:00:00,-31,11,1,0,1,1,1,0,0,0,1,-97,0,11,2,715270477,0,44,0,384,0,"[0,0,0,0,0,0,0,0,0,0,0,0,-11,7,-11,7,-10,7,-10,7,-10,7,-10,7,-10,6,-9,6,-9,6,-8,6,-8,6,-7,6,-7,6,-6,7,-6,7,-5,8,-5,8,-5,8,-4,9,-4,9,-5,9,-4,10,-5,10,-4,10,-4,11,-5,11,0,0,-5,11,-5,11,-5,10,-5,10,-5,9,-5,9,-5,9,-4,9,-4,9,-4,9,-3,10,-3,10,-4,10,-4,10,-5,10,-5,10,-5,10,-5,9,-6,9,-6,8,-7,8,-7,8,-8,7,-7,6,-8,6,-7,5,0,0,0,0,0,0,0,0,0,0,0,0,0,0,72,20,67,21,69,17,66,16,66,11,66,11,64,8,67,11,65,11,63,9,62,6,60,8,56,3,52,1,51,6,51,-1,50,-5,50,-11,50,-10,47,-14,53,-20,50,-21,51,-19,51,-24,51,-27,54,-25,55,-26,55,-28,60,-30,58,-30,57,-24,63,-27,56,-22,58,-23,55,-20,54,-19,50,-20,52,-23,48,-24,49,-24,48,-26,50,-25,51,-28,50,-27,54,-25,53,-26,54,-26,53,-21,55,-19,56,-18,56,-15,56,-11,56,-8,49,-5,51,2,51,5,45,8,0,0,0,0,0,0,0,0,0,0,0,0,0,0,0,0,0,0,0,0,0,0,-21,12,-22,11,-19,9,-19,5,-18,4,-18,7,-15,10,-18,7,-17,9,-14,8,-19,7,-18,8,-21,10,-20,8,-19,6,-21,6,-22,5,-19,1,-17,1,-18,3,-16,1,-12,2,-9,2,-6,4,-3,4,0,4,3,5,2,14,5,15,10,16,7,22,11,29,9,34,11,36,8,42,10,43,5,46,8,52,2,57,3,57,5,58,4,58,1,62,-2,62,2,65,2,67,2,69,-2,72,1,77,-6,72,-7,78,-9,78,-10,79,-9,79,-12,80,-18,80,-21,78,0,0]",1
CSI_DATA,53115,1a:00:00:00:00:00,-31,11,1,0,1,1,1,0,0,0,1,-97,0,11,2,715280478,0,44,0,384,0,"[0,0,0,0,0,0,0,0,0,0,0,0,-2,-14,-2,-13,-2,-13,-2,-13,-2,-13,-2,-13,-2,-12,-2,-12,-2,-11,-2,-11,-3,-11,-3,-10,-3,-10,-4,-9,-4,-9,-5,-9,-5,-9,-6,-9,-7,-9,-7,-9,-7,-9,-7,-9,-8,-10,-8,-10,-8,-10,-8,-10,0,0,-8,-11,-8,-11,-7,-10,-7,-10,-7,-10,-7,-10,-6,-9,-7,-9,-7,-9,-7,-9,-8,-9,-8,-9,-8,-9,-8,-9,-8,-10,-7,-10,-7,-10,-7,-10,-6,-10,-5,-10,-4,-11,-4,-11,-3,-11,-3,-10,-2,-10,-1,-9,0,0,0,0,0,0,0,0,0,0,0,0,0,0,-60,45,-63,43,-53,47,-51,44,-54,49,-46,45,-50,47,-47,44,-47,46,-48,44,-42,47,-40,39,-37,40,-36,41,-32,41,-31,41,-22,41,-23,43,-21,45,-18,48,-16,46,-14,53,-10,50,-12,57,-12,56,-10,56,-14,60,-10,64,-12,65,-12,63,-16,63,-14,63,-12,63,-15,57,-12,60,-16,54,-14,54,-13,54,-9,51,-7,57,-11,55,-5,57,-6,59,-5,60,-6,57,-10,61,-13,58,-14,63,-16,55,-18,54,-25,56,-26,50,-26,49,-31,47,-28,42,-31,40,-33,34,0,0,0,0,0,0,0,0,0,0,0,0,0,0,0,0,0,0,0,0,0,0,3,-23,2,-21,5,-23,4,-18,5,-19,5,-18,5,-19,3,-17,2,-19,3,-20,5,-18,1,-20,5,-21,6,-21,7,-24,6,-22,5,-21,9,-20,6,-18,6,-15,8,-12,5,-12,0,-9,1,-9,-1,-7,-8,-7,-9,-2,-11,-9,-17,-6,-24,-1,-29,-6,-33,-11,-34,-12,-41,-13,-41,-20,-39,-22,-41,-25,-45,-31,-48,-30,-49,-32,-50,-32,-51,-34,-48,-39,-52,-40,-49,-38,-54,-44,-56,-44,-54,-44,-60,-48,-61,-52,-59,-49,-59,-51,-55,-58,-60,-58,-64,-61,-57,-61,-54,-65,0,0]",1
CSI_DATA,53116,1a:00:00:00:00:00,-31,11,1,0,1,1,1,0,0,0,1,-97,0,11,2,715290487,0,44,0,384,0,"[0,0,0,0,0,0,0,0,0,0,0,0,11,7,11,7,10,6,10,7,10,6,10,6,9,6,9,6,9,6,9,5,9,4,9,4,8,3,8,2,9,2,9,1,9,1,9,0,10,0,10,0,10,0,11,0,11,0,11,-1,12,-1,12,-1,0,0,12,0,11,0,11,0,11,0,11,1,10,1,10,1,10,0,10,0,10,-1,10,-1,11,-1,11,-1,11,0,11,0,11,0,11,0,11,1,11,2,10,2,10,3,10,4,9,4,9,4,8,5,7,5,0,0,0,0,0,0,0,0,0,0,0,0,0,0,-9,-74,-9,-72,-12,-73,-11,-69,-11,-66,-14,-70,-14,-65,-10,-69,-13,-64,-13,-64,-14,-63,-15,-61,-12,-62,-16,-56,-17,-48,-17,-49,-22,-50,-27,-47,-26,-43,-33,-40,-32,-44,-38,-40,-39,-43,-39,-42,-38,-44,-42,-46,-41,-46,-48,-46,-45,-49,-49,-47,-43,-49,-45,-51,-44,-50,-42,-47,-40,-50,-38,-52,-38,-49,-38,-43,-38,-39,-41,-41,-37,-39,-45,-41,-41,-44,-46,-40,-44,-43,-43,-43,-43,-47,-40,-49,-35,-49,-33,-48,-30,-54,-27,-52,-23,-51,-17,-50,-17,-52,-11,-49,-6,-49,0,0,0,0,0,0,0,0,0,0,0,0,0,0,0,0,0,0,0,0,0,0,19,13,19,14,17,14,13,16,14,13,13,11,13,16,14,10,15,9,15,13,17,12,13,14,16,14,19,13,15,18,15,16,16,17,11,17,8,17,4,17,6,14,8,10,6,9,5,3,4,0,7,-1,7,-6,8,-12,11,-13,14,-19,17,-22,25,-22,28,-24,33,-27,37,-25,42,-27,40,-23,46,-26,48,-24,53,-26,54,-30,53,-25,59,-27,58,-24,61,-26,62,-28,64,-28,67,-26,70,-23,75,-24,76,-24,81,-25,79,-21,78,-17,83,-19,84,-14,79,-8,0,0]",1
CSI_DATA,53117,1a:00:00:00:00:00,-31,11,1,0,1,1,1,0,0,0,1,-97,0,11,2,715310503,0,44,0,384,0,"[0,0,0,0,0,0,0,0,0,0,0,0,3,-13,3,-13,3,-13,3,-13,3,-13,2,-13,3,-12,2,-12,2,-11,2,-11,1,-11,1,-10,0,-10,-1,-10,-1,-10,-2,-10,-2,-10,-3,-10,-3,-10,-3,-11,-3,-11,-3,-11,-4,-12,-4,-12,-4,-12,-4,-12,0,0,-3,-13,-3,-12,-3,-12,-3,-12,-3,-12,-3,-11,-3,-11,-3,-11,-3,-11,-3,-10,-4,-11,-4,-11,-4,-11,-4,-12,-3,-12,-3,-12,-3,-12,-2,-12,-1,-12,-1,-12,0,-12,1,-12,1,-11,1,-10,2,-10,2,-9,0,0,0,0,0,0,0,0,0,0,0,0,0,0,-71,32,-65,29,-60,29,-60,33,-64,34,-58,34,-58,36,-56,31,-58,34,-53,32,-53,33,-53,30,-49,33,-49,31,-42,32,-39,35,-38,35,-34,34,-32,36,-29,39,-30,44,-27,45,-28,45,-29,50,-27,47,-30,50,-29,52,-27,54,-30,54,-29,56,-30,56,-37,49,-37,56,-29,50,-36,53,-32,45,-31,44,-31,46,-29,45,-28,46,-29,51,-28,49,-30,52,-22,56,-26,48,-28,53,-34,47,-40,52,-34,42,-38,46,-45,42,-41,36,-43,33,-46,31,-44,28,-45,23,-42,18,0,0,0,0,0,0,0,0,0,0,0,0,0,0,0,0,0,0,0,0,0,0,3,-25,4,-21,5,-24,6,-22,8,-20,6,-16,6,-17,6,-17,8,-19,3,-18,7,-19,7,-19,8,-22,5,-20,6,-22,7,-20,11,-18,11,-17,11,-13,12,-12,10,-7,4,-7,6,-9,4,-6,1,-8,-4,-2,-10,-6,-8,-7,-18,-7,-21,-9,-27,-14,-28,-16,-33,-21,-33,-22,-35,-24,-38,-25,-36,-31,-41,-34,-42,-37,-43,-37,-41,-40,-42,-43,-43,-46,-45,-46,-44,-48,-45,-52,-44,-53,-50,-56,-50,-61,-49,-63,-48,-60,-47,-65,-43,-65,-45,-69,-47,-75,-43,-70,-40,-77,0,0]",1
CSI_DATA,53118,1a:00:00:00:00:00,-31,11,1,0,1,1,1,0,0,0,1,-97,0,11,2,715320498,0,44,0,384,0,"[0,0,0,0,0,0,0,0,0,0,0,0,10,7,10,7,10,7,10,7,10,7,10,6,9,6,9,6,9,6,9,5,9,4,8,4,8,3,8,2,9,2,9,1,9,1,9,0,10,0,10,0,10,0,11,0,11,0,11,-1,12,-1,12,-1,0,0,12,0,12,0,11,0,11,0,11,0,11,0,10,0,10,0,10,-1,10,-1,11,-1,10,-1,11,-1,11,-1,11,0,11,0,11,0,11,1,11,1,10,2,10,3,10,3,9,4,9,4,8,4,7,4,0,0,0,0,0,0,0,0,0,0,0,0,0,0,-1,-82,0,-75,-3,-75,-4,-67,-6,-67,-7,-69,-6,-64,-13,-70,-9,-65,-9,-67,-7,-60,-11,-60,-10,-58,-15,-55,-10,-54,-14,-52,-18,-50,-24,-47,-26,-46,-28,-42,-31,-46,-29,-45,-35,-46,-39,-45,-39,-46,-38,-49,-41,-46,-44,-46,-42,-50,-44,-51,-40,-52,-38,-58,-37,-49,-39,-52,-35,-48,-33,-50,-34,-43,-36,-47,-38,-47,-36,-44,-36,-41,-40,-42,-39,-45,-46,-45,-38,-48,-37,-49,-37,-50,-35,-52,-34,-53,-31,-50,-27,-56,-24,-54,-22,-51,-16,-53,-12,-52,-11,-52,-2,-49,0,0,0,0,0,0,0,0,0,0,0,0,0,0,0,0,0,0,0,0,0,0,18,11,15,15,14,15,14,16,11,13,13,14,11,9,13,12,14,11,12,14,13,14,14,17,15,15,15,19,14,15,14,17,16,18,11,19,7,18,8,14,3,14,5,12,6,7,5,5,4,2,7,-1,7,-9,12,-8,12,-10,19,-13,21,-22,24,-23,28,-21,32,-25,36,-22,42,-22,44,-22,48,-24,51,-24,51,-20,57,-22,53,-22,59,-20,62,-18,62,-24,62,-22,67,-22,71,-22,72,-24,74,-19,75,-22,81,-22,83,-17,82,-14,88,-16,88,-9,79,-9,0,0]",1
CSI_DATA,53119,1a:00:00:00:00:00,-31,11,1,0,1,1,1,0,0,0,1,-97,0,11,2,715340480,0,44,0,384,0,"[0,0,0,0,0,0,0,0,0,0,0,0,1,-13,0,-13,0,-13,0,-13,0,-13,0,-12,0,-12,0,-12,0,-11,0,-10,-1,-10,-1,-10,-2,-10,-2,-9,-3,-9,-4,-9,-4,-9,-5,-9,-5,-9,-5,-10,-5,-10,-6,-10,-6,-10,-6,-11,-6,-11,-6,-11,0,0,-6,-11,-6,-11,-6,-11,-5,-11,-5,-10,-5,-10,-5,-10,-5,-9,-5,-10,-6,-9,-6,-9,-6,-10,-6,-10,-6,-10,-6,-10,-6,-11,-5,-11,-5,-11,-4,-11,-3,-11,-3,-11,-2,-11,-2,-11,-1,-10,0,-10,0,-9,0,0,0,0,0,0,0,0,0,0,0,0,0,0,-65,38,-69,35,-62,37,-57,39,-55,39,-57,40,-55,44,-53,39,-52,41,-50,38,-52,36,-50,38,-44,40,-43,37,-38,34,-37,40,-31,39,-30,42,-26,43,-25,44,-21,45,-21,50,-17,46,-21,50,-20,54,-21,56,-22,60,-18,58,-23,63,-22,62,-21,65,-25,62,-30,60,-23,58,-25,59,-25,50,-23,55,-22,48,-23,51,-18,57,-18,52,-20,55,-18,55,-18,59,-20,55,-20,58,-19,56,-24,57,-28,51,-29,49,-35,48,-35,44,-34,42,-38,40,-36,35,-37,32,-40,27,0,0,0,0,0,0,0,0,0,0,0,0,0,0,0,0,0,0,0,0,0,0,1,-20,6,-22,4,-23,7,-21,7,-19,6,-16,5,-17,7,-18,5,-17,5,-18,8,-17,7,-20,5,-24,6,-23,10,-21,11,-21,9,-18,9,-22,11,-18,10,-15,10,-11,6,-13,5,-9,1,-8,-3,-7,-3,-7,-6,-5,-15,-6,-18,-7,-25,-7,-25,-10,-33,-14,-35,-14,-37,-20,-39,-21,-41,-28,-42,-27,-42,-31,-45,-32,-45,-35,-44,-39,-47,-39,-43,-43,-49,-43,-46,-42,-52,-49,-56,-48,-55,-51,-54,-57,-53,-55,-55,-59,-62,-63,-54,-62,-51,-65,-56,-71,-49,-70,-48,-69,0,0]",1
CSI_DATA,53120,1a:00:00:00:00:00,-31,11,1,0,1,1,1,0,0,0,1,-97,0,11,2,715350570,0,44,0,384,0,"[0,0,0,0,0,0,0,0,0,0,0,0,5,11,5,11,5,11,5,11,5,11,5,11,4,10,4,10,4,9,4,9,5,8,5,8,5,7,5,7,6,6,7,6,7,5,7,5,8,5,8,6,9,6,9,6,9,6,10,6,10,6,10,6,0,0,9,7,9,7,9,7,9,6,9,7,8,6,8,6,8,6,8,5,9,5,9,5,9,5,9,5,9,6,9,6,9,6,9,7,8,7,8,7,7,8,6,8,6,9,5,9,4,8,4,9,3,8,0,0,0,0,0,0,0,0,0,0,0,0,0,0,38,-73,31,-64,30,-66,27,-65,29,-65,23,-65,23,-60,28,-63,22,-60,23,-58,21,-62,20,-58,15,-56,11,-52,12,-54,12,-50,5,-55,4,-51,0,-51,-1,-49,-5,-51,-9,-53,-13,-56,-11,-57,-13,-56,-11,-60,-14,-59,-13,-59,-13,-66,-13,-64,-15,-68,-11,-68,-8,-61,-9,-65,-4,-62,-7,-62,-9,-59,-10,-57,-10,-57,-9,-53,-11,-52,-10,-57,-12,-59,-16,-61,-16,-63,-12,-60,-6,-64,-11,-63,-2,-60,-1,-58,2,-61,4,-56,4,-58,10,-52,13,-51,19,-51,21,-45,0,0,0,0,0,0,0,0,0,0,0,0,0,0,0,0,0,0,0,0,0,0,10,18,7,20,6,23,4,21,6,17,3,19,5,15,3,15,5,20,3,18,6,17,7,19,5,23,8,22,3,24,3,22,2,22,0,20,0,20,0,21,1,15,-4,14,1,10,3,8,4,4,2,2,9,2,14,-2,16,-5,22,-7,25,-6,34,-7,33,-3,39,-4,45,-2,49,-3,48,3,48,3,55,5,58,8,64,9,54,7,62,9,65,11,66,10,65,12,68,11,72,10,70,13,76,16,77,18,82,22,81,24,76,27,79,32,83,32,74,31,0,0]",1
CSI_DATA,53121,1a:00:00:00:00:00,-31,11,1,0,1,1,1,0,0,0,1,-97,0,11,2,715360506,0,44,0,384,0,"[0,0,0,0,0,0,0,0,0,0,0,0,-13,3,-13,3,-13,3,-13,3,-13,3,-12,3,-12,3,-11,3,-11,3,-10,3,-10,3,-10,3,-9,4,-9,4,-8,5,-8,5,-8,6,-8,6,-8,7,-8,7,-8,7,-8,8,-8,8,-8,8,-9,8,-9,8,0,0,-9,8,-9,8,-9,8,-9,8,-9,7,-9,7,-8,7,-8,7,-8,7,-8,8,-8,8,-8,8,-8,8,-8,8,-9,8,-9,8,-9,7,-9,7,-10,6,-10,5,-10,5,-10,4,-11,4,-10,3,-10,2,-9,1,0,0,0,0,0,0,0,0,0,0,0,0,0,0,66,36,58,36,63,33,60,29,60,25,65,25,61,25,61,30,62,25,60,21,50,18,52,22,57,22,51,15,50,17,51,10,51,9,51,4,48,1,52,-1,51,-5,52,-7,53,-12,53,-8,56,-11,58,-16,59,-14,63,-12,63,-13,62,-13,66,-10,66,-10,63,-7,65,-10,61,-9,61,-6,54,-11,54,-9,56,-10,54,-12,55,-13,53,-16,57,-11,58,-11,60,-12,60,-11,60,-8,58,-8,59,-2,59,-3,61,0,58,3,52,8,53,11,51,14,46,17,45,19,0,0,0,0,0,0,0,0,0,0,0,0,0,0,0,0,0,0,0,0,0,0,-24,7,-23,3,-19,1,-24,1,-21,3,-20,1,-20,2,-16,5,-17,3,-16,5,-21,1,-24,2,-23,4,-20,3,-22,-1,-23,2,-25,0,-22,-5,-18,-5,-17,-2,-14,-3,-14,-3,-10,2,-3,-1,-4,3,-4,6,-2,9,2,12,6,18,3,22,5,28,5,33,3,35,-1,39,-3,44,-2,43,-5,50,-10,53,-11,52,-12,57,-13,55,-12,59,-15,61,-17,64,-17,64,-14,64,-17,66,-19,68,-20,71,-28,73,-26,76,-31,78,-33,74,-34,77,-35,75,-38,78,-40,75,0,0]",1
CSI_DATA,53122,1a:00:00:00:00:00,-31,11,1,0,1,1,1,0,0,0,1,-97,0,11,2,715382354,0,44,0,384,0,"[0,0,0,0,0,0,0,0,0,0,0,0,-7,-12,-7,-12,-7,-11,-7,-12,-7,-11,-6,-11,-6,-11,-6,-10,-6,-10,-6,-9,-6,-9,-7,-8,-7,-8,-7,-7,-7,-7,-8,-6,-8,-6,-9,-6,-9,-6,-10,-6,-10,-6,-10,-6,-11,-6,-11,-6,-11,-6,-11,-6,0,0,-11,-7,-11,-7,-11,-7,-10,-7,-10,-7,-10,-7,-10,-6,-10,-6,-10,-6,-10,-5,-11,-5,-11,-6,-11,-6,-11,-6,-10,-6,-10,-7,-10,-7,-10,-7,-9,-8,-9,-8,-8,-9,-7,-9,-7,-9,-6,-9,-5,-9,-4,-9,0,0,0,0,0,0,0,0,0,0,0,0,0,0,-37,67,-41,61,-33,62,-33,59,-29,63,-31,59,-32,62,-30,59,-29,60,-29,57,-24,52,-28,55,-23,53,-23,54,-16,51,-12,50,-7,51,-6,50,-4,49,-4,52,2,52,6,53,12,53,2,55,8,58,6,59,8,60,12,61,9,65,13,66,6,62,4,63,4,61,5,61,3,63,6,60,4,58,3,56,4,52,6,54,11,52,14,58,9,61,9,60,8,61,12,59,3,58,4,62,-2,60,-2,61,-8,56,-10,59,-13,54,-15,53,-18,51,-16,49,-23,43,0,0,0,0,0,0,0,0,0,0,0,0,0,0,0,0,0,0,0,0,0,0,-8,-21,-8,-22,-6,-22,-3,-19,-5,-21,-3,-15,-4,-20,-2,-19,-8,-20,-6,-20,-11,-21,-6,-22,-5,-23,-3,-25,-2,-22,-2,-22,-4,-24,1,-22,1,-21,-1,-20,1,-16,-4,-12,0,-10,-1,-9,-4,-7,-8,-1,-9,1,-14,2,-18,2,-22,4,-29,6,-33,4,-38,3,-44,-4,-48,0,-48,-6,-53,-4,-55,-5,-58,-14,-57,-14,-58,-14,-60,-11,-60,-15,-67,-15,-63,-17,-69,-21,-70,-19,-70,-18,-75,-23,-75,-24,-76,-26,-77,-26,-79,-33,-74,-34,-82,-34,-79,-38,-73,-41,0,0]",1
CSI_DATA,53123,1a:00:00:00:00:00,-31,11,1,0,1,1,1,0,0,0,1,-97,0,11,2,715390505,0,44,0,384,0,"[0,0,0,0,0,0,0,0,0,0,0,0,-14,0,-13,0,-13,0,-13,0,-13,0,-13,0,-12,0,-12,0,-11,0,-11,1,-11,1,-10,2,-10,2,-9,3,-9,3,-9,4,-9,4,-9,5,-9,5,-9,5,-9,6,-10,6,-10,6,-10,7,-10,7,-10,7,0,0,-11,6,-11,6,-10,6,-11,6,-10,5,-10,5,-10,5,-9,5,-9,6,-9,6,-9,7,-9,7,-9,7,-9,6,-10,6,-10,6,-11,6,-10,5,-11,5,-11,4,-11,3,-11,2,-11,2,-10,1,-10,1,-10,0,0,0,0,0,0,0,0,0,0,0,0,0,0,0,52,55,48,56,47,48,49,49,49,51,46,48,51,43,50,46,49,48,47,39,48,41,46,44,47,35,45,36,40,32,44,29,42,24,45,20,47,21,47,14,49,14,53,11,52,8,55,11,56,11,59,9,60,8,60,7,64,9,65,11,64,8,65,17,63,11,63,16,61,14,56,16,56,14,56,15,54,14,54,8,51,8,57,6,57,7,58,6,57,12,60,10,58,13,62,18,53,16,53,22,54,25,50,27,47,29,47,33,43,31,39,32,33,33,0,0,0,0,0,0,0,0,0,0,0,0,0,0,0,0,0,0,0,0,0,0,-27,3,-23,-1,-21,1,-19,-1,-21,-2,-22,1,-19,0,-18,-2,-21,0,-20,1,-21,-1,-21,-1,-22,-4,-23,-2,-20,-3,-22,-5,-20,-5,-22,-7,-18,-3,-16,-6,-13,-9,-13,-5,-12,-4,-5,0,-7,0,-5,7,-5,11,-2,14,-1,18,-2,22,-2,26,-3,30,-9,35,-11,40,-17,43,-17,44,-18,48,-23,48,-23,49,-24,55,-27,51,-28,55,-31,52,-33,56,-31,57,-30,59,-35,60,-39,60,-42,61,-46,65,-45,65,-47,70,-51,64,-55,68,-54,64,-58,63,-61,63,0,0]",1
CSI_DATA,53124,1a:00:00:00:00:00,-31,11,1,0,1,1,1,0,0,0,1,-97,0,11,2,715400498,0,44,0,384,0,"[0,0,0,0,0,0,0,0,0,0,0,0,7,-12,6,-11,6,-12,6,-12,6,-12,6,-11,6,-11,6,-10,5,-10,5,-10,4,-10,3,-10,3,-10,2,-10,2,-10,1,-10,0,-10,0,-11,0,-11,-1,-12,-1,-12,-1,-12,-1,-12,-1,-13,-1,-13,-1,-13,0,0,0,-13,0,-13,0,-13,0,-13,0,-12,0,-12,0,-12,0,-11,-1,-11,-1,-12,-1,-12,-1,-12,-1,-12,-1,-12,-1,-13,0,-12,0,-13,0,-12,1,-12,2,-12,3,-12,3,-11,4,-11,4,-10,5,-9,5,-8,0,0,0,0,0,0,0,0,0,0,0,0,0,0,-72,24,-69,22,-68,20,-65,24,-67,28,-63,28,-60,22,-64,27,-61,26,-59,26,-55,24,-52,24,-50,25,-47,26,-49,22,-45,26,-41,27,-38,30,-37,33,-31,39,-33,44,-34,42,-32,48,-31,45,-32,48,-33,54,-33,52,-37,54,-39,52,-37,56,-38,53,-41,54,-38,52,-37,53,-36,49,-36,50,-32,49,-29,48,-32,45,-29,48,-28,46,-31,51,-31,52,-32,52,-32,50,-29,54,-39,50,-35,50,-41,44,-38,46,-41,41,-42,41,-43,34,-46,31,-46,25,-45,24,-49,18,0,0,0,0,0,0,0,0,0,0,0,0,0,0,0,0,0,0,0,0,0,0,10,-20,10,-22,9,-17,14,-15,13,-16,10,-16,9,-16,11,-14,11,-17,9,-16,14,-15,15,-15,14,-18,14,-16,13,-19,16,-15,18,-13,18,-15,11,-14,12,-12,11,-9,12,-6,8,-7,2,-7,2,-6,-5,-6,-3,-8,-12,-9,-16,-10,-20,-16,-21,-16,-27,-22,-26,-25,-29,-28,-32,-31,-32,-34,-30,-37,-33,-43,-30,-49,-32,-50,-33,-48,-34,-51,-30,-56,-33,-57,-35,-58,-41,-56,-40,-61,-41,-58,-39,-65,-37,-67,-33,-69,-32,-74,-36,-78,-33,-78,-36,-81,-31,-82,-28,-79,0,0]",1
CSI_DATA,53125,1a:00:00:00:00:00,-31,11,1,0,1,1,1,0,0,0,1,-97,0,11,2,715420508,0,44,0,384,0,"[0,0,0,0,0,0,0,0,0,0,0,0,-13,-2,-13,-2,-13,-2,-13,-2,-12,-2,-12,-2,-12,-2,-11,-2,-11,-2,-10,-1,-10,-1,-10,0,-10,1,-9,1,-9,2,-9,2,-9,3,-9,3,-9,4,-10,4,-10,4,-10,5,-10,5,-10,5,-11,5,-11,5,0,0,-11,5,-11,5,-11,5,-11,4,-10,4,-10,4,-10,4,-10,4,-10,5,-9,5,-9,5,-10,5,-10,5,-10,5,-10,5,-11,4,-11,4,-11,4,-11,3,-11,3,-11,2,-11,1,-11,1,-10,0,-10,-1,-9,-1,0,0,0,0,0,0,0,0,0,0,0,0,0,0,35,69,35,61,38,56,33,53,37,53,39,51,38,52,37,54,40,47,39,48,34,45,35,42,37,41,32,38,36,36,40,32,35,29,40,28,40,26,42,23,44,19,45,17,50,18,54,18,53,17,57,20,58,16,59,16,61,17,61,16,62,19,61,21,58,21,59,21,55,20,53,21,52,20,49,19,51,15,54,15,51,15,54,11,55,15,56,15,55,16,58,15,55,19,56,18,53,22,53,25,49,25,47,31,46,32,39,34,35,34,34,36,29,38,0,0,0,0,0,0,0,0,0,0,0,0,0,0,0,0,0,0,0,0,0,0,-30,-6,-22,-1,-21,-5,-19,-10,-16,-7,-17,-6,-17,-10,-21,-6,-17,-8,-17,-7,-20,-8,-21,-6,-19,-11,-21,-11,-19,-13,-18,-11,-19,-11,-18,-16,-12,-13,-16,-11,-10,-13,-10,-6,-10,-7,-10,0,-4,-1,-6,0,-5,4,-6,12,-6,18,-6,17,-10,22,-15,26,-17,27,-22,34,-22,34,-31,36,-31,34,-31,40,-36,38,-36,46,-41,40,-39,43,-43,40,-47,43,-44,45,-45,46,-51,46,-50,47,-58,51,-59,51,-56,51,-61,54,-64,51,-66,45,-67,50,-70,45,-67,43,0,0]",1
CSI_DATA,53126,1a:00:00:00:00:00,-31,11,1,0,1,1,1,0,0,0,1,-97,0,11,2,715430488,0,44,0,384,0,"[0,0,0,0,0,0,0,0,0,0,0,0,9,-9,9,-9,9,-9,9,-9,8,-8,8,-8,8,-8,8,-7,7,-7,7,-8,6,-8,6,-8,5,-8,4,-8,4,-8,3,-9,3,-9,3,-9,2,-10,2,-10,2,-11,2,-11,2,-11,2,-12,2,-12,2,-12,0,0,3,-12,3,-12,3,-12,3,-11,3,-11,3,-11,3,-10,2,-10,2,-11,2,-11,1,-11,1,-11,2,-11,2,-11,2,-11,3,-12,3,-11,3,-11,4,-11,4,-10,5,-10,6,-9,6,-9,6,-8,6,-8,6,-7,0,0,0,0,0,0,0,0,0,0,0,0,0,0,-79,-12,-74,-14,-71,-9,-69,-15,-70,-8,-70,-8,-67,-8,-68,-6,-70,-4,-60,-7,-61,-3,-59,-1,-61,0,-51,0,-52,3,-48,7,-53,11,-48,11,-51,16,-47,16,-49,20,-49,23,-50,30,-50,28,-50,28,-50,26,-55,30,-53,32,-56,31,-58,35,-61,35,-59,34,-58,29,-57,30,-53,28,-55,30,-54,26,-48,25,-49,27,-46,34,-47,31,-49,31,-52,35,-51,32,-51,31,-51,35,-55,29,-56,28,-59,25,-52,23,-57,21,-57,15,-58,13,-54,5,-54,6,-51,3,-47,1,0,0,0,0,0,0,0,0,0,0,0,0,0,0,0,0,0,0,0,0,0,0,20,-14,23,-13,17,-8,16,-7,16,-8,17,-11,18,-8,17,-10,19,-8,15,-13,19,-7,17,-9,18,-9,18,-9,16,-11,20,-10,20,-4,21,-3,19,-3,20,0,15,-3,11,-4,9,-6,9,-4,9,-7,-2,-9,-3,-8,-6,-14,-10,-15,-13,-21,-11,-25,-14,-32,-13,-33,-12,-42,-14,-44,-10,-47,-10,-46,-11,-56,-8,-55,-8,-56,-12,-61,-6,-60,-2,-65,-5,-63,-8,-64,-9,-69,-8,-72,-6,-74,-3,-77,-2,-75,0,-82,-3,-82,8,-88,3,-78,10,-83,5,-87,11,-79,0,0]",1
CSI_DATA,53127,1a:00:00:00:00:00,-31,11,1,0,1,1,1,0,0,0,1,-97,0,11,2,715450496,0,44,0,384,0,"[0,0,0,0,0,0,0,0,0,0,0,0,-10,-9,-10,-9,-10,-9,-10,-9,-10,-9,-9,-9,-9,-9,-9,-8,-8,-8,-8,-7,-9,-6,-9,-6,-9,-5,-9,-5,-9,-4,-9,-4,-10,-3,-10,-3,-11,-2,-11,-3,-11,-3,-12,-3,-12,-2,-12,-2,-13,-2,-13,-2,0,0,-13,-3,-12,-3,-12,-3,-12,-3,-11,-3,-11,-3,-11,-3,-11,-3,-11,-2,-11,-2,-11,-2,-12,-2,-12,-2,-12,-2,-12,-3,-12,-3,-12,-4,-11,-4,-11,-5,-11,-5,-10,-6,-10,-6,-9,-6,-9,-6,-8,-7,-7,-7,0,0,0,0,0,0,0,0,0,0,0,0,0,0,-22,73,-21,65,-13,68,-13,66,-9,68,-12,63,-6,59,-9,66,-10,62,-5,61,-7,55,-6,54,-7,55,0,52,1,50,5,48,5,49,12,46,14,48,18,46,18,48,19,45,22,50,26,50,28,51,25,51,28,52,31,50,31,56,30,54,32,57,30,58,26,59,28,55,26,51,23,51,23,51,21,51,25,48,28,49,26,47,26,44,33,49,34,51,31,52,30,53,25,53,28,56,22,53,17,52,16,58,12,52,11,55,3,51,4,52,-1,49,-2,46,0,0,0,0,0,0,0,0,0,0,0,0,0,0,0,0,0,0,0,0,0,0,-13,-20,-9,-19,-11,-18,-9,-21,-7,-19,-7,-18,-6,-16,-8,-14,-7,-18,-6,-19,-9,-17,-11,-16,-6,-25,-7,-25,-6,-26,-5,-21,-7,-24,-5,-19,0,-21,-2,-19,-1,-11,-1,-13,0,-10,-3,-6,-8,-5,-7,-1,-10,5,-13,3,-16,10,-20,9,-24,13,-32,12,-33,8,-41,7,-42,6,-44,8,-48,9,-52,5,-55,5,-56,4,-59,3,-54,7,-62,2,-63,2,-64,0,-61,1,-67,-1,-73,-2,-75,-4,-76,-7,-78,-4,-83,-2,-83,-10,-79,-14,-80,-8,-78,-12,-79,-20,0,0]",1
CSI_DATA,53128,1a:00:00:00:00:00,-31,11,1,0,1,1,1,0,0,0,1,-97,0,11,2,715460481,0,44,0,384,0,"[0,0,0,0,0,0,0,0,0,0,0,0,12,-3,12,-3,12,-4,12,-3,11,-4,11,-3,11,-3,10,-3,10,-3,9,-4,9,-4,8,-4,8,-4,7,-5,7,-6,7,-6,7,-7,7,-7,7,-8,7,-8,7,-8,7,-9,8,-9,7,-9,8,-9,8,-10,0,0,9,-9,8,-9,8,-9,8,-9,8,-8,8,-8,7,-8,7,-8,7,-8,7,-8,7,-9,7,-9,7,-9,7,-9,8,-9,8,-8,8,-8,8,-8,9,-7,9,-6,10,-6,10,-5,9,-4,9,-4,9,-3,8,-2,0,0,0,0,0,0,0,0,0,0,0,0,0,0,-66,-42,-59,-39,-61,-35,-61,-37,-62,-28,-62,-30,-59,-31,-61,-30,-58,-28,-57,-28,-55,-26,-54,-26,-57,-24,-52,-22,-51,-15,-48,-16,-53,-10,-49,-6,-48,-6,-49,0,-53,4,-52,7,-54,8,-57,8,-55,6,-58,9,-59,8,-64,12,-63,9,-64,9,-66,9,-68,5,-65,7,-62,8,-63,6,-58,5,-57,4,-56,5,-56,3,-57,7,-56,10,-60,10,-60,11,-59,13,-57,9,-60,8,-61,5,-62,4,-61,1,-58,-2,-57,-5,-55,-7,-58,-8,-53,-16,-52,-14,-47,-19,-43,-18,0,0,0,0,0,0,0,0,0,0,0,0,0,0,0,0,0,0,0,0,0,0,19,-10,20,-6,19,-6,18,-2,20,-3,22,0,19,-1,19,-1,19,-3,18,-4,20,-2,19,-3,19,-3,19,-4,22,-2,25,2,19,2,17,2,18,7,16,2,10,6,10,3,9,3,5,-1,5,-4,4,-7,2,-11,-1,-15,-1,-20,-5,-24,-2,-26,-2,-34,3,-39,1,-43,3,-43,8,-43,8,-50,10,-53,12,-52,13,-56,14,-54,13,-60,17,-59,17,-61,20,-63,19,-69,23,-71,24,-70,27,-72,27,-74,26,-77,26,-78,38,-79,34,-74,37,-75,39,-76,42,-74,0,0]",1
CSI_DATA,53129,1a:00:00:00:00:00,-31,11,1,0,1,1,1,0,0,0,1,-97,0,11,2,715470506,0,44,0,384,0,"[0,0,0,0,0,0,0,0,0,0,0,0,-7,10,-7,10,-7,10,-7,10,-7,10,-7,10,-7,9,-6,9,-6,9,-5,8,-5,9,-4,9,-3,8,-3,9,-2,9,-1,9,-1,9,-1,9,0,10,0,10,0,10,0,11,0,11,1,11,1,12,1,12,0,0,0,12,0,12,0,12,0,11,0,11,-1,11,0,10,0,10,0,10,1,10,1,10,1,11,1,11,1,11,0,11,0,11,0,11,-1,11,-2,11,-2,10,-3,10,-3,10,-4,10,-4,9,-4,8,-5,8,0,0,0,0,0,0,0,0,0,0,0,0,0,0,75,4,72,4,68,1,68,-6,66,-5,68,-6,64,-7,67,-9,67,-7,61,-5,59,-8,59,-3,57,-8,52,-13,54,-9,48,-15,47,-21,43,-23,45,-23,41,-29,43,-34,41,-34,43,-36,41,-36,44,-36,44,-40,47,-41,44,-44,45,-46,51,-47,45,-44,50,-44,48,-42,46,-43,50,-40,47,-38,43,-38,43,-33,42,-40,40,-38,42,-40,38,-46,40,-43,38,-47,43,-45,44,-44,50,-35,45,-39,48,-36,46,-34,53,-28,49,-28,52,-23,54,-20,50,-19,49,-14,48,-11,0,0,0,0,0,0,0,0,0,0,0,0,0,0,0,0,0,0,0,0,0,0,-16,16,-17,15,-15,13,-17,14,-17,9,-19,11,-17,8,-16,9,-16,10,-17,10,-19,10,-18,10,-15,13,-22,13,-21,9,-21,9,-21,9,-21,4,-18,7,-18,5,-17,4,-11,3,-12,3,-7,4,-6,7,-3,5,8,7,7,10,12,12,15,15,16,19,15,25,19,32,18,36,19,41,16,45,15,44,20,51,16,53,18,56,16,54,17,59,13,60,18,60,15,61,19,69,14,69,14,70,14,76,16,78,14,75,14,78,13,83,9,80,7,85,5,82,2,82,0,0]",1
CSI_DATA,53130,1a:00:00:00:00:00,-31,11,1,0,1,1,1,0,0,0,1,-97,0,11,2,715490484,0,44,0,384,0,"[0,0,0,0,0,0,0,0,0,0,0,0,12,2,12,2,12,2,12,2,11,2,11,2,11,2,10,2,10,1,9,1,9,1,9,0,9,0,8,-1,8,-2,8,-3,8,-3,9,-3,9,-4,9,-4,9,-4,10,-5,10,-5,10,-5,10,-5,10,-5,0,0,11,-5,11,-5,11,-4,10,-4,10,-4,10,-4,9,-4,9,-4,9,-5,9,-5,9,-5,9,-5,10,-5,10,-5,10,-5,10,-4,10,-4,10,-4,10,-3,10,-2,10,-2,10,-1,10,-1,9,0,9,1,8,1,0,0,0,0,0,0,0,0,0,0,0,0,0,0,-38,-67,-33,-61,-38,-64,-36,-59,-39,-56,-40,-55,-42,-50,-47,-55,-38,-53,-38,-50,-39,-49,-34,-49,-37,-45,-34,-41,-33,-40,-37,-35,-40,-31,-40,-27,-44,-32,-44,-21,-49,-22,-50,-20,-54,-18,-54,-19,-53,-21,-56,-22,-60,-19,-61,-18,-62,-20,-65,-17,-60,-20,-65,-27,-58,-24,-58,-25,-58,-25,-59,-27,-50,-27,-52,-24,-55,-22,-56,-15,-56,-18,-56,-13,-59,-16,-58,-17,-57,-20,-58,-20,-58,-24,-56,-26,-55,-28,-52,-33,-50,-36,-46,-35,-45,-37,-41,-37,-39,-36,-35,-35,-30,-37,0,0,0,0,0,0,0,0,0,0,0,0,0,0,0,0,0,0,0,0,0,0,22,2,21,6,20,8,15,8,16,5,15,8,17,5,16,7,17,6,17,7,23,5,18,6,22,6,19,10,22,10,17,11,19,13,16,11,16,10,12,10,11,10,10,10,8,6,8,2,4,-1,5,-3,5,-9,4,-13,4,-17,5,-22,11,-24,15,-31,18,-30,21,-35,23,-34,27,-38,29,-39,33,-44,36,-45,35,-46,37,-43,40,-45,42,-47,45,-47,46,-49,44,-48,46,-52,54,-52,55,-49,55,-52,59,-53,61,-53,67,-53,62,-48,68,-52,70,-43,67,-48,0,0]",1
CSI_DATA,53131,1a:00:00:00:00:00,-31,11,1,0,1,1,1,0,0,0,1,-97,0,11,2,715500496,0,44,0,384,0,"[0,0,0,0,0,0,0,0,0,0,0,0,-9,8,-9,8,-9,8,-9,8,-9,8,-9,8,-9,7,-8,7,-8,7,-7,7,-7,7,-6,7,-6,7,-5,7,-4,8,-4,8,-3,8,-3,9,-3,9,-3,10,-3,10,-3,10,-3,10,-2,11,-3,11,-3,11,0,0,-3,11,-3,11,-4,11,-3,10,-3,10,-3,10,-3,10,-3,9,-3,10,-3,9,-2,10,-2,10,-2,10,-3,11,-3,10,-4,10,-4,10,-4,10,-5,10,-5,9,-6,9,-6,8,-6,8,-6,7,-7,6,-7,6,0,0,0,0,0,0,0,0,0,0,0,0,0,0,72,16,67,15,63,13,65,9,66,9,64,8,63,7,63,6,65,6,61,3,56,7,55,0,57,2,54,1,51,1,50,-4,48,-9,45,-10,49,-14,47,-16,44,-22,47,-23,47,-24,48,-29,49,-27,50,-29,53,-30,57,-30,57,-26,55,-31,57,-28,58,-27,58,-30,54,-28,54,-25,52,-24,53,-25,51,-23,52,-26,48,-28,47,-27,47,-28,52,-28,50,-30,50,-29,54,-28,54,-23,54,-26,51,-20,55,-21,57,-20,53,-13,54,-11,54,-4,47,0,52,2,47,6,0,0,0,0,0,0,0,0,0,0,0,0,0,0,0,0,0,0,0,0,0,0,-16,15,-19,13,-21,9,-19,8,-16,9,-19,10,-17,10,-16,8,-17,7,-17,9,-17,7,-21,8,-19,10,-19,11,-18,10,-20,6,-21,7,-21,2,-21,4,-14,3,-14,2,-13,2,-7,2,-7,4,-6,2,-5,7,2,6,6,11,9,15,12,19,13,24,13,26,14,29,12,37,12,42,12,46,12,46,9,50,9,51,9,57,8,54,5,58,-1,58,4,65,5,60,6,67,5,70,0,72,6,71,-1,76,-6,79,-2,81,-3,81,-10,81,-10,83,-11,80,-10,84,0,0]",1
CSI_DATA,53132,1a:00:00:00:00:00,-31,11,1,0,1,1,1,0,0,0,1,-97,0,11,2,715510505,0,44,0,384,0,"[0,0,0,0,0,0,0,0,0,0,0,0,-1,-13,-2,-13,-2,-13,-1,-13,-1,-13,-1,-13,-1,-12,-1,-12,-1,-11,-2,-11,-2,-10,-3,-10,-3,-10,-4,-9,-4,-9,-5,-9,-5,-9,-6,-9,-7,-9,-7,-9,-7,-9,-7,-10,-7,-10,-8,-10,-8,-10,-8,-10,0,0,-8,-11,-7,-11,-7,-11,-7,-10,-7,-10,-7,-10,-6,-10,-7,-9,-7,-9,-7,-9,-8,-9,-8,-9,-8,-9,-8,-10,-7,-10,-7,-10,-7,-10,-6,-11,-6,-11,-5,-11,-4,-11,-3,-11,-3,-11,-2,-10,-2,-10,-1,-10,0,0,0,0,0,0,0,0,0,0,0,0,0,0,-47,54,-50,49,-44,53,-42,56,-41,53,-39,53,-38,53,-37,54,-35,56,-37,51,-31,46,-29,46,-30,45,-28,44,-27,45,-22,44,-19,48,-13,47,-13,45,-9,47,-5,52,-3,53,-3,53,2,54,0,56,-2,59,-3,62,3,61,-2,61,-2,63,-5,61,-4,66,-2,63,-4,61,-2,61,-6,61,-2,55,-5,54,-2,59,1,58,-1,55,1,58,-1,62,4,57,-1,60,-1,60,-5,57,-5,62,-6,56,-10,59,-15,56,-16,54,-18,51,-23,51,-23,43,-25,42,-25,35,0,0,0,0,0,0,0,0,0,0,0,0,0,0,0,0,0,0,0,0,0,0,-2,-22,0,-22,1,-22,0,-19,-1,-22,2,-18,1,-19,0,-17,0,-17,-1,-19,3,-19,-2,-19,5,-27,9,-34,3,-19,4,-18,6,-22,8,-20,5,-19,6,-18,5,-14,4,-13,1,-7,0,-7,-5,-7,-4,-3,-8,-3,-13,-2,-15,-4,-24,-3,-27,-1,-31,-3,-33,-5,-39,-12,-43,-11,-43,-12,-47,-17,-51,-20,-50,-21,-53,-25,-51,-21,-53,-23,-55,-29,-58,-29,-57,-27,-57,-33,-60,-32,-62,-31,-66,-33,-66,-40,-67,-42,-70,-40,-66,-45,-67,-45,-66,-50,-65,-53,-64,-52,0,0]",1
CSI_DATA,53133,1a:00:00:00:00:00,-31,11,1,0,1,1,1,0,0,0,1,-97,0,11,2,715521902,0,44,0,384,0,"[0,0,0,0,0,0,0,0,0,0,0,0,-1,12,-1,12,0,12,-1,12,-1,12,-1,12,-1,11,-1,11,-1,10,0,10,0,10,1,9,1,9,2,9,2,9,3,8,4,8,4,8,4,9,5,9,5,9,5,9,5,9,6,10,6,10,6,10,0,0,5,11,5,10,5,10,4,10,4,10,4,10,4,9,4,9,4,9,5,9,5,9,5,9,5,9,5,10,5,10,4,10,4,10,4,10,3,10,2,10,1,11,0,10,0,10,0,10,-1,9,-2,9,0,0,0,0,0,0,0,0,0,0,0,0,0,0,59,-46,56,-44,51,-48,54,-42,54,-45,47,-46,46,-47,49,-48,46,-48,44,-45,47,-39,42,-43,40,-43,36,-40,33,-41,27,-40,27,-42,28,-44,22,-48,20,-46,19,-51,16,-50,12,-55,17,-57,16,-56,19,-60,17,-57,15,-62,16,-61,18,-64,20,-65,24,-62,22,-61,17,-63,24,-62,25,-55,24,-57,21,-51,20,-55,17,-53,13,-54,10,-57,18,-55,15,-61,19,-56,17,-59,24,-56,23,-59,24,-53,28,-52,30,-49,32,-48,36,-47,37,-42,33,-38,38,-35,39,-29,0,0,0,0,0,0,0,0,0,0,0,0,0,0,0,0,0,0,0,0,0,0,-1,21,-3,22,0,23,-4,21,-3,23,-5,18,-3,18,-2,19,-6,18,-3,20,-3,19,-1,22,-1,19,-6,22,-4,22,-6,21,-4,20,-7,19,-7,16,-10,16,-6,12,-7,12,-7,8,-1,7,-1,6,2,6,8,3,13,2,19,3,20,3,26,4,29,8,32,12,36,13,38,16,41,19,42,20,44,23,48,23,45,29,52,28,53,30,51,36,55,38,51,32,57,39,58,38,55,42,62,46,63,47,59,51,68,50,62,53,58,60,59,58,58,58,54,65,0,0]",1
CSI_DATA,53134,1a:00:00:00:00:00,-31,11,1,0,1,1,1,0,0,0,1,-97,0,11,2,715540499,0,44,0,384,0,"[0,0,0,0,0,0,0,0,0,0,0,0,2,-13,1,-13,1,-13,1,-13,1,-13,1,-13,1,-12,1,-12,1,-11,0,-11,-1,-11,-1,-10,-1,-10,-2,-10,-2,-10,-3,-9,-4,-10,-4,-9,-5,-10,-5,-10,-5,-11,-5,-11,-6,-11,-6,-11,-6,-11,-6,-11,0,0,-6,-12,-5,-11,-6,-12,-5,-11,-5,-11,-5,-11,-5,-10,-5,-10,-5,-10,-6,-10,-6,-10,-6,-10,-6,-10,-6,-11,-6,-11,-5,-11,-5,-11,-5,-11,-4,-11,-3,-11,-2,-12,-2,-11,-2,-11,-1,-10,0,-10,0,-10,0,0,0,0,0,0,0,0,0,0,0,0,0,0,-69,30,-64,30,-62,35,-61,29,-52,30,-56,33,-54,30,-60,34,-51,33,-50,34,-52,32,-50,30,-51,31,-40,32,-43,31,-38,37,-36,34,-32,36,-32,40,-27,39,-30,47,-24,45,-26,46,-23,51,-22,50,-26,54,-25,54,-26,55,-26,55,-24,61,-27,58,-31,57,-28,55,-32,58,-29,50,-31,51,-26,48,-29,46,-23,44,-24,52,-22,47,-25,48,-25,52,-24,56,-27,55,-26,52,-35,53,-31,49,-34,48,-35,45,-35,45,-37,40,-41,38,-40,37,-43,29,-40,27,-41,21,0,0,0,0,0,0,0,0,0,0,0,0,0,0,0,0,0,0,0,0,0,0,7,-23,5,-22,8,-22,7,-21,5,-21,7,-17,11,-15,7,-16,9,-15,5,-14,7,-16,6,-16,8,-22,8,-23,9,-22,8,-21,13,-21,14,-15,10,-17,12,-14,10,-12,6,-6,3,-8,0,-7,-3,-4,-3,-9,-9,-2,-14,-6,-15,-4,-22,-7,-27,-10,-28,-16,-32,-17,-34,-22,-36,-23,-37,-28,-35,-27,-37,-36,-41,-35,-38,-41,-44,-39,-42,-42,-44,-47,-41,-47,-45,-48,-42,-52,-46,-51,-44,-51,-46,-59,-48,-57,-48,-63,-52,-64,-47,-71,-44,-65,-47,-71,-47,-77,-40,-72,0,0]",1
CSI_DATA,53135,1a:00:00:00:00:00,-31,11,1,0,1,1,1,0,0,0,1,-97,0,11,2,715550509,0,44,0,384,0,"[0,0,0,0,0,0,0,0,0,0,0,0,7,10,7,10,7,10,7,9,7,10,7,9,6,9,6,8,6,8,6,7,6,7,7,6,6,6,7,5,7,5,8,4,8,4,9,3,9,3,9,3,10,3,10,3,11,3,11,3,11,3,11,3,0,0,11,4,11,4,10,4,11,4,10,4,10,4,10,4,9,3,10,3,10,3,10,2,10,3,10,3,10,3,11,4,10,4,10,4,10,4,10,5,9,5,9,6,8,6,8,7,6,7,6,7,5,7,0,0,0,0,0,0,0,0,0,0,0,0,0,0,13,-72,12,-71,10,-74,7,-71,4,-72,3,-70,2,-66,1,-68,1,-66,2,-62,1,-61,2,-61,-3,-57,0,-53,-4,-53,-7,-52,-9,-51,-14,-45,-15,-47,-23,-47,-24,-50,-23,-49,-30,-49,-30,-49,-30,-50,-33,-50,-31,-53,-37,-53,-34,-59,-37,-59,-34,-60,-33,-60,-30,-56,-32,-56,-28,-58,-29,-56,-30,-51,-29,-49,-30,-46,-33,-46,-29,-49,-35,-51,-30,-51,-37,-51,-31,-51,-33,-56,-29,-51,-27,-58,-22,-54,-25,-56,-19,-56,-18,-56,-15,-52,-8,-55,-5,-55,-2,-51,7,-46,0,0,0,0,0,0,0,0,0,0,0,0,0,0,0,0,0,0,0,0,0,0,13,15,14,18,12,20,8,20,9,18,9,13,8,16,10,18,11,14,10,15,7,18,8,17,10,18,9,21,11,22,9,20,5,21,7,19,2,19,4,18,1,13,2,13,1,6,4,6,2,4,7,0,8,-4,11,-7,14,-9,20,-15,24,-14,26,-14,31,-17,38,-18,39,-15,41,-14,48,-16,52,-12,54,-11,56,-11,61,-12,60,-11,60,-10,66,-5,63,-10,63,-11,66,-10,74,-9,74,-6,76,-4,77,-4,83,-5,83,2,83,0,88,4,84,6,83,4,0,0]",1
CSI_DATA,53136,1a:00:00:00:00:00,-31,11,1,0,1,1,1,0,0,0,1,-97,0,11,2,715570481,0,44,0,384,0,"[0,0,0,0,0,0,0,0,0,0,0,0,4,-12,4,-13,4,-12,4,-13,4,-12,4,-12,4,-11,4,-11,3,-11,2,-10,2,-10,1,-10,1,-10,0,-10,0,-10,-1,-10,-1,-10,-2,-10,-3,-11,-2,-11,-2,-11,-2,-11,-3,-12,-3,-12,-3,-12,-3,-13,0,0,-2,-13,-2,-12,-2,-13,-2,-12,-2,-12,-2,-12,-2,-11,-2,-11,-2,-11,-3,-11,-4,-11,-3,-11,-3,-12,-3,-12,-2,-12,-2,-12,-2,-12,-1,-12,0,-12,0,-11,1,-12,2,-11,2,-11,2,-10,3,-10,3,-9,0,0,0,0,0,0,0,0,0,0,0,0,0,0,-76,17,-69,23,-62,21,-64,23,-65,23,-63,24,-62,24,-61,24,-59,26,-57,24,-58,21,-54,21,-53,25,-51,25,-47,21,-42,27,-39,30,-36,33,-35,35,-37,38,-32,38,-33,45,-33,45,-33,45,-35,47,-34,51,-36,52,-35,51,-36,55,-36,54,-40,55,-36,55,-39,51,-38,53,-40,52,-39,51,-34,45,-32,44,-35,46,-34,48,-32,46,-31,49,-35,47,-29,50,-31,51,-36,50,-38,46,-38,50,-36,44,-37,42,-41,42,-44,39,-46,34,-44,30,-47,27,-46,23,-46,18,0,0,0,0,0,0,0,0,0,0,0,0,0,0,0,0,0,0,0,0,0,0,11,-23,15,-19,11,-22,13,-16,10,-16,8,-14,13,-13,14,-18,13,-17,13,-19,13,-13,8,-16,15,-19,13,-20,14,-18,14,-18,16,-13,17,-15,17,-15,14,-9,14,-8,11,-9,9,-4,4,-7,1,-7,-5,-5,-4,-6,-9,-7,-15,-13,-17,-13,-23,-15,-23,-18,-29,-22,-30,-30,-33,-32,-31,-35,-34,-42,-31,-45,-31,-46,-37,-49,-35,-48,-30,-51,-30,-54,-35,-57,-34,-54,-32,-59,-35,-58,-34,-63,-38,-69,-35,-70,-35,-72,-38,-74,-34,-78,-29,-69,-29,-77,-25,-81,-25,-77,0,0]",1
CSI_DATA,53137,1a:00:00:00:00:00,-31,11,1,0,1,1,1,0,0,0,1,-97,0,11,2,715580491,0,44,0,384,0,"[0,0,0,0,0,0,0,0,0,0,0,0,6,10,7,10,7,10,6,10,6,10,6,9,6,9,6,9,5,8,6,8,6,7,6,7,6,6,6,5,7,5,7,5,8,4,8,4,9,4,9,4,9,4,10,4,10,4,10,4,11,4,11,4,0,0,11,5,10,5,10,5,10,5,10,5,9,5,9,5,9,4,9,4,9,4,10,4,10,4,10,4,10,5,10,5,10,5,9,6,9,6,9,6,8,6,8,7,7,7,6,8,6,7,5,8,4,7,0,0,0,0,0,0,0,0,0,0,0,0,0,0,31,-70,31,-64,25,-67,19,-65,23,-64,20,-63,17,-64,19,-63,19,-64,19,-62,16,-57,16,-54,11,-58,11,-54,8,-52,4,-47,3,-54,-4,-49,-3,-51,-9,-50,-15,-52,-12,-56,-15,-53,-17,-56,-18,-57,-17,-58,-18,-61,-21,-63,-19,-63,-17,-64,-20,-65,-18,-63,-18,-61,-15,-62,-15,-62,-13,-59,-11,-59,-11,-55,-17,-55,-19,-56,-15,-55,-18,-59,-20,-58,-21,-57,-17,-57,-21,-58,-15,-58,-15,-62,-11,-56,-6,-56,-4,-57,1,-59,-1,-54,9,-55,8,-53,8,-48,12,-46,0,0,0,0,0,0,0,0,0,0,0,0,0,0,0,0,0,0,0,0,0,0,9,19,7,20,9,20,4,20,5,21,0,17,5,16,3,18,4,17,3,19,3,16,6,18,3,20,5,23,4,24,-1,21,1,22,3,21,-2,18,-6,16,-4,13,-3,12,1,10,3,7,0,6,3,2,6,-3,11,-2,17,-8,21,-6,24,-8,29,-5,36,-6,38,-5,43,-7,47,-2,48,-1,51,0,57,2,55,2,59,7,61,7,64,8,65,9,65,4,64,11,67,11,70,8,71,12,76,16,77,15,80,17,77,22,80,19,81,28,78,24,78,28,0,0]",1
CSI_DATA,53138,1a:00:00:00:00:00,-31,11,1,0,1,1,1,0,0,0,1,-97,0,11,2,715590501,0,44,0,384,0,"[0,0,0,0,0,0,0,0,0,0,0,0,-13,-3,-13,-2,-13,-2,-13,-2,-13,-2,-13,-2,-12,-2,-12,-2,-11,-2,-10,-1,-11,-1,-10,0,-10,0,-10,1,-10,1,-9,2,-10,3,-10,3,-10,4,-10,4,-10,4,-11,4,-11,4,-11,5,-11,5,-12,5,0,0,-12,4,-12,4,-12,4,-11,4,-11,3,-11,3,-11,3,-10,3,-10,4,-10,4,-10,4,-11,4,-11,4,-11,4,-11,3,-12,3,-11,3,-12,2,-12,2,-11,1,-12,0,-11,0,-11,-1,-10,-1,-10,-2,-10,-3,0,0,0,0,0,0,0,0,0,0,0,0,0,0,40,59,38,60,36,55,38,55,42,56,37,52,40,54,38,53,40,49,38,50,34,45,39,51,37,46,37,38,35,38,42,35,40,33,42,29,43,28,47,22,45,22,50,21,49,16,54,22,52,19,57,19,59,19,60,17,59,24,61,21,59,20,60,27,61,26,54,22,56,28,50,27,52,26,51,26,50,22,55,22,51,21,53,20,52,21,57,19,52,25,58,25,54,25,56,29,48,28,48,31,45,34,41,39,41,41,37,42,31,36,34,39,27,40,0,0,0,0,0,0,0,0,0,0,0,0,0,0,0,0,0,0,0,0,0,0,-25,0,-22,-2,-20,-6,-19,-6,-20,-10,-20,-2,-19,-5,-21,-8,-20,-5,-21,-6,-17,-7,-20,-8,-21,-7,-23,-6,-19,-9,-25,-6,-21,-12,-19,-12,-13,-10,-13,-10,-11,-10,-6,-6,-8,-7,-8,-4,-7,-1,-4,2,-6,8,-7,10,-4,18,-7,19,-7,27,-9,28,-12,33,-18,37,-19,38,-24,44,-26,41,-25,40,-31,45,-35,46,-35,50,-38,47,-38,48,-42,48,-40,46,-40,52,-44,50,-52,53,-52,54,-56,55,-55,53,-61,58,-62,51,-63,55,-65,50,-68,49,-69,48,0,0]",1
CSI_DATA,53139,1a:00:00:00:00:00,-31,11,1,0,1,1,1,0,0,0,1,-97,0,11,2,715610539,0,44,0,384,0,"[0,0,0,0,0,0,0,0,0,0,0,0,-1,12,-1,12,-1,12,-1,12,-1,12,-1,12,-1,11,-1,11,-1,10,0,10,0,10,1,9,1,9,2,8,2,9,3,8,4,8,4,8,5,8,5,9,5,9,5,9,5,9,6,10,6,10,6,10,0,0,5,11,5,10,5,10,5,10,5,10,4,10,4,9,5,9,5,9,5,9,6,8,5,9,5,9,5,9,5,9,5,10,5,10,4,10,4,10,3,10,2,10,2,10,1,10,0,9,0,9,-1,9,0,0,0,0,0,0,0,0,0,0,0,0,0,0,62,-46,55,-45,52,-44,50,-43,50,-49,47,-44,47,-45,50,-47,44,-48,44,-48,45,-41,39,-44,37,-45,37,-44,34,-40,26,-44,26,-44,23,-44,24,-49,15,-46,15,-53,15,-53,10,-55,10,-55,13,-57,9,-58,12,-59,12,-64,11,-65,9,-64,13,-64,17,-64,17,-60,17,-64,18,-59,19,-59,17,-56,16,-57,12,-54,11,-56,13,-54,8,-56,12,-58,9,-60,13,-61,11,-59,15,-58,16,-62,18,-55,23,-56,26,-52,28,-48,30,-49,31,-46,33,-41,32,-39,34,-33,0,0,0,0,0,0,0,0,0,0,0,0,0,0,0,0,0,0,0,0,0,0,0,23,-5,26,-4,22,-4,20,-7,20,-6,16,-3,17,-4,17,-6,17,-3,19,-4,19,-3,20,-7,22,-7,20,-6,20,-6,22,-9,19,-9,17,-11,17,-8,13,-8,10,-8,8,-6,6,-2,3,0,5,3,2,7,5,10,0,14,-1,18,2,25,6,27,7,30,7,38,14,39,17,43,18,43,22,42,24,46,28,48,33,46,32,46,32,47,33,50,40,53,36,53,40,54,42,55,46,57,45,57,48,60,53,64,56,59,59,57,54,62,58,56,61,60,61,0,0]",1
CSI_DATA,53140,1a:00:00:00:00:00,-31,11,1,0,1,1,1,0,0,0,1,-97,0,11,2,715630491,0,44,0,384,0,"[0,0,0,0,0,0,0,0,0,0,0,0,10,-8,10,-8,9,-9,9,-8,9,-8,9,-8,9,-7,8,-7,8,-7,7,-7,7,-7,6,-7,6,-8,5,-8,4,-8,4,-9,4,-9,3,-10,3,-10,3,-10,3,-11,3,-11,3,-11,3,-12,3,-12,3,-12,0,0,4,-12,4,-12,4,-11,4,-11,4,-11,4,-11,4,-11,3,-10,3,-10,3,-11,3,-11,3,-11,3,-11,3,-11,4,-11,4,-11,5,-11,5,-10,5,-10,6,-10,7,-9,7,-9,7,-8,7,-7,7,-6,7,-6,0,0,0,0,0,0,0,0,0,0,0,0,0,0,-74,-21,-71,-12,-70,-12,-66,-12,-66,-10,-66,-8,-65,-9,-68,-11,-63,-10,-61,-9,-62,-7,-58,-11,-56,-5,-54,-2,-51,-3,-53,2,-49,4,-51,10,-51,8,-48,17,-50,16,-50,20,-50,23,-54,26,-53,23,-53,29,-56,25,-55,28,-59,24,-59,30,-57,25,-64,24,-60,25,-60,25,-61,20,-58,20,-55,17,-54,20,-53,22,-51,22,-48,23,-52,25,-54,22,-52,26,-54,25,-52,22,-58,20,-61,18,-56,17,-58,16,-58,12,-56,8,-58,2,-56,1,-52,-4,-50,-5,-51,-9,0,0,0,0,0,0,0,0,0,0,0,0,0,0,0,0,0,0,0,0,0,0,17,-15,18,-13,17,-11,19,-11,18,-9,19,-9,17,-10,17,-9,16,-12,15,-10,19,-10,24,-10,18,-10,19,-6,18,-9,24,-8,23,-10,19,-6,18,-3,18,-1,13,-3,9,-3,9,-4,6,-3,5,-8,-1,-7,-3,-9,-6,-10,-12,-15,-7,-17,-12,-24,-17,-28,-15,-31,-15,-36,-12,-40,-15,-43,-10,-50,-11,-52,-9,-54,-6,-54,-6,-56,-6,-59,-4,-61,-7,-62,-9,-66,-6,-70,-8,-71,-3,-74,-3,-77,0,-76,3,-79,1,-82,8,-81,6,-82,8,-86,10,-85,16,-79,0,0]",1
CSI_DATA,53141,1a:00:00:00:00:00,-31,11,1,0,1,1,1,0,0,0,1,-97,0,11,2,715640974,0,44,0,384,0,"[0,0,0,0,0,0,0,0,0,0,0,0,-7,-12,-8,-11,-8,-11,-8,-11,-7,-11,-7,-11,-7,-10,-7,-10,-7,-9,-7,-8,-7,-8,-7,-7,-7,-7,-7,-6,-8,-6,-9,-5,-9,-5,-9,-5,-10,-4,-10,-4,-10,-4,-11,-4,-11,-4,-12,-4,-12,-4,-12,-5,0,0,-12,-5,-11,-5,-12,-5,-11,-5,-11,-5,-11,-5,-11,-5,-10,-4,-11,-4,-10,-4,-11,-4,-11,-4,-11,-4,-11,-4,-11,-5,-11,-5,-11,-5,-11,-6,-11,-6,-10,-6,-10,-7,-9,-7,-8,-8,-8,-7,-7,-8,-6,-8,0,0,0,0,0,0,0,0,0,0,0,0,0,0,-23,71,-23,69,-20,66,-19,66,-14,63,-14,69,-17,62,-17,67,-13,66,-12,63,-11,56,-15,58,-9,55,-10,57,-5,52,0,52,-1,52,6,47,8,49,13,48,17,49,17,49,21,52,21,50,23,52,21,55,24,56,22,56,26,60,28,59,25,64,23,64,18,60,23,60,18,59,17,57,18,55,18,53,20,54,21,51,19,51,23,52,25,54,26,53,20,55,24,54,16,56,19,60,14,55,11,53,9,60,7,57,1,57,-5,57,-3,49,-3,49,-10,47,0,0,0,0,0,0,0,0,0,0,0,0,0,0,0,0,0,0,0,0,0,0,-15,-18,-8,-23,-9,-23,-8,-22,-9,-22,-8,-17,-7,-18,-8,-19,-6,-18,-9,-23,-9,-17,-9,-19,-8,-22,-9,-22,-7,-23,-5,-21,-6,-21,-5,-20,-4,-19,2,-17,1,-14,1,-11,-3,-11,-1,-9,-2,-4,-4,-2,-11,1,-10,7,-17,8,-19,9,-21,7,-31,12,-32,11,-39,8,-40,13,-43,6,-49,6,-55,3,-57,3,-58,1,-58,2,-63,0,-62,-1,-62,-4,-65,-2,-65,1,-69,-1,-75,-2,-75,-5,-78,-9,-78,-9,-81,-8,-84,-13,-79,-16,-84,-17,-84,-21,-81,-23,0,0]",1
CSI_DATA,53142,1a:00:00:00:00:00,-31,11,1,0,1,1,1,0,0,0,1,-97,0,11,2,715650486,0,44,0,384,0,"[0,0,0,0,0,0,0,0,0,0,0,0,-11,-9,-10,-8,-11,-8,-10,-8,-10,-8,-10,-8,-10,-8,-9,-8,-9,-7,-9,-6,-9,-6,-9,-5,-9,-5,-9,-4,-9,-4,-10,-3,-10,-2,-10,-2,-10,-2,-11,-2,-11,-2,-12,-2,-12,-2,-12,-1,-12,-2,-13,-2,0,0,-13,-3,-13,-3,-12,-3,-12,-3,-12,-3,-11,-3,-11,-3,-11,-2,-11,-2,-11,-2,-11,-1,-12,-2,-12,-2,-12,-2,-12,-2,-12,-3,-12,-3,-12,-3,-11,-4,-11,-5,-10,-6,-10,-6,-9,-6,-9,-6,-8,-7,-7,-7,0,0,0,0,0,0,0,0,0,0,0,0,0,0,8,71,7,71,8,70,14,65,10,68,12,68,12,65,13,65,8,60,13,60,13,56,14,57,14,55,17,52,13,52,19,48,21,45,24,42,28,42,29,40,33,39,36,41,36,37,40,38,41,39,44,39,46,39,43,42,46,46,46,48,47,45,44,51,43,50,44,44,38,50,38,45,37,44,37,37,38,41,42,41,37,39,39,38,43,43,42,40,44,41,46,43,37,49,40,48,33,48,30,45,29,53,28,49,21,50,17,50,14,49,13,47,7,47,0,0,0,0,0,0,0,0,0,0,0,0,0,0,0,0,0,0,0,0,0,0,-23,-12,-15,-14,-19,-14,-15,-19,-16,-16,-14,-16,-15,-13,-14,-12,-14,-15,-15,-13,-15,-15,-17,-15,-17,-18,-16,-17,-15,-18,-14,-18,-16,-19,-10,-18,-8,-20,-6,-17,-6,-9,-3,-13,-5,-10,-2,-8,-4,-2,-5,1,-6,5,-8,8,-11,12,-14,15,-17,18,-23,24,-25,26,-29,23,-34,24,-40,26,-41,23,-47,25,-48,23,-55,24,-52,25,-54,24,-59,24,-62,26,-59,26,-60,29,-61,27,-68,27,-71,27,-75,25,-75,22,-76,26,-83,20,-77,18,-84,16,-82,16,-81,14,0,0]",1
CSI_DATA,53143,1a:00:00:00:00:00,-31,11,1,0,1,1,1,0,0,0,1,-97,0,11,2,715660503,0,44,0,384,0,"[0,0,0,0,0,0,0,0,0,0,0,0,12,-3,11,-3,11,-4,11,-3,11,-3,11,-3,10,-3,10,-3,10,-3,9,-3,9,-4,8,-4,8,-4,7,-5,7,-5,7,-6,6,-7,6,-7,6,-8,7,-8,7,-8,7,-8,7,-9,7,-9,7,-9,7,-9,0,0,8,-9,8,-9,8,-9,8,-9,7,-8,7,-8,7,-8,7,-8,6,-8,6,-8,6,-9,7,-9,7,-9,7,-9,7,-9,7,-8,8,-8,8,-8,8,-7,8,-7,9,-6,9,-5,9,-5,8,-4,9,-3,8,-3,0,0,0,0,0,0,0,0,0,0,0,0,0,0,-64,-40,-63,-38,-60,-31,-65,-33,-60,-28,-61,-30,-61,-31,-63,-26,-55,-28,-56,-26,-59,-26,-54,-26,-52,-19,-52,-19,-52,-16,-47,-12,-50,-12,-50,-2,-49,-1,-48,4,-54,4,-52,5,-56,8,-53,10,-56,9,-57,11,-64,14,-58,13,-65,11,-65,13,-60,11,-69,12,-61,12,-64,12,-60,9,-62,8,-57,7,-55,5,-58,9,-57,10,-55,13,-59,14,-58,12,-58,16,-59,15,-59,16,-60,8,-65,9,-60,5,-60,5,-61,0,-54,-4,-57,-5,-58,-10,-52,-14,-48,-11,-46,-17,0,0,0,0,0,0,0,0,0,0,0,0,0,0,0,0,0,0,0,0,0,0,21,-6,23,-3,21,-3,23,1,20,0,22,-3,21,-2,17,-1,19,-2,20,-1,23,0,23,-1,20,0,21,-1,23,1,23,3,25,3,22,5,18,4,18,4,14,6,10,4,10,5,6,-2,3,-3,2,-6,-2,-9,0,-13,-4,-17,-5,-19,-4,-27,-3,-32,1,-35,3,-38,5,-44,5,-46,8,-47,9,-53,13,-53,13,-54,14,-55,15,-56,17,-63,19,-62,19,-63,16,-67,21,-66,26,-67,22,-71,28,-70,30,-74,32,-78,36,-77,34,-73,33,-79,39,-74,40,-72,0,0]",1
CSI_DATA,53144,1a:00:00:00:00:00,-31,11,1,0,1,1,1,0,0,0,1,-97,0,11,2,715680529,0,44,0,384,0,"[0,0,0,0,0,0,0,0,0,0,0,0,-4,-13,-5,-13,-5,-13,-5,-13,-5,-13,-4,-12,-4,-12,-4,-11,-4,-11,-4,-10,-5,-10,-5,-9,-5,-9,-6,-8,-6,-8,-7,-8,-8,-7,-8,-7,-9,-7,-9,-7,-9,-7,-10,-7,-10,-8,-10,-8,-10,-8,-10,-8,0,0,-10,-9,-10,-9,-10,-9,-9,-8,-9,-8,-9,-8,-9,-8,-9,-7,-9,-7,-9,-7,-10,-7,-10,-7,-10,-8,-10,-8,-10,-8,-9,-9,-9,-9,-9,-9,-8,-9,-8,-9,-7,-10,-6,-10,-6,-10,-5,-10,-4,-10,-3,-10,0,0,0,0,0,0,0,0,0,0,0,0,0,0,-28,69,-30,67,-28,65,-26,64,-24,61,-20,64,-21,62,-23,68,-17,60,-20,58,-18,55,-19,57,-16,55,-13,51,-9,49,-6,48,-1,50,0,45,1,48,8,47,12,49,13,53,16,48,17,53,16,55,16,55,17,58,22,58,20,63,20,60,18,62,17,65,17,62,20,62,16,61,13,58,15,55,11,57,13,54,18,54,17,49,19,51,20,55,23,57,20,57,22,54,19,61,16,59,11,63,9,55,5,58,2,56,-2,58,-5,51,-7,52,-12,50,-15,45,0,0,0,0,0,0,0,0,0,0,0,0,0,0,0,0,0,0,0,0,0,0,-13,-20,-9,-20,-7,-26,-5,-24,-5,-21,-4,-23,-4,-15,-4,-20,-5,-21,-7,-21,-8,-20,-5,-20,-3,-24,-6,-23,-4,-26,-4,-21,2,-25,1,-20,2,-20,0,-20,2,-14,4,-14,0,-8,-1,-9,-2,-5,-5,-7,-8,1,-12,5,-15,4,-22,4,-27,8,-30,5,-33,5,-38,1,-43,0,-47,2,-51,-2,-49,0,-53,-4,-57,-8,-58,-6,-56,-7,-61,-7,-63,-12,-64,-10,-62,-10,-66,-13,-72,-14,-75,-17,-75,-16,-78,-16,-77,-17,-78,-24,-77,-25,-85,-27,-81,-29,-76,-29,0,0]",1
CSI_DATA,53145,1a:00:00:00:00:00,-31,11,1,0,1,1,1,0,0,0,1,-97,0,11,2,715690491,0,44,0,384,0,"[0,0,0,0,0,0,0,0,0,0,0,0,12,-2,12,-2,12,-2,12,-2,11,-2,11,-2,11,-2,11,-2,10,-2,9,-2,9,-3,9,-3,8,-3,8,-4,8,-5,7,-5,7,-6,7,-6,8,-7,8,-7,8,-7,8,-8,8,-8,8,-8,9,-8,9,-8,0,0,9,-8,9,-8,9,-8,9,-7,9,-7,9,-7,8,-7,8,-7,8,-7,8,-7,8,-8,8,-8,8,-8,8,-8,9,-7,9,-7,9,-7,9,-7,9,-6,9,-5,10,-4,10,-4,10,-3,9,-3,9,-2,9,-1,0,0,0,0,0,0,0,0,0,0,0,0,0,0,-45,-60,-50,-56,-45,-55,-43,-48,-49,-47,-49,-48,-48,-46,-48,-46,-47,-44,-44,-44,-45,-42,-42,-41,-44,-39,-39,-33,-42,-31,-45,-30,-41,-24,-46,-22,-49,-20,-47,-15,-53,-14,-51,-10,-57,-12,-57,-8,-54,-13,-59,-10,-59,-10,-64,-10,-66,-11,-64,-13,-65,-14,-66,-14,-61,-11,-65,-11,-63,-16,-61,-16,-58,-13,-57,-14,-54,-11,-59,-10,-53,-7,-57,-8,-58,-12,-60,-10,-59,-10,-61,-10,-61,-11,-60,-17,-59,-17,-57,-19,-53,-25,-52,-27,-49,-27,-46,-31,-44,-32,-37,-33,-35,-33,0,0,0,0,0,0,0,0,0,0,0,0,0,0,0,0,0,0,0,0,0,0,22,-1,23,0,21,2,22,8,18,5,18,6,17,2,19,4,20,5,17,2,20,5,23,5,19,5,21,3,21,7,19,6,22,11,18,11,18,11,13,10,11,9,9,9,8,4,5,5,6,-2,6,-6,5,-7,2,-12,3,-16,0,-23,3,-22,5,-30,11,-36,14,-39,15,-41,19,-40,20,-46,21,-46,27,-46,31,-49,31,-50,28,-52,33,-50,35,-55,37,-54,34,-61,39,-61,41,-58,47,-57,47,-63,48,-59,50,-64,56,-62,56,-59,56,-59,61,-61,65,-50,0,0]",1
CSI_DATA,53146,1a:00:00:00:00:00,-31,11,1,0,1,1,1,0,0,0,1,-97,0,11,2,715700495,0,44,0,384,0,"[0,0,0,0,0,0,0,0,0,0,0,0,-7,10,-7,10,-7,10,-7,10,-7,10,-7,10,-6,9,-6,9,-6,8,-5,8,-5,8,-4,8,-4,8,-3,8,-3,9,-2,9,-1,9,-1,9,-1,10,-1,10,-1,10,-1,11,0,11,0,11,0,12,0,12,0,0,-1,12,-1,11,-1,11,-1,11,-1,11,-2,11,-1,10,-1,10,-1,10,-1,10,0,10,0,11,0,11,-1,11,-1,11,-1,11,-2,11,-2,11,-3,11,-4,10,-4,10,-5,10,-5,9,-5,8,-6,8,-6,7,0,0,0,0,0,0,0,0,0,0,0,0,0,0,71,-7,72,-9,68,-11,66,-5,65,-10,67,-11,63,-11,64,-11,65,-14,58,-10,58,-11,55,-11,57,-11,53,-16,50,-15,48,-21,46,-23,40,-25,43,-26,38,-29,42,-34,41,-32,43,-38,39,-40,41,-38,44,-41,43,-44,46,-44,48,-45,46,-46,45,-44,52,-43,53,-42,47,-42,48,-42,48,-37,46,-36,44,-35,41,-35,43,-37,42,-36,43,-39,43,-41,43,-41,45,-40,45,-41,51,-37,49,-38,49,-32,52,-26,50,-26,54,-24,53,-20,53,-16,51,-13,49,-12,49,-6,0,0,0,0,0,0,0,0,0,0,0,0,0,0,0,0,0,0,0,0,0,0,-11,19,-12,18,-13,19,-14,16,-14,17,-13,11,-18,15,-15,12,-14,15,-16,19,-15,17,-18,14,-16,17,-19,15,-17,15,-19,13,-18,14,-21,10,-18,10,-17,5,-15,8,-10,3,-11,3,-10,7,-2,2,3,7,5,3,10,5,12,12,17,11,17,17,21,21,22,24,23,31,26,35,24,38,27,40,30,45,24,49,25,50,22,53,25,51,28,56,24,60,25,60,26,62,27,65,25,66,27,74,23,76,21,74,25,79,20,78,16,81,14,82,17,84,13,81,0,0]",1
CSI_DATA,53147,1a:00:00:00:00:00,-31,11,1,0,1,1,1,0,0,0,1,-97,0,11,2,715720503,0,44,0,384,0,"[0,0,0,0,0,0,0,0,0,0,0,0,13,1,12,1,12,0,12,1,12,1,11,1,11,1,10,0,10,0,10,0,10,-1,9,-1,9,-2,8,-2,8,-3,8,-4,8,-4,9,-5,8,-5,9,-5,9,-5,9,-6,10,-6,9,-7,10,-7,10,-6,0,0,10,-6,10,-6,10,-6,10,-6,10,-6,10,-5,9,-5,9,-5,9,-6,9,-6,9,-6,9,-6,9,-6,9,-6,10,-6,10,-6,10,-5,10,-5,10,-4,10,-4,10,-3,10,-2,10,-2,9,-1,9,0,9,0,0,0,0,0,0,0,0,0,0,0,0,0,0,0,-57,-52,-56,-50,-57,-45,-51,-46,-54,-39,-57,-40,-52,-38,-57,-34,-57,-38,-53,-37,-48,-33,-49,-30,-49,-29,-48,-30,-46,-23,-48,-19,-47,-15,-48,-15,-49,-13,-48,-6,-52,-5,-57,-2,-53,-2,-57,0,-56,-3,-62,3,-62,2,-63,2,-64,2,-64,-1,-62,-2,-66,-4,-64,-5,-66,-3,-61,-6,-64,-7,-59,-7,-56,-4,-59,-2,-59,-6,-56,-1,-59,3,-59,0,-60,-2,-63,-3,-61,1,-61,-1,-62,-5,-57,-9,-58,-12,-57,-17,-55,-15,-53,-18,-52,-26,-48,-23,-41,-24,-42,-27,0,0,0,0,0,0,0,0,0,0,0,0,0,0,0,0,0,0,0,0,0,0,24,-5,25,-2,23,1,22,1,20,1,20,2,25,2,17,1,17,-1,23,1,18,4,22,0,20,-2,23,3,22,2,23,1,24,6,21,4,18,7,14,11,14,8,12,4,10,6,7,1,6,-4,0,-7,-2,-8,1,-13,3,-15,-4,-23,0,-27,1,-33,3,-36,6,-38,10,-41,12,-44,10,-47,18,-51,19,-51,19,-52,23,-54,19,-54,26,-57,24,-59,26,-59,24,-61,27,-61,33,-66,33,-65,37,-66,34,-72,36,-71,42,-66,43,-68,49,-75,51,-68,52,-67,0,0]",1
CSI_DATA,53148,1a:00:00:00:00:00,-31,11,1,0,1,1,1,0,0,0,1,-97,0,11,2,715730494,0,44,0,384,0,"[0,0,0,0,0,0,0,0,0,0,0,0,-7,10,-7,10,-6,10,-7,10,-6,10,-6,10,-6,9,-6,9,-5,9,-5,8,-4,8,-4,8,-3,8,-3,8,-2,8,-1,8,-1,9,0,9,0,9,0,10,0,10,0,10,0,10,1,11,1,11,1,11,0,0,0,11,0,11,0,11,0,11,-1,10,0,10,0,10,0,10,0,10,0,10,1,10,0,10,0,10,0,11,0,11,0,11,-1,11,-1,11,-2,10,-2,10,-3,10,-3,10,-4,9,-4,9,-5,8,-5,7,0,0,0,0,0,0,0,0,0,0,0,0,0,0,68,-26,68,-20,61,-26,61,-26,64,-26,60,-27,58,-29,60,-34,59,-31,56,-30,55,-27,51,-29,52,-27,46,-28,46,-28,38,-29,40,-33,33,-35,35,-36,31,-42,31,-45,27,-47,26,-48,24,-50,29,-50,28,-52,33,-53,32,-56,32,-56,31,-56,33,-54,36,-58,35,-56,34,-55,33,-53,34,-49,33,-48,33,-47,34,-48,32,-48,28,-45,25,-55,30,-50,26,-56,29,-50,30,-55,31,-52,37,-49,37,-49,39,-42,41,-44,41,-37,44,-39,48,-35,44,-30,44,-26,44,-18,0,0,0,0,0,0,0,0,0,0,0,0,0,0,0,0,0,0,0,0,0,0,-9,22,-10,19,-10,17,-13,18,-10,17,-13,14,-13,14,-13,17,-13,15,-9,14,-13,19,-11,15,-11,20,-14,21,-17,16,-16,17,-14,16,-17,17,-13,12,-18,9,-14,9,-14,7,-9,4,-4,6,-2,5,2,4,5,5,6,3,14,7,19,8,21,7,22,17,28,19,29,20,29,29,33,32,34,33,33,35,35,42,38,39,39,46,40,47,34,50,37,49,38,49,38,54,41,56,38,61,43,63,43,64,44,68,44,65,38,71,36,70,39,71,34,77,31,74,0,0]",1
CSI_DATA,53149,1a:00:00:00:00:00,-31,11,1,0,1,1,1,0,0,0,1,-97,0,11,2,715740498,0,44,0,384,0,"[0,0,0,0,0,0,0,0,0,0,0,0,-7,-12,-7,-11,-7,-11,-7,-11,-7,-11,-7,-11,-6,-10,-6,-10,-6,-10,-6,-9,-6,-9,-7,-8,-7,-7,-7,-7,-7,-7,-8,-6,-8,-5,-9,-5,-9,-5,-10,-5,-10,-5,-10,-5,-11,-6,-11,-5,-11,-6,-11,-6,0,0,-11,-6,-11,-6,-11,-6,-11,-6,-10,-6,-10,-6,-10,-6,-10,-5,-10,-5,-10,-5,-10,-5,-10,-5,-11,-5,-11,-5,-11,-6,-10,-6,-10,-7,-10,-7,-10,-7,-9,-7,-8,-8,-8,-9,-7,-9,-6,-9,-6,-9,-5,-8,0,0,0,0,0,0,0,0,0,0,0,0,0,0,-8,71,-7,67,-3,70,-4,66,2,66,1,64,-4,66,1,68,0,62,1,61,0,61,0,58,3,52,4,54,4,51,7,44,14,47,14,48,15,44,22,38,24,46,28,42,29,44,31,45,31,44,34,46,33,51,36,51,35,51,39,50,34,52,34,54,34,51,31,51,30,50,30,52,32,46,31,48,32,46,32,45,35,40,36,42,34,47,37,44,32,48,35,48,30,52,34,49,27,49,21,51,23,51,18,52,13,54,10,50,8,51,4,48,-1,46,0,0,0,0,0,0,0,0,0,0,0,0,0,0,0,0,0,0,0,0,0,0,-15,-17,-12,-23,-11,-17,-13,-19,-11,-19,-9,-16,-9,-16,-10,-19,-11,-17,-9,-21,-10,-21,-8,-18,-12,-21,-10,-22,-8,-21,-6,-22,-7,-24,-8,-21,-4,-18,-2,-18,-1,-16,-3,-13,-3,-11,-1,-5,-3,-5,-6,-2,-7,1,-12,4,-14,10,-20,11,-23,14,-26,14,-30,13,-37,15,-44,18,-43,16,-45,13,-50,14,-49,12,-53,12,-56,9,-56,8,-59,9,-62,8,-64,10,-62,7,-63,11,-70,10,-73,10,-73,7,-75,8,-80,7,-80,4,-82,-1,-81,0,-84,-1,-81,-2,0,0]",1
CSI_DATA,53150,1a:00:00:00:00:00,-31,11,1,0,1,1,1,0,0,0,1,-97,0,11,2,715760509,0,44,0,384,0,"[0,0,0,0,0,0,0,0,0,0,0,0,-5,11,-5,11,-5,11,-5,11,-5,11,-5,10,-4,10,-4,10,-4,9,-3,9,-3,9,-2,9,-2,9,-1,9,-1,9,0,9,1,9,1,9,2,9,2,10,2,10,2,10,2,11,3,11,3,11,3,11,0,0,2,12,2,12,2,11,2,11,2,10,1,10,2,10,2,10,2,10,2,10,3,10,3,10,3,10,3,10,2,11,2,11,2,11,1,11,1,11,0,10,-1,11,-1,10,-2,10,-2,9,-3,9,-3,8,0,0,0,0,0,0,0,0,0,0,0,0,0,0,74,-19,67,-20,71,-21,63,-22,61,-22,63,-23,59,-24,62,-23,59,-25,59,-23,55,-22,53,-23,51,-27,47,-23,46,-29,44,-28,43,-27,38,-31,35,-35,32,-35,30,-43,32,-43,31,-46,30,-46,32,-48,32,-49,32,-53,30,-57,36,-55,33,-56,33,-51,39,-54,36,-53,35,-52,36,-49,37,-52,34,-48,35,-44,31,-47,30,-47,28,-49,29,-49,30,-51,29,-53,28,-53,33,-48,34,-48,35,-50,36,-47,36,-47,43,-43,43,-38,43,-38,47,-33,43,-30,44,-24,42,-19,0,0,0,0,0,0,0,0,0,0,0,0,0,0,0,0,0,0,0,0,0,0,-12,20,-15,20,-14,19,-15,18,-12,16,-13,17,-13,14,-14,15,-15,15,-11,15,-12,16,-17,12,-14,16,-18,15,-18,16,-17,14,-19,13,-18,11,-17,12,-17,10,-14,7,-11,1,-6,4,-5,2,-6,5,1,6,4,5,10,7,15,6,15,12,22,16,26,20,28,20,27,29,27,29,32,33,28,37,30,44,30,44,32,46,31,49,31,49,33,54,31,53,31,55,34,63,34,60,35,61,35,65,35,67,38,72,34,71,32,79,31,71,29,82,30,81,22,78,0,0]",1
CSI_DATA,53151,1a:00:00:00:00:00,-31,11,1,0,1,1,1,0,0,0,1,-97,0,11,2,715770484,0,44,0,384,0,"[0,0,0,0,0,0,0,0,0,0,0,0,-10,-9,-10,-9,-10,-9,-10,-9,-10,-9,-10,-9,-9,-8,-9,-8,-9,-8,-9,-7,-9,-6,-9,-5,-9,-5,-9,-4,-9,-4,-10,-3,-10,-3,-10,-2,-11,-2,-11,-2,-11,-2,-12,-2,-12,-2,-13,-1,-13,-2,-13,-2,0,0,-13,-2,-13,-2,-13,-2,-12,-2,-12,-3,-12,-2,-11,-2,-11,-2,-11,-2,-11,-1,-12,-1,-12,-1,-12,-1,-12,-1,-12,-2,-12,-2,-12,-3,-12,-3,-12,-4,-11,-4,-11,-5,-11,-5,-10,-6,-9,-6,-9,-7,-8,-7,0,0,0,0,0,0,0,0,0,0,0,0,0,0,4,76,6,73,7,68,5,67,11,68,7,65,14,68,11,69,10,63,11,61,8,58,10,55,13,54,13,51,16,50,16,45,18,44,23,46,30,41,31,37,33,39,34,39,33,40,36,41,38,41,44,42,41,45,45,45,46,48,43,44,44,47,41,52,41,50,41,46,41,49,38,45,33,45,35,42,32,45,36,42,36,39,38,40,41,41,43,42,40,45,39,43,36,47,39,48,32,46,32,49,25,49,22,52,23,55,15,49,14,47,11,48,9,45,0,0,0,0,0,0,0,0,0,0,0,0,0,0,0,0,0,0,0,0,0,0,-19,-11,-17,-13,-17,-16,-18,-16,-17,-15,-15,-16,-16,-15,-15,-13,-15,-11,-15,-13,-16,-12,-18,-18,-17,-21,-17,-18,-13,-20,-13,-18,-13,-21,-12,-19,-9,-22,-4,-18,-7,-16,-2,-12,-3,-8,-6,-5,-4,-3,-6,0,-6,5,-9,8,-10,10,-14,14,-15,23,-24,18,-24,21,-32,25,-36,24,-43,26,-43,25,-47,26,-51,22,-52,26,-54,23,-52,25,-57,25,-59,25,-58,22,-61,22,-63,25,-68,24,-74,25,-75,26,-73,26,-80,22,-81,19,-77,17,-83,18,-84,15,-82,10,0,0]",1
CSI_DATA,53152,1a:00:00:00:00:00,-31,11,1,0,1,1,1,0,0,0,1,-97,0,11,2,715780498,0,44,0,384,0,"[0,0,0,0,0,0,0,0,0,0,0,0,12,-5,11,-5,11,-5,11,-5,11,-5,10,-5,10,-5,10,-5,9,-5,8,-5,8,-5,8,-6,7,-6,7,-6,6,-7,6,-7,6,-8,5,-8,5,-9,5,-9,6,-9,6,-10,6,-10,6,-11,6,-11,6,-11,0,0,7,-11,7,-10,7,-10,7,-10,6,-9,6,-9,6,-9,6,-9,5,-9,5,-9,5,-10,5,-10,6,-10,6,-10,6,-10,6,-10,7,-10,7,-9,7,-9,8,-8,8,-8,8,-7,8,-6,8,-6,8,-4,8,-4,0,0,0,0,0,0,0,0,0,0,0,0,0,0,-67,-38,-65,-34,-58,-30,-64,-30,-65,-28,-58,-30,-62,-25,-64,-31,-59,-24,-55,-24,-59,-20,-55,-22,-51,-20,-53,-15,-49,-14,-50,-15,-50,-6,-50,-8,-51,-2,-49,3,-54,5,-53,7,-53,9,-57,9,-60,10,-59,11,-61,15,-60,12,-66,14,-68,14,-65,12,-68,7,-61,7,-64,8,-62,10,-58,7,-58,4,-57,4,-58,10,-56,11,-56,10,-56,15,-57,10,-62,14,-60,13,-59,10,-60,9,-63,7,-57,2,-58,-2,-57,-3,-56,-7,-57,-10,-53,-11,-49,-11,-48,-16,-45,-19,0,0,0,0,0,0,0,0,0,0,0,0,0,0,0,0,0,0,0,0,0,0,22,-11,23,-10,22,-6,20,-4,21,-4,18,0,21,-5,19,0,18,-4,19,-2,21,-5,24,-2,23,-3,22,-6,21,-3,21,-1,23,2,21,-1,20,2,15,5,13,6,12,3,7,2,9,1,4,-4,1,-2,-1,-8,-1,-12,-6,-14,-5,-21,-7,-24,-3,-30,-5,-35,-2,-39,-2,-43,3,-45,5,-46,6,-49,6,-55,9,-57,12,-59,11,-58,12,-63,15,-63,14,-59,13,-64,17,-67,19,-68,19,-73,22,-73,27,-76,18,-78,33,-78,28,-74,31,-75,35,-70,37,-78,0,0]",1
CSI_DATA,53153,1a:00:00:00:00:00,-31,11,1,0,1,1,1,0,0,0,1,-97,0,11,2,715800489,0,44,0,384,0,"[0,0,0,0,0,0,0,0,0,0,0,0,-12,-6,-12,-5,-12,-5,-12,-5,-12,-5,-12,-5,-11,-5,-11,-5,-10,-4,-10,-4,-10,-3,-10,-3,-10,-2,-10,-1,-9,-1,-10,0,-10,0,-10,1,-10,1,-11,1,-11,1,-11,2,-12,2,-12,2,-12,2,-12,2,0,0,-13,1,-13,1,-12,1,-12,1,-12,1,-12,1,-11,1,-11,1,-11,1,-11,2,-11,2,-11,2,-11,2,-11,2,-12,1,-12,1,-12,1,-12,0,-12,-1,-11,-1,-12,-2,-11,-2,-11,-3,-10,-3,-10,-4,-9,-4,0,0,0,0,0,0,0,0,0,0,0,0,0,0,12,76,13,71,16,69,12,68,15,65,17,64,14,60,16,64,17,59,17,61,17,54,16,55,17,54,19,50,18,46,23,47,24,42,27,38,28,40,30,34,31,39,35,35,40,36,41,36,41,38,44,38,44,41,47,40,49,41,51,44,46,45,44,51,45,46,43,46,43,45,38,47,37,42,39,41,39,40,40,39,40,39,44,39,47,40,45,41,42,41,41,44,40,48,40,45,34,47,36,46,31,50,29,48,22,48,17,51,12,50,11,49,9,50,0,0,0,0,0,0,0,0,0,0,0,0,0,0,0,0,0,0,0,0,0,0,-23,-7,-24,-11,-19,-12,-19,-14,-16,-9,-16,-11,-18,-11,-17,-13,-17,-13,-18,-14,-20,-12,-18,-12,-20,-14,-16,-15,-18,-15,-18,-18,-19,-19,-16,-15,-14,-14,-7,-18,-9,-15,-9,-9,-5,-7,-5,-9,-7,-3,-7,0,-7,6,-10,9,-9,13,-12,15,-13,19,-20,24,-22,25,-27,28,-31,29,-34,29,-37,29,-41,32,-44,32,-47,31,-49,31,-49,32,-56,29,-55,32,-55,32,-54,29,-61,31,-67,33,-68,32,-68,36,-73,32,-73,34,-81,26,-74,26,-81,29,-80,23,-82,18,0,0]",1
CSI_DATA,53154,1a:00:00:00:00:00,-31,11,1,0,1,1,1,0,0,0,1,-97,0,11,2,715810484,0,44,0,384,0,"[0,0,0,0,0,0,0,0,0,0,0,0,10,-7,10,-7,10,-8,10,-7,9,-7,9,-7,9,-7,8,-6,8,-6,7,-7,7,-7,6,-7,6,-7,5,-7,5,-8,4,-8,4,-9,4,-9,3,-10,3,-10,4,-10,3,-10,3,-11,3,-11,3,-12,3,-12,0,0,4,-12,4,-11,4,-11,4,-11,4,-11,4,-10,4,-10,3,-10,3,-10,3,-10,2,-11,3,-11,3,-11,3,-11,4,-11,4,-11,4,-11,4,-10,5,-10,5,-10,6,-9,6,-9,6,-8,6,-7,7,-7,7,-6,0,0,0,0,0,0,0,0,0,0,0,0,0,0,-73,-18,-69,-19,-65,-13,-68,-15,-69,-13,-64,-11,-67,-11,-67,-7,-68,-9,-65,-8,-61,-10,-58,-8,-61,-4,-54,-3,-53,-3,-50,1,-50,5,-46,6,-48,10,-47,12,-47,16,-47,21,-49,25,-51,25,-51,25,-54,30,-54,26,-56,30,-58,27,-61,29,-56,29,-63,22,-57,25,-61,26,-59,24,-59,22,-58,20,-55,24,-50,26,-53,28,-51,25,-51,29,-55,27,-54,30,-55,25,-57,25,-55,21,-56,22,-58,20,-55,15,-59,9,-60,9,-54,5,-54,4,-53,-1,-53,-3,-46,-9,0,0,0,0,0,0,0,0,0,0,0,0,0,0,0,0,0,0,0,0,0,0,21,-16,22,-13,20,-11,20,-8,19,-9,15,-9,17,-13,16,-5,20,-7,18,-8,16,-6,21,-10,22,-9,22,-7,25,-10,19,-7,19,-4,25,-3,20,-4,15,-2,15,0,13,1,14,0,4,-5,5,-4,0,-4,-4,-11,-6,-10,-7,-16,-10,-19,-14,-27,-10,-31,-11,-34,-12,-38,-15,-43,-11,-45,-11,-49,-8,-53,-10,-56,-7,-56,-6,-58,-7,-62,-1,-60,-4,-65,-3,-64,-4,-70,-6,-71,-1,-72,-2,-75,-2,-81,2,-78,7,-83,9,-81,9,-84,9,-80,17,-84,17,-79,0,0]",1
CSI_DATA,53155,1a:00:00:00:00:00,-31,11,1,0,1,1,1,0,0,0,1,-97,0,11,2,715830494,0,44,0,384,0,"[0,0,0,0,0,0,0,0,0,0,0,0,-11,-8,-11,-8,-11,-7,-11,-7,-11,-7,-11,-7,-10,-7,-10,-7,-10,-6,-10,-6,-10,-5,-10,-5,-10,-4,-10,-3,-10,-3,-10,-2,-10,-1,-11,-1,-11,0,-11,0,-12,0,-12,0,-12,0,-12,0,-13,0,-13,0,0,0,-13,-1,-13,-1,-13,-1,-13,-1,-12,-1,-12,-1,-12,-1,-11,-1,-11,0,-12,0,-12,1,-12,0,-12,0,-12,0,-12,0,-12,-1,-12,-1,-12,-1,-12,-2,-12,-3,-12,-3,-11,-4,-11,-5,-10,-5,-9,-5,-9,-6,0,0,0,0,0,0,0,0,0,0,0,0,0,0,6,80,8,68,11,68,8,66,13,64,12,65,10,62,11,62,14,60,13,58,15,56,12,50,12,56,17,50,16,48,18,46,19,43,24,42,24,40,32,38,36,35,34,39,38,35,41,37,41,39,41,38,46,42,46,43,46,41,50,43,48,46,47,44,42,44,42,44,41,44,40,44,39,43,36,40,39,39,38,37,41,38,40,35,43,37,44,35,44,39,40,40,40,42,42,46,39,40,34,43,31,48,30,44,26,49,20,50,17,49,17,43,9,47,0,0,0,0,0,0,0,0,0,0,0,0,0,0,0,0,0,0,0,0,0,0,-17,-13,-17,-13,-17,-17,-16,-18,-15,-20,-13,-17,-14,-13,-14,-16,-14,-15,-14,-15,-15,-16,-12,-18,-15,-16,-14,-18,-12,-17,-15,-18,-14,-22,-12,-17,-9,-20,-6,-17,-6,-17,-6,-14,-1,-13,-6,-8,-5,-5,-7,3,-8,3,-7,8,-10,11,-14,12,-18,18,-23,22,-23,19,-30,21,-33,24,-39,21,-40,22,-44,22,-48,25,-52,25,-51,19,-52,24,-54,22,-59,21,-59,24,-60,22,-64,23,-65,24,-71,24,-73,24,-76,22,-72,26,-78,19,-79,20,-81,18,-81,14,-77,14,0,0]",1
CSI_DATA,53156,1a:00:00:00:00:00,-31,11,1,0,1,1,1,0,0,0,1,-97,0,11,2,715840484,0,44,0,384,0,"[0,0,0,0,0,0,0,0,0,0,0,0,10,-7,10,-8,10,-7,10,-8,10,-7,10,-7,9,-7,9,-6,8,-7,7,-7,7,-7,7,-7,6,-7,5,-8,5,-8,4,-9,4,-9,4,-9,4,-10,4,-10,4,-10,4,-11,4,-11,4,-11,4,-12,4,-12,0,0,5,-12,5,-11,5,-12,5,-11,5,-11,5,-11,4,-10,4,-10,4,-10,3,-10,3,-11,3,-11,4,-11,4,-11,4,-11,5,-11,5,-11,5,-11,6,-10,6,-9,7,-9,7,-8,7,-8,7,-7,7,-6,7,-5,0,0,0,0,0,0,0,0,0,0,0,0,0,0,-71,-27,-72,-21,-69,-20,-67,-21,-70,-15,-62,-13,-67,-15,-62,-14,-63,-12,-59,-13,-59,-11,-57,-10,-57,-7,-55,-4,-52,-6,-49,-5,-53,3,-50,7,-50,6,-46,10,-49,14,-51,15,-49,20,-52,22,-56,21,-56,24,-56,22,-56,21,-59,23,-61,26,-65,24,-64,23,-63,22,-64,21,-60,20,-58,16,-57,16,-53,17,-54,18,-53,19,-54,23,-55,21,-59,21,-60,21,-54,24,-56,26,-56,16,-63,18,-55,14,-59,13,-60,11,-56,9,-57,1,-56,0,-53,-4,-51,-6,-50,-15,0,0,0,0,0,0,0,0,0,0,0,0,0,0,0,0,0,0,0,0,0,0,18,-16,21,-11,21,-9,21,-7,21,-7,16,-8,19,-5,17,-5,20,-9,20,-7,20,-7,21,-10,22,-5,20,-7,20,-8,23,-4,24,-4,23,-4,18,-1,18,-1,19,0,11,1,9,0,8,-1,3,-4,1,-5,-1,-10,-2,-14,-10,-18,-9,-19,-11,-23,-9,-29,-9,-31,-10,-37,-6,-41,-7,-45,-5,-51,-2,-50,-2,-55,-4,-58,-1,-55,-1,-61,2,-62,4,-64,-1,-60,-2,-64,-1,-69,1,-73,6,-77,8,-78,13,-76,11,-82,14,-80,14,-83,16,-83,21,-80,21,-80,0,0]",1
CSI_DATA,53157,1a:00:00:00:00:00,-31,11,1,0,1,1,1,0,0,0,1,-97,0,11,2,715850479,0,44,0,384,0,"[0,0,0,0,0,0,0,0,0,0,0,0,3,12,4,11,4,11,4,11,4,11,3,11,3,10,3,10,3,10,3,9,4,8,4,8,4,7,5,7,5,7,6,6,6,6,7,6,7,6,8,6,8,6,8,6,9,7,9,6,9,7,9,7,0,0,9,7,9,8,8,7,9,7,8,7,8,7,8,7,8,6,8,6,8,6,8,6,9,6,9,6,9,6,8,7,8,7,8,7,8,7,7,8,6,8,6,9,5,9,5,9,4,9,3,9,2,8,0,0,0,0,0,0,0,0,0,0,0,0,0,0,42,-66,34,-61,34,-63,34,-61,30,-57,31,-63,30,-57,27,-60,25,-60,28,-63,25,-57,22,-54,19,-52,18,-51,16,-49,11,-50,9,-50,3,-49,5,-53,1,-51,-2,-53,-6,-51,-10,-54,-11,-59,-9,-59,-11,-58,-13,-61,-12,-60,-9,-65,-11,-64,-13,-62,-7,-66,-5,-64,-7,-68,-5,-62,-5,-65,-6,-57,-4,-60,-5,-58,-7,-56,-9,-54,-10,-57,-11,-58,-11,-59,-7,-60,-11,-55,-5,-59,-6,-59,-5,-60,4,-58,4,-59,7,-58,9,-56,20,-52,15,-50,18,-47,21,-44,0,0,0,0,0,0,0,0,0,0,0,0,0,0,0,0,0,0,0,0,0,0,7,18,5,20,5,23,4,23,3,24,3,20,4,17,3,20,0,21,4,21,1,19,5,23,2,23,2,21,0,23,-2,24,-3,23,-3,19,-4,22,-8,17,-5,13,-4,12,-2,11,0,7,-1,4,5,5,8,-2,9,-1,13,-2,18,-5,25,-5,30,-3,33,0,39,-2,43,-3,43,2,45,6,50,6,54,7,54,10,58,10,56,11,58,16,63,17,63,14,65,19,66,18,67,18,70,24,73,23,75,23,76,22,74,34,72,28,81,32,77,37,74,38,0,0]",1
CSI_DATA,53158,1a:00:00:00:00:00,-31,11,1,0,1,1,1,0,0,0,1,-97,0,11,2,715870505,0,44,0,384,0,"[0,0,0,0,0,0,0,0,0,0,0,0,9,-10,8,-10,8,-10,9,-10,8,-10,8,-10,8,-9,8,-9,7,-9,6,-9,6,-9,5,-9,5,-9,4,-9,4,-9,3,-10,2,-10,2,-10,2,-11,2,-11,2,-12,2,-12,2,-12,1,-13,1,-13,2,-13,0,0,3,-13,2,-13,3,-13,3,-13,3,-12,3,-12,3,-12,2,-11,2,-11,2,-11,1,-12,2,-12,1,-12,2,-12,2,-12,3,-12,3,-12,4,-12,4,-11,5,-11,6,-11,6,-10,6,-10,6,-9,7,-8,7,-7,0,0,0,0,0,0,0,0,0,0,0,0,0,0,-80,-7,-73,-6,-78,-1,-73,2,-68,-4,-67,4,-68,-3,-73,-4,-66,5,-61,3,-62,-2,-59,0,-59,-1,-55,6,-53,6,-53,9,-52,12,-48,16,-50,19,-43,17,-50,26,-40,28,-47,29,-49,30,-52,31,-50,35,-51,34,-50,38,-56,37,-54,42,-58,38,-62,39,-57,33,-60,35,-58,29,-60,28,-53,26,-52,25,-55,29,-52,27,-49,29,-50,32,-50,32,-53,33,-55,33,-53,30,-55,29,-54,27,-60,22,-55,20,-61,17,-57,10,-58,15,-57,8,-52,4,-52,2,-53,-4,0,0,0,0,0,0,0,0,0,0,0,0,0,0,0,0,0,0,0,0,0,0,15,-20,16,-19,16,-16,16,-16,18,-15,18,-13,21,-12,17,-11,18,-15,14,-14,16,-15,13,-11,19,-15,17,-15,19,-14,21,-11,21,-6,22,-12,21,-3,15,-5,14,-1,14,-5,11,-2,6,-7,7,-7,2,-6,-4,-9,-9,-8,-9,-12,-14,-16,-14,-19,-17,-22,-15,-27,-19,-32,-20,-38,-19,-45,-21,-46,-19,-48,-18,-51,-20,-59,-20,-61,-18,-55,-15,-64,-16,-63,-18,-65,-17,-70,-19,-69,-15,-74,-12,-80,-10,-74,-12,-80,-11,-83,-9,-93,-5,-82,-9,-87,0,-88,1,-83,0,0]",1
CSI_DATA,53159,1a:00:00:00:00:00,-31,11,1,0,1,1,1,0,0,0,1,-97,0,11,2,715880490,0,44,0,384,0,"[0,0,0,0,0,0,0,0,0,0,0,0,6,11,6,11,6,10,6,11,6,10,5,10,6,9,5,9,5,9,5,8,5,8,6,7,6,6,6,6,7,5,7,5,8,5,8,4,9,4,9,4,9,4,10,4,10,4,10,4,11,5,11,4,0,0,11,5,10,5,10,5,10,5,9,5,9,5,9,4,9,4,9,4,9,4,10,4,10,4,10,4,10,4,10,5,10,5,10,5,9,5,9,6,9,6,8,7,7,7,7,7,6,7,5,8,4,7,0,0,0,0,0,0,0,0,0,0,0,0,0,0,21,-71,24,-67,18,-70,18,-66,17,-64,15,-64,14,-65,17,-68,15,-62,14,-62,13,-60,10,-58,4,-57,6,-54,6,-54,0,-52,0,-51,-6,-51,-8,-51,-14,-48,-16,-54,-15,-51,-21,-54,-25,-52,-22,-54,-22,-56,-27,-56,-27,-58,-25,-61,-29,-61,-28,-60,-25,-63,-22,-61,-25,-60,-24,-60,-17,-59,-18,-56,-18,-54,-22,-53,-24,-51,-20,-53,-25,-51,-26,-52,-26,-53,-27,-54,-27,-55,-19,-58,-21,-60,-18,-59,-14,-55,-10,-59,-10,-57,-7,-56,-2,-57,-1,-52,4,-54,9,-49,0,0,0,0,0,0,0,0,0,0,0,0,0,0,0,0,0,0,0,0,0,0,11,20,11,20,5,20,9,21,3,18,5,18,4,20,6,21,5,20,4,23,6,19,2,19,3,23,5,22,2,25,3,21,3,23,0,20,-3,21,-2,16,-3,16,-1,14,-2,10,0,6,0,4,4,0,7,-3,11,-2,13,-6,18,-7,22,-11,29,-10,29,-9,37,-7,42,-4,45,-5,48,-5,50,-6,54,1,54,0,59,3,61,3,59,2,63,1,65,2,69,5,65,4,74,5,73,4,73,8,78,7,82,11,80,12,80,14,84,18,82,19,80,23,0,0]",1
CSI_DATA,53160,1a:00:00:00:00:00,-31,11,1,0,1,1,1,0,0,0,1,-97,0,11,2,715890495,0,44,0,384,0,"[0,0,0,0,0,0,0,0,0,0,0,0,-14,1,-13,1,-13,1,-13,1,-13,1,-12,1,-12,1,-12,1,-11,1,-10,1,-10,2,-10,2,-9,3,-9,3,-9,3,-9,4,-8,5,-9,5,-9,6,-9,6,-9,6,-9,6,-9,6,-9,7,-10,7,-10,7,0,0,-11,7,-11,7,-10,6,-10,6,-10,6,-10,5,-10,5,-9,5,-9,6,-9,6,-9,7,-9,6,-9,6,-9,6,-10,6,-10,6,-11,5,-11,5,-11,4,-11,3,-11,3,-11,2,-11,1,-10,1,-10,0,-10,-1,0,0,0,0,0,0,0,0,0,0,0,0,0,0,59,47,52,51,56,41,56,37,56,36,56,34,51,35,55,37,56,30,54,28,52,30,49,29,50,27,44,23,46,23,48,21,46,15,49,14,49,8,48,9,53,1,52,3,55,4,57,1,57,-2,61,-2,60,-2,61,-2,66,1,64,-1,66,-2,69,1,64,5,64,4,60,2,61,8,57,4,60,4,59,2,57,2,56,1,52,-1,58,1,59,-2,63,0,63,1,61,3,60,6,59,7,56,10,59,17,54,16,55,21,52,24,47,25,44,28,39,28,0,0,0,0,0,0,0,0,0,0,0,0,0,0,0,0,0,0,0,0,0,0,-24,7,-25,3,-22,-1,-23,-2,-21,1,-22,0,-19,0,-22,-1,-25,-1,-21,-2,-19,0,-22,-2,-24,0,-23,1,-26,-3,-24,-2,-24,-6,-23,-3,-21,-6,-21,-7,-16,-9,-14,-4,-12,-6,-8,-4,-6,-1,-5,0,-2,4,-3,10,-1,14,2,20,2,23,0,29,0,34,0,39,-3,41,-9,41,-10,46,-13,48,-16,52,-19,53,-17,55,-18,52,-23,57,-26,58,-22,60,-24,58,-25,65,-29,66,-31,70,-29,68,-35,72,-36,73,-41,72,-36,69,-48,72,-48,69,-48,62,0,0]",1
CSI_DATA,53161,1a:00:00:00:00:00,-31,11,1,0,1,1,1,0,0,0,1,-97,0,11,2,715910503,0,44,0,384,0,"[0,0,0,0,0,0,0,0,0,0,0,0,9,8,9,8,9,8,9,8,9,7,9,7,8,7,8,7,8,6,8,5,8,5,8,4,8,4,8,3,8,3,9,2,9,1,9,1,10,0,10,0,10,1,10,0,11,0,11,0,12,0,12,0,0,0,12,0,12,1,12,1,11,1,11,1,11,1,10,1,10,0,10,0,10,-1,10,-1,11,-1,11,-1,11,-1,11,0,11,0,11,1,11,1,11,2,10,2,10,3,10,3,9,4,9,4,8,4,7,5,0,0,0,0,0,0,0,0,0,0,0,0,0,0,-1,-77,-3,-70,-4,-74,-7,-72,-8,-66,-12,-70,-14,-66,-11,-68,-14,-65,-14,-63,-13,-59,-14,-56,-12,-60,-17,-53,-18,-49,-17,-51,-19,-48,-26,-45,-23,-45,-26,-38,-34,-41,-35,-42,-39,-39,-39,-40,-40,-44,-41,-47,-43,-44,-47,-40,-45,-47,-48,-45,-46,-47,-46,-51,-41,-50,-44,-52,-42,-44,-43,-54,-39,-46,-36,-45,-39,-43,-40,-43,-39,-42,-48,-40,-45,-41,-44,-42,-42,-43,-45,-43,-42,-47,-41,-50,-41,-47,-33,-51,-31,-49,-30,-50,-29,-54,-20,-49,-18,-52,-13,-47,-10,-51,0,0,0,0,0,0,0,0,0,0,0,0,0,0,0,0,0,0,0,0,0,0,16,12,15,18,13,17,13,16,11,17,12,16,10,17,13,14,13,17,12,18,11,15,12,16,12,20,12,18,13,25,12,17,10,23,13,22,7,19,0,20,7,17,2,12,3,9,3,4,2,3,4,-2,6,-4,9,-6,9,-8,16,-15,21,-20,24,-18,27,-16,33,-23,34,-16,40,-23,42,-19,43,-25,45,-21,54,-22,56,-20,53,-23,60,-17,57,-20,64,-21,63,-20,66,-23,68,-25,70,-22,71,-20,75,-20,77,-20,84,-17,75,-15,83,-14,80,-6,79,-8,0,0]",1
CSI_DATA,53162,1a:00:00:00:00:00,-31,11,1,0,1,1,1,0,0,0,1,-97,0,11,2,715920490,0,44,0,384,0,"[0,0,0,0,0,0,0,0,0,0,0,0,-12,7,-11,7,-11,7,-11,7,-11,7,-11,6,-10,6,-10,6,-10,6,-9,6,-9,6,-8,6,-7,6,-7,7,-6,7,-6,8,-5,8,-5,8,-5,9,-5,9,-5,9,-5,10,-5,10,-5,11,-5,11,-5,11,0,0,-6,11,-6,11,-6,11,-6,11,-6,10,-6,10,-6,10,-5,9,-5,10,-5,10,-4,10,-5,10,-5,10,-5,10,-6,10,-6,10,-7,10,-7,10,-7,9,-8,8,-8,8,-9,7,-9,7,-9,6,-9,5,-9,4,0,0,0,0,0,0,0,0,0,0,0,0,0,0,70,22,66,18,66,14,67,13,67,11,68,9,63,8,69,11,62,9,63,10,60,3,59,8,60,4,54,5,53,1,51,-7,49,-1,50,-10,50,-14,48,-12,49,-19,47,-17,49,-24,50,-25,49,-26,51,-29,54,-29,55,-29,59,-28,59,-28,57,-30,63,-27,58,-27,56,-28,53,-25,57,-24,59,-23,56,-22,53,-22,53,-27,51,-25,50,-24,50,-27,53,-28,57,-27,55,-27,55,-28,58,-22,55,-19,54,-17,54,-15,57,-8,59,-10,54,-2,52,3,50,3,51,9,0,0,0,0,0,0,0,0,0,0,0,0,0,0,0,0,0,0,0,0,0,0,-17,15,-23,11,-22,10,-22,6,-18,8,-20,9,-21,7,-18,5,-20,9,-19,8,-22,7,-23,6,-22,9,-22,10,-24,5,-25,4,-26,4,-24,-1,-22,0,-18,0,-17,-5,-16,-1,-11,1,-6,1,-6,3,-1,1,-2,4,2,9,7,15,12,19,9,20,10,28,12,30,9,39,9,41,11,46,6,46,6,50,4,53,6,55,4,64,4,59,0,62,0,62,1,61,0,65,3,70,-2,70,-4,74,-6,71,-9,77,-7,81,-14,85,-12,78,-14,87,-17,82,-16,78,0,0]",1
CSI_DATA,53163,1a:00:00:00:00:00,-31,11,1,0,1,1,1,0,0,0,1,-97,0,11,2,715930498,0,44,0,384,0,"[0,0,0,0,0,0,0,0,0,0,0,0,-3,-13,-3,-13,-3,-13,-3,-13,-3,-13,-3,-13,-2,-12,-3,-11,-2,-11,-3,-10,-4,-10,-4,-9,-4,-9,-5,-9,-5,-9,-6,-8,-6,-8,-7,-8,-7,-8,-8,-8,-8,-8,-8,-8,-9,-8,-9,-8,-9,-9,-10,-9,0,0,-9,-9,-9,-9,-9,-9,-9,-9,-8,-9,-8,-9,-8,-9,-8,-8,-8,-8,-8,-8,-9,-8,-9,-8,-9,-8,-9,-8,-9,-9,-9,-9,-8,-9,-8,-9,-7,-10,-7,-10,-6,-10,-5,-10,-5,-10,-4,-10,-4,-10,-3,-9,0,0,0,0,0,0,0,0,0,0,0,0,0,0,-54,55,-50,52,-47,51,-43,52,-43,50,-39,55,-44,48,-44,55,-38,51,-40,49,-40,48,-35,46,-32,45,-30,46,-30,44,-25,46,-18,46,-17,47,-17,47,-11,48,-8,50,-5,50,-3,53,-3,55,-4,54,-6,59,-4,58,-2,62,0,63,-4,70,-3,67,-6,69,-6,62,-6,62,-7,63,-8,60,-6,57,-8,57,-7,59,-4,56,-1,57,1,55,1,59,1,60,-1,61,-1,62,-9,61,-9,64,-8,57,-12,54,-16,57,-17,52,-21,58,-22,50,-27,46,-26,45,-28,38,0,0,0,0,0,0,0,0,0,0,0,0,0,0,0,0,0,0,0,0,0,0,-2,-28,2,-25,3,-22,3,-24,6,-22,2,-18,5,-20,1,-21,7,-23,4,-25,4,-21,6,-21,2,-23,7,-23,6,-26,8,-23,9,-22,12,-19,9,-19,10,-14,10,-11,7,-12,9,-9,4,-9,-1,-11,-2,-5,-7,-1,-9,-3,-17,-3,-21,0,-25,-3,-29,-6,-29,-5,-37,-10,-39,-14,-40,-13,-44,-17,-50,-19,-45,-22,-53,-28,-54,-29,-50,-25,-54,-33,-55,-32,-55,-31,-60,-33,-57,-37,-62,-36,-62,-43,-62,-41,-63,-44,-67,-47,-64,-51,-64,-47,-67,-52,-62,-54,-59,-58,0,0]",1
CSI_DATA,53164,1a:00:00:00:00:00,-31,11,1,0,1,1,1,0,0,0,1,-97,0,11,2,715950504,0,44,0,384,0,"[0,0,0,0,0,0,0,0,0,0,0,0,-7,10,-7,10,-7,10,-7,10,-7,10,-7,9,-6,9,-6,9,-6,8,-5,8,-5,8,-4,8,-4,8,-3,8,-2,8,-2,9,-1,9,-1,9,0,9,0,10,0,10,0,10,0,10,0,11,0,11,0,11,0,0,0,12,-1,11,0,11,-1,11,-1,11,-1,11,-1,10,0,10,0,10,0,10,1,10,0,10,0,10,0,11,0,11,-1,11,-1,11,-1,11,-2,11,-2,10,-3,10,-4,10,-4,9,-4,8,-5,8,-5,7,0,0,0,0,0,0,0,0,0,0,0,0,0,0,78,-5,69,1,69,-8,63,-11,66,-11,65,-10,65,-14,71,-13,63,-10,64,-13,60,-11,55,-14,59,-11,51,-14,50,-18,50,-20,44,-21,42,-23,46,-30,37,-30,45,-34,38,-33,38,-39,41,-39,37,-43,43,-45,41,-44,41,-49,41,-46,46,-49,46,-47,51,-48,44,-43,46,-49,47,-45,43,-43,43,-40,43,-40,38,-43,43,-41,38,-42,38,-42,39,-44,36,-46,43,-47,40,-43,42,-42,45,-41,46,-40,46,-37,50,-35,49,-28,50,-28,50,-23,48,-19,48,-15,50,-12,0,0,0,0,0,0,0,0,0,0,0,0,0,0,0,0,0,0,0,0,0,0,-18,18,-19,15,-17,12,-17,11,-18,11,-19,9,-19,15,-18,8,-15,13,-17,14,-20,11,-17,8,-21,13,-24,13,-21,10,-21,9,-21,8,-22,7,-22,3,-21,5,-14,1,-16,2,-13,-1,-6,3,-9,2,-1,3,2,3,4,7,13,10,13,14,15,16,18,24,17,26,19,31,22,36,21,39,19,42,21,45,19,50,19,55,20,52,19,55,20,57,16,58,20,63,18,61,20,68,19,70,19,74,20,71,16,79,19,80,16,85,9,75,9,82,9,83,6,85,0,0]",1
CSI_DATA,53165,1a:00:00:00:00:00,-31,11,1,0,1,1,1,0,0,0,1,-97,0,11,2,715960504,0,44,0,384,0,"[0,0,0,0,0,0,0,0,0,0,0,0,-9,-11,-9,-10,-9,-10,-9,-10,-9,-10,-8,-10,-8,-10,-8,-9,-8,-9,-8,-8,-8,-7,-8,-7,-8,-6,-8,-6,-8,-5,-9,-5,-9,-4,-10,-4,-10,-3,-10,-4,-11,-4,-11,-4,-12,-4,-12,-3,-12,-3,-12,-4,0,0,-12,-4,-12,-4,-12,-4,-12,-5,-11,-4,-11,-5,-11,-4,-11,-4,-11,-4,-11,-3,-11,-3,-11,-3,-11,-4,-11,-3,-12,-4,-11,-4,-12,-5,-11,-5,-11,-6,-10,-6,-10,-7,-9,-7,-9,-7,-8,-7,-7,-8,-6,-8,0,0,0,0,0,0,0,0,0,0,0,0,0,0,-17,75,-15,66,-5,66,-8,68,-5,69,-6,66,-3,65,-3,67,-3,61,-2,64,-3,64,-4,61,3,58,2,55,3,51,7,54,8,49,14,56,16,46,18,47,22,50,26,48,29,48,26,49,30,50,30,52,34,52,34,53,35,54,35,57,35,56,31,63,26,54,33,56,24,57,28,56,26,54,27,52,26,47,29,50,26,47,30,49,32,51,31,52,34,52,32,50,27,54,28,55,24,54,18,55,16,56,13,55,8,54,4,58,3,54,-2,50,-4,48,0,0,0,0,0,0,0,0,0,0,0,0,0,0,0,0,0,0,0,0,0,0,-16,-19,-15,-23,-12,-24,-13,-22,-11,-19,-8,-18,-12,-17,-10,-18,-11,-17,-14,-19,-12,-19,-10,-22,-11,-20,-9,-24,-7,-19,-9,-22,-10,-24,-5,-21,-4,-20,-3,-20,-3,-16,0,-14,-2,-13,-3,-10,-1,-6,-6,1,-4,4,-8,6,-15,10,-16,10,-24,12,-28,13,-30,15,-33,13,-38,12,-43,13,-45,13,-47,11,-56,11,-56,11,-55,11,-58,11,-60,8,-62,7,-62,10,-65,12,-68,9,-69,3,-75,5,-74,5,-79,3,-81,4,-85,0,-81,0,-82,-3,-85,-6,-84,-7,0,0]",1
CSI_DATA,53166,1a:00:00:00:00:00,-31,11,1,0,1,1,1,0,0,0,1,-97,0,11,2,715980504,0,44,0,384,0,"[0,0,0,0,0,0,0,0,0,0,0,0,-1,13,0,12,0,12,0,12,0,12,-1,11,0,11,-1,11,-1,10,0,10,1,9,1,9,1,9,2,8,2,8,3,8,4,8,4,8,5,8,5,9,5,9,5,9,6,9,6,9,6,10,6,10,0,0,6,10,6,10,6,10,5,10,5,9,5,9,5,9,5,9,5,9,5,9,6,9,6,9,6,9,6,9,5,10,5,10,5,10,4,10,4,10,3,10,2,11,1,10,1,10,0,9,0,9,-1,9,0,0,0,0,0,0,0,0,0,0,0,0,0,0,56,-50,60,-46,53,-46,51,-47,48,-44,48,-46,47,-49,48,-48,44,-47,44,-46,45,-40,42,-43,38,-42,35,-43,34,-39,29,-39,26,-45,21,-44,25,-43,17,-46,14,-47,14,-52,14,-53,14,-57,12,-53,12,-58,17,-61,13,-61,13,-68,12,-65,14,-61,18,-67,19,-64,17,-61,17,-60,18,-61,15,-54,17,-57,18,-57,15,-56,13,-58,13,-56,15,-61,9,-60,13,-60,15,-60,20,-56,22,-58,23,-54,29,-54,31,-52,33,-47,33,-44,34,-42,38,-40,36,-38,40,-29,0,0,0,0,0,0,0,0,0,0,0,0,0,0,0,0,0,0,0,0,0,0,-3,22,-3,22,-2,22,-1,23,-3,19,-4,20,-7,22,-5,19,-6,20,-6,21,-7,19,-5,19,-9,21,-6,21,-10,23,-6,21,-13,24,-11,16,-10,18,-10,13,-10,12,-8,12,-7,5,-5,5,-4,3,2,2,8,1,11,2,14,3,19,3,22,4,29,6,31,10,36,14,38,15,41,16,41,21,47,23,46,26,49,26,50,32,48,27,52,37,52,32,53,36,54,36,53,37,57,42,58,44,59,46,59,46,65,53,60,52,59,53,57,61,60,60,55,62,0,0]",1
CSI_DATA,53167,1a:00:00:00:00:00,-31,11,1,0,1,1,1,0,0,0,1,-97,0,11,2,715990493,0,44,0,384,0,"[0,0,0,0,0,0,0,0,0,0,0,0,-13,-2,-13,-2,-13,-1,-13,-2,-13,-2,-13,-2,-12,-1,-12,-1,-11,-1,-11,-1,-11,0,-10,0,-10,1,-10,1,-9,2,-9,3,-9,3,-9,4,-9,4,-10,5,-10,5,-10,5,-10,5,-11,6,-11,6,-11,6,0,0,-12,5,-11,5,-11,5,-11,5,-11,5,-11,5,-10,5,-10,5,-10,5,-10,5,-10,5,-10,5,-10,5,-10,5,-11,5,-11,5,-11,5,-11,4,-11,4,-11,3,-11,2,-11,2,-11,1,-10,0,-10,-1,-10,-1,0,0,0,0,0,0,0,0,0,0,0,0,0,0,43,61,42,58,47,55,48,55,43,49,45,50,42,45,47,50,45,48,42,47,44,45,38,45,42,38,41,36,40,33,43,30,40,28,39,23,45,20,46,19,50,16,49,13,51,13,52,16,56,14,57,11,61,11,63,12,60,15,65,13,65,15,63,17,61,17,64,17,62,17,59,20,55,17,54,14,55,17,55,14,50,12,53,10,59,11,55,10,59,18,58,13,59,17,55,19,56,20,55,25,49,25,50,29,44,30,44,33,36,32,36,33,32,36,0,0,0,0,0,0,0,0,0,0,0,0,0,0,0,0,0,0,0,0,0,0,-25,1,-24,-3,-20,-5,-19,-8,-22,-8,-21,-7,-22,-6,-20,-6,-22,-6,-18,-4,-21,-6,-22,-8,-24,-6,-23,-10,-23,-8,-21,-11,-20,-11,-19,-12,-17,-12,-17,-13,-15,-10,-13,-9,-8,-10,-6,-6,-8,-2,-6,3,-3,6,-5,9,-4,15,-3,19,-6,24,-9,29,-12,29,-11,36,-17,37,-20,40,-22,41,-26,46,-27,45,-30,48,-31,48,-31,46,-39,51,-38,49,-35,51,-38,56,-44,55,-47,52,-44,58,-51,54,-52,59,-51,58,-56,58,-57,58,-61,58,-67,56,-62,54,0,0]",1
CSI_DATA,53168,1a:00:00:00:00:00,-31,11,1,0,1,1,1,0,0,0,1,-97,0,11,2,716000479,0,44,0,384,0,"[0,0,0,0,0,0,0,0,0,0,0,0,5,-12,5,-12,4,-12,4,-12,4,-12,4,-11,4,-11,4,-10,4,-10,3,-10,3,-10,2,-9,1,-9,1,-9,0,-9,0,-10,-1,-10,-1,-10,-2,-10,-2,-11,-2,-11,-2,-11,-2,-11,-3,-12,-2,-12,-2,-12,0,0,-1,-13,-1,-12,-1,-12,-1,-12,-1,-11,-1,-11,-1,-11,-1,-11,-1,-11,-2,-11,-2,-11,-2,-11,-2,-11,-2,-12,-1,-12,-1,-12,-1,-12,0,-12,1,-12,1,-11,2,-11,2,-11,3,-10,3,-10,4,-9,4,-8,0,0,0,0,0,0,0,0,0,0,0,0,0,0,-68,25,-69,25,-68,28,-59,26,-61,26,-65,29,-58,29,-63,29,-57,27,-59,28,-57,22,-50,27,-52,27,-45,27,-46,24,-45,27,-42,30,-36,33,-37,34,-31,37,-34,42,-29,42,-31,46,-29,49,-33,48,-34,51,-33,52,-34,51,-32,54,-34,54,-38,54,-45,54,-38,50,-38,51,-38,48,-41,48,-37,47,-37,44,-35,42,-34,49,-31,45,-33,46,-32,47,-33,51,-38,48,-37,47,-41,45,-40,48,-45,44,-42,43,-46,38,-46,33,-48,30,-48,24,-47,24,-47,18,-46,15,0,0,0,0,0,0,0,0,0,0,0,0,0,0,0,0,0,0,0,0,0,0,4,-24,9,-22,6,-22,9,-21,7,-20,8,-17,9,-18,11,-20,12,-20,10,-18,10,-17,8,-18,9,-23,10,-18,17,-20,15,-20,16,-22,14,-16,15,-16,13,-14,8,-10,9,-8,7,-8,7,-5,4,-7,-2,-3,-4,-3,-10,-4,-13,-6,-19,-7,-20,-10,-28,-13,-28,-18,-32,-22,-31,-24,-34,-33,-37,-30,-36,-32,-38,-39,-38,-42,-38,-44,-39,-41,-39,-49,-38,-47,-38,-47,-40,-48,-38,-54,-43,-56,-45,-62,-42,-64,-43,-66,-45,-71,-40,-72,-41,-70,-40,-74,-37,-79,-34,-73,0,0]",1
CSI_DATA,53169,1a:00:00:00:00:00,-31,11,1,0,1,1,1,0,0,0,1,-97,0,11,2,716010484,0,44,0,384,0,"[0,0,0,0,0,0,0,0,0,0,0,0,8,9,9,9,8,8,8,9,8,8,8,8,8,8,7,8,7,7,7,6,7,6,7,5,7,5,8,4,8,4,8,3,8,3,9,2,9,2,10,2,10,2,10,2,11,2,11,2,11,2,12,2,0,0,12,2,11,2,11,2,11,2,11,3,11,3,10,2,10,2,10,2,10,1,10,1,11,1,11,1,11,2,11,2,11,2,11,3,11,3,10,4,10,4,9,5,9,5,8,5,8,6,7,6,6,6,0,0,0,0,0,0,0,0,0,0,0,0,0,0,5,-73,5,-74,-1,-69,-6,-69,-5,-67,-8,-64,-6,-71,-8,-67,-7,-65,-5,-60,-6,-61,-6,-58,-8,-58,-10,-57,-10,-54,-16,-51,-17,-49,-19,-46,-21,-46,-27,-42,-33,-40,-34,-43,-33,-39,-39,-41,-41,-46,-40,-40,-43,-50,-43,-47,-41,-50,-42,-46,-42,-48,-44,-49,-45,-52,-42,-51,-42,-51,-39,-47,-36,-48,-37,-45,-37,-46,-38,-43,-41,-43,-42,-43,-43,-45,-45,-44,-41,-40,-44,-45,-40,-45,-41,-52,-34,-48,-36,-51,-29,-54,-30,-54,-24,-48,-20,-56,-16,-54,-12,-50,-4,-46,0,0,0,0,0,0,0,0,0,0,0,0,0,0,0,0,0,0,0,0,0,0,15,18,10,19,12,20,11,21,11,18,11,15,10,18,11,20,10,19,10,20,11,16,11,18,10,25,10,22,9,23,11,23,7,21,6,23,3,23,-1,20,1,15,2,11,2,10,0,5,0,5,4,-2,3,-9,7,-7,12,-7,12,-12,19,-16,20,-14,24,-17,33,-16,40,-18,40,-16,46,-17,48,-20,50,-17,54,-18,51,-15,54,-18,57,-15,67,-13,58,-13,63,-20,66,-20,70,-18,74,-15,75,-14,76,-13,79,-10,78,-8,84,-7,84,-10,79,-7,88,-2,0,0]",1
CSI_DATA,53170,1a:00:00:00:00:00,-31,11,1,0,1,1,1,0,0,0,1,-97,0,11,2,716030505,0,44,0,384,0,"[0,0,0,0,0,0,0,0,0,0,0,0,1,-14,0,-13,0,-13,0,-13,0,-13,0,-13,0,-12,0,-12,0,-11,0,-11,-1,-11,-1,-10,-2,-10,-3,-10,-3,-10,-4,-9,-4,-9,-5,-9,-6,-9,-6,-10,-6,-10,-6,-10,-6,-10,-7,-10,-7,-11,-7,-11,0,0,-7,-11,-7,-11,-6,-11,-7,-11,-6,-10,-6,-11,-6,-10,-6,-10,-6,-9,-6,-9,-7,-9,-7,-9,-7,-10,-7,-10,-7,-10,-7,-10,-6,-11,-6,-11,-5,-11,-5,-11,-4,-11,-3,-11,-3,-11,-2,-11,-1,-10,-1,-10,0,0,0,0,0,0,0,0,0,0,0,0,0,0,-62,38,-61,44,-54,44,-52,45,-50,47,-49,43,-46,42,-49,48,-49,44,-46,40,-43,42,-40,42,-39,41,-35,41,-35,38,-32,44,-27,41,-25,42,-24,44,-21,48,-18,53,-13,51,-13,49,-11,53,-12,52,-10,59,-12,63,-14,58,-15,63,-10,64,-18,64,-20,67,-18,63,-17,60,-18,57,-21,56,-17,53,-15,54,-16,56,-14,55,-12,55,-11,57,-12,58,-10,60,-13,56,-11,62,-18,60,-17,62,-20,57,-22,55,-26,52,-24,52,-30,50,-33,47,-32,39,-35,38,-35,32,0,0,0,0,0,0,0,0,0,0,0,0,0,0,0,0,0,0,0,0,0,0,4,-25,6,-25,9,-24,7,-23,3,-20,4,-20,6,-15,7,-18,9,-20,8,-22,6,-20,9,-23,8,-25,10,-24,11,-24,10,-21,12,-19,12,-19,11,-15,10,-13,10,-13,11,-10,8,-8,3,-7,3,-5,-2,-5,-5,-3,-9,-4,-14,-5,-18,-2,-25,-8,-27,-9,-32,-12,-33,-14,-38,-17,-41,-21,-38,-24,-45,-25,-48,-30,-49,-34,-47,-34,-49,-33,-48,-39,-49,-41,-50,-37,-49,-38,-54,-44,-57,-46,-57,-46,-57,-53,-60,-53,-59,-56,-63,-58,-58,-57,-60,-61,-55,-60,-56,-63,0,0]",1
CSI_DATA,53171,1a:00:00:00:00:00,-31,11,1,0,1,1,1,0,0,0,1,-97,0,11,2,716040489,0,44,0,384,0,"[0,0,0,0,0,0,0,0,0,0,0,0,12,3,12,2,12,2,12,2,12,2,11,2,11,2,10,2,10,2,10,1,10,1,9,0,9,0,9,-1,8,-1,9,-2,9,-2,9,-3,9,-4,9,-4,10,-4,10,-4,10,-4,10,-5,11,-5,11,-5,0,0,11,-4,11,-4,11,-4,11,-4,11,-3,11,-3,10,-3,10,-3,10,-4,10,-4,10,-5,10,-4,10,-4,10,-4,11,-4,11,-3,11,-3,11,-3,11,-2,11,-1,11,0,10,0,10,1,9,1,9,2,8,2,0,0,0,0,0,0,0,0,0,0,0,0,0,0,-35,-68,-34,-60,-34,-59,-35,-57,-34,-61,-36,-59,-37,-53,-39,-55,-37,-56,-36,-53,-33,-51,-37,-52,-33,-46,-36,-43,-33,-41,-36,-39,-37,-36,-40,-28,-39,-30,-45,-28,-48,-25,-51,-22,-51,-21,-51,-20,-53,-23,-52,-25,-57,-25,-63,-23,-58,-27,-64,-27,-61,-26,-63,-31,-58,-29,-58,-31,-59,-33,-53,-31,-52,-24,-51,-23,-49,-27,-48,-22,-54,-23,-55,-22,-57,-26,-55,-24,-57,-26,-56,-26,-54,-31,-58,-31,-51,-32,-50,-34,-48,-35,-44,-40,-38,-40,-35,-44,-35,-43,-32,-44,-24,-43,0,0,0,0,0,0,0,0,0,0,0,0,0,0,0,0,0,0,0,0,0,0,21,3,22,5,22,6,24,9,23,9,20,7,20,5,15,8,21,6,18,11,21,9,21,9,19,8,20,9,19,12,21,11,22,12,18,15,16,11,15,13,9,12,13,9,9,8,4,6,7,3,3,-2,2,-5,5,-11,3,-11,4,-20,7,-21,11,-26,15,-32,17,-34,16,-34,22,-39,25,-40,31,-43,35,-41,32,-42,34,-41,40,-43,42,-43,41,-48,42,-46,44,-49,46,-50,51,-48,54,-53,56,-49,61,-51,60,-51,64,-50,64,-43,70,-51,67,-46,70,-47,0,0]",1
CSI_DATA,53172,1a:00:00:00:00:00,-31,11,1,0,1,1,1,0,0,0,1,-97,0,11,2,716050494,0,44,0,384,0,"[0,0,0,0,0,0,0,0,0,0,0,0,-8,10,-7,10,-7,11,-7,10,-7,10,-7,9,-7,9,-7,9,-6,9,-6,9,-5,8,-5,8,-4,8,-3,8,-3,8,-2,9,-2,9,-1,9,-1,10,-1,10,-1,10,-1,11,-1,11,-1,11,-1,11,-1,12,0,0,-1,12,-1,12,-1,11,-2,12,-1,11,-2,11,-1,10,-1,10,-1,10,-1,11,-1,11,-1,11,-1,11,-1,11,-1,11,-1,11,-2,11,-2,11,-3,11,-4,10,-4,10,-5,10,-6,9,-6,8,-6,8,-6,7,0,0,0,0,0,0,0,0,0,0,0,0,0,0,74,-16,70,-17,69,-19,64,-22,64,-23,67,-22,60,-20,67,-22,59,-22,60,-18,56,-20,57,-23,51,-22,48,-22,43,-20,43,-24,41,-27,40,-28,40,-35,36,-33,34,-41,35,-40,33,-43,34,-45,34,-47,33,-44,37,-46,37,-51,40,-52,38,-50,38,-53,39,-53,40,-52,42,-50,38,-44,41,-46,35,-49,38,-44,34,-41,34,-47,32,-45,34,-49,37,-47,37,-52,37,-48,35,-48,39,-47,41,-46,41,-45,44,-40,44,-41,46,-34,44,-29,50,-29,49,-23,48,-16,45,-15,0,0,0,0,0,0,0,0,0,0,0,0,0,0,0,0,0,0,0,0,0,0,-13,23,-12,19,-12,16,-17,16,-13,16,-14,17,-16,16,-16,14,-14,15,-11,16,-15,16,-16,19,-15,17,-19,17,-16,18,-20,16,-21,18,-19,11,-19,13,-17,9,-18,6,-11,7,-13,1,-5,5,-5,3,-2,5,0,4,8,5,12,7,18,9,20,16,23,16,22,24,28,25,28,28,27,34,29,34,30,40,31,43,32,46,26,49,29,50,28,54,28,53,32,51,32,60,37,58,34,62,32,65,33,69,31,71,30,73,27,77,30,75,28,76,27,79,20,77,0,0]",1
CSI_DATA,53173,1a:00:00:00:00:00,-31,11,1,0,1,1,1,0,0,0,1,-97,0,11,2,716070562,0,44,0,384,0,"[0,0,0,0,0,0,0,0,0,0,0,0,12,-2,12,-3,12,-3,12,-3,12,-2,11,-2,11,-2,11,-2,10,-2,10,-3,9,-3,9,-4,8,-4,8,-4,8,-5,7,-6,7,-6,7,-7,7,-7,8,-7,8,-7,8,-8,8,-8,8,-9,8,-9,8,-9,0,0,9,-9,9,-9,9,-8,9,-8,8,-8,8,-7,8,-7,7,-7,8,-8,7,-8,7,-8,7,-8,7,-8,8,-8,8,-8,8,-8,9,-8,9,-7,9,-7,9,-6,10,-5,10,-5,10,-4,9,-4,9,-3,9,-2,0,0,0,0,0,0,0,0,0,0,0,0,0,0,-59,-54,-51,-47,-53,-43,-54,-45,-54,-43,-53,-38,-54,-40,-51,-40,-50,-36,-54,-38,-48,-37,-46,-37,-49,-35,-46,-30,-45,-28,-46,-20,-48,-20,-47,-18,-49,-13,-50,-12,-52,-6,-56,-6,-53,-5,-57,-1,-58,-1,-62,-3,-60,-4,-61,-1,-66,-3,-68,-2,-68,-5,-67,-1,-64,-6,-65,-4,-61,-4,-61,-6,-62,-5,-59,-6,-55,-6,-59,-4,-55,-1,-60,-3,-63,-2,-62,-2,-62,-5,-60,-2,-63,-11,-62,-7,-57,-8,-58,-13,-58,-14,-56,-20,-54,-22,-47,-24,-46,-24,-43,-28,-39,-30,0,0,0,0,0,0,0,0,0,0,0,0,0,0,0,0,0,0,0,0,0,0,23,-1,24,0,23,3,22,2,19,3,20,4,19,5,20,2,20,3,23,2,24,3,24,0,24,3,24,3,22,5,19,6,23,5,20,6,17,9,17,10,12,7,11,8,9,5,5,5,4,2,4,-3,4,-5,2,-11,-3,-15,0,-20,3,-26,3,-31,4,-32,6,-37,9,-40,14,-44,16,-45,15,-47,21,-48,23,-53,24,-49,23,-54,27,-55,30,-57,28,-56,23,-64,27,-63,32,-61,38,-66,39,-66,40,-66,38,-71,48,-69,45,-67,47,-68,51,-67,51,-65,0,0]",1
CSI_DATA,53174,1a:00:00:00:00:00,-31,11,1,0,1,1,1,0,0,0,1,-97,0,11,2,716080479,0,44,0,384,0,"[0,0,0,0,0,0,0,0,0,0,0,0,4,12,4,11,4,12,4,11,4,12,3,11,3,10,3,10,3,10,4,9,4,8,4,8,4,8,5,7,5,7,6,7,6,6,7,6,7,6,8,6,8,6,8,6,9,6,9,6,9,7,9,6,0,0,9,7,9,8,9,7,9,8,8,7,8,7,8,7,8,6,8,6,8,6,8,6,9,6,9,6,8,6,8,7,8,7,8,8,7,7,7,8,7,8,6,9,5,9,5,9,4,8,3,9,2,8,0,0,0,0,0,0,0,0,0,0,0,0,0,0,42,-65,42,-57,41,-61,35,-61,36,-57,35,-58,35,-58,33,-62,35,-58,30,-58,30,-55,30,-53,25,-52,23,-48,22,-50,17,-50,13,-51,10,-49,7,-53,6,-49,4,-53,0,-52,-1,-54,-2,-56,-4,-59,-3,-63,-5,-62,-9,-62,-7,-66,-9,-67,-6,-67,-2,-72,-3,-63,-2,-66,-1,-66,0,-67,0,-59,-1,-60,0,-59,-2,-62,-6,-57,-9,-58,-2,-61,-9,-63,-4,-63,-5,-63,-2,-65,1,-64,4,-62,5,-58,9,-61,10,-57,14,-59,18,-54,20,-50,24,-46,27,-44,0,0,0,0,0,0,0,0,0,0,0,0,0,0,0,0,0,0,0,0,0,0,7,23,3,22,2,25,-1,23,-2,20,1,23,-2,22,1,19,-1,21,2,21,1,21,1,21,3,26,-2,24,-3,23,-3,25,-7,25,-5,22,-8,20,-6,17,-8,15,-7,15,-5,6,-1,10,0,6,2,0,5,1,9,0,14,-1,22,-4,25,-3,30,0,32,-1,37,2,42,4,43,8,45,10,48,7,54,11,58,10,57,14,57,15,60,18,60,20,62,21,63,25,63,24,68,25,68,30,72,30,72,32,75,35,74,36,70,36,77,38,73,42,70,48,0,0]",1
CSI_DATA,53175,1a:00:00:00:00:00,-31,11,1,0,1,1,1,0,0,0,1,-97,0,11,2,716100487,0,44,0,384,0,"[0,0,0,0,0,0,0,0,0,0,0,0,4,-12,4,-12,4,-12,4,-12,4,-12,4,-11,3,-11,3,-11,3,-10,3,-10,2,-10,2,-10,1,-10,0,-9,0,-10,-1,-10,-1,-9,-2,-10,-2,-10,-2,-11,-3,-11,-3,-11,-3,-11,-3,-11,-3,-12,-3,-12,0,0,-3,-12,-2,-12,-2,-12,-2,-12,-2,-11,-2,-11,-2,-11,-2,-11,-3,-11,-3,-11,-3,-11,-3,-11,-3,-11,-3,-11,-2,-11,-2,-11,-2,-12,-1,-11,-1,-11,0,-11,1,-11,1,-11,2,-11,2,-10,3,-9,3,-9,0,0,0,0,0,0,0,0,0,0,0,0,0,0,-65,40,-62,34,-61,35,-61,37,-58,41,-55,38,-56,40,-53,41,-52,39,-52,36,-49,38,-47,35,-44,38,-40,32,-38,35,-35,37,-33,39,-26,42,-29,41,-25,45,-20,49,-21,52,-21,51,-20,52,-19,57,-17,54,-19,58,-18,59,-17,63,-20,60,-19,57,-24,63,-25,55,-23,61,-24,58,-26,57,-23,54,-23,51,-22,51,-21,50,-16,54,-15,56,-14,56,-12,56,-15,53,-23,61,-24,55,-25,60,-26,56,-28,52,-32,49,-35,45,-33,46,-39,39,-38,36,-38,33,-37,28,0,0,0,0,0,0,0,0,0,0,0,0,0,0,0,0,0,0,0,0,0,0,4,-25,9,-21,5,-25,9,-20,11,-19,8,-18,9,-20,8,-19,11,-19,5,-20,11,-20,11,-24,12,-22,12,-24,11,-21,16,-23,14,-18,15,-17,14,-15,13,-13,11,-11,11,-10,11,-8,6,-3,0,-5,-2,-5,-2,-2,-10,-3,-14,-5,-20,-9,-21,-8,-29,-10,-31,-16,-31,-19,-35,-20,-37,-28,-40,-28,-39,-28,-44,-32,-43,-38,-46,-39,-45,-40,-46,-43,-47,-43,-45,-44,-48,-48,-50,-48,-50,-50,-51,-55,-51,-57,-55,-55,-55,-59,-56,-63,-48,-64,-54,-68,-45,-68,-43,-68,0,0]",1
CSI_DATA,53176,1a:00:00:00:00:00,-31,11,1,0,1,1,1,0,0,0,1,-97,0,11,2,716110484,0,44,0,384,0,"[0,0,0,0,0,0,0,0,0,0,0,0,9,8,9,8,9,8,9,8,9,8,9,8,8,8,8,7,8,7,8,6,8,6,8,5,8,4,8,3,8,3,9,3,9,2,9,2,9,1,10,1,10,2,10,1,11,1,11,1,11,1,11,1,0,0,11,2,11,2,11,2,11,2,11,2,10,2,10,2,10,2,10,2,10,1,11,1,10,1,10,1,10,2,11,2,11,2,11,3,11,3,10,4,10,4,9,5,9,5,8,6,7,6,7,6,6,6,0,0,0,0,0,0,0,0,0,0,0,0,0,0,-10,-76,-11,-71,-14,-69,-15,-70,-13,-67,-14,-68,-17,-70,-14,-63,-13,-66,-15,-65,-19,-64,-15,-61,-17,-52,-17,-54,-18,-50,-20,-48,-23,-46,-22,-46,-26,-40,-32,-39,-39,-40,-40,-41,-40,-41,-42,-37,-41,-43,-50,-43,-45,-42,-48,-45,-49,-46,-49,-42,-48,-45,-46,-52,-47,-51,-45,-51,-43,-49,-39,-49,-42,-46,-40,-43,-41,-46,-44,-40,-41,-40,-43,-40,-41,-41,-47,-43,-44,-45,-42,-43,-41,-49,-39,-50,-33,-48,-34,-50,-34,-51,-26,-54,-25,-56,-19,-54,-20,-52,-11,-48,-6,-51,0,0,0,0,0,0,0,0,0,0,0,0,0,0,0,0,0,0,0,0,0,0,21,11,22,10,20,11,16,15,18,13,13,13,15,10,14,12,17,12,19,15,17,18,16,13,16,19,20,18,16,18,17,19,15,17,12,20,10,19,9,18,7,18,4,14,1,10,5,7,3,4,2,-1,6,-4,6,-6,6,-7,10,-17,13,-19,18,-23,23,-25,27,-25,32,-26,36,-26,37,-27,47,-30,47,-28,47,-31,49,-27,52,-30,54,-28,58,-29,53,-29,59,-29,62,-27,61,-31,69,-27,70,-30,71,-28,76,-30,80,-24,79,-25,81,-23,85,-20,84,-16,0,0]",1
CSI_DATA,53177,1a:00:00:00:00:00,-31,11,1,0,1,1,1,0,0,0,1,-97,0,11,2,716120478,0,44,0,384,0,"[0,0,0,0,0,0,0,0,0,0,0,0,-11,9,-10,8,-10,9,-10,9,-10,8,-10,8,-10,7,-9,7,-9,7,-8,7,-7,7,-7,7,-6,7,-6,8,-5,8,-4,9,-4,9,-4,9,-3,9,-3,10,-3,10,-3,11,-3,11,-3,11,-3,12,-3,12,0,0,-4,12,-4,12,-4,12,-4,12,-4,11,-4,11,-4,10,-3,10,-3,11,-3,11,-2,11,-2,11,-2,11,-3,11,-3,11,-4,11,-4,11,-4,11,-5,10,-6,10,-6,10,-7,9,-7,9,-7,8,-8,7,-7,6,0,0,0,0,0,0,0,0,0,0,0,0,0,0,74,10,73,9,65,3,69,6,70,0,65,-1,65,2,67,0,64,-1,63,-1,59,2,57,-1,55,-1,52,-4,52,-7,49,-11,48,-15,43,-17,44,-19,42,-20,48,-26,42,-27,45,-30,47,-32,46,-30,48,-36,50,-37,50,-40,53,-38,52,-39,51,-40,55,-37,54,-34,54,-37,55,-33,51,-31,50,-28,49,-27,50,-29,48,-31,47,-32,40,-38,47,-37,45,-39,49,-34,49,-34,50,-34,54,-35,51,-29,52,-28,56,-21,54,-21,53,-15,56,-14,52,-15,52,-6,46,0,0,0,0,0,0,0,0,0,0,0,0,0,0,0,0,0,0,0,0,0,0,0,-20,16,-20,13,-23,10,-23,12,-21,11,-17,7,-20,9,-20,9,-23,12,-20,9,-21,6,-19,8,-24,10,-20,10,-26,8,-22,7,-21,6,-26,4,-24,-2,-18,0,-16,0,-17,1,-13,2,-8,0,-9,1,-5,2,0,5,2,8,8,13,13,15,11,18,14,25,11,28,14,34,13,42,13,44,16,41,12,47,13,50,14,51,9,56,14,55,9,62,10,63,8,63,15,58,11,65,7,72,11,70,7,75,7,76,7,81,1,80,0,79,1,84,-5,82,-4,85,0,0]",1
CSI_DATA,53178,1a:00:00:00:00:00,-31,11,1,0,1,1,1,0,0,0,1,-97,0,11,2,716140502,0,44,0,384,0,"[0,0,0,0,0,0,0,0,0,0,0,0,13,-3,12,-3,12,-4,12,-3,12,-3,12,-3,11,-3,11,-3,10,-3,10,-4,10,-4,9,-4,8,-4,8,-5,8,-5,7,-6,7,-6,7,-7,7,-8,7,-8,7,-8,7,-9,8,-9,7,-9,8,-10,8,-10,0,0,8,-9,9,-9,8,-9,8,-9,8,-8,8,-8,8,-8,7,-8,7,-9,7,-9,7,-9,7,-9,8,-9,7,-9,8,-9,8,-9,8,-9,9,-8,9,-8,9,-7,10,-6,10,-5,10,-5,9,-4,9,-3,9,-2,0,0,0,0,0,0,0,0,0,0,0,0,0,0,-59,-44,-59,-45,-60,-46,-59,-42,-57,-34,-60,-35,-61,-35,-60,-36,-56,-33,-56,-34,-53,-33,-55,-31,-55,-28,-53,-25,-50,-23,-46,-21,-50,-13,-48,-11,-50,-13,-51,-4,-52,-2,-53,-1,-56,0,-57,5,-56,-1,-64,4,-64,5,-65,8,-64,5,-65,9,-69,7,-68,1,-68,-3,-65,1,-67,-1,-66,-2,-62,-1,-59,-1,-59,0,-58,1,-56,4,-63,6,-60,6,-60,8,-61,2,-63,5,-62,2,-67,-2,-61,-4,-60,-8,-61,-11,-60,-12,-56,-15,-51,-23,-53,-20,-45,-24,-42,-30,0,0,0,0,0,0,0,0,0,0,0,0,0,0,0,0,0,0,0,0,0,0,21,-10,24,-6,23,-2,22,1,23,-1,20,1,21,0,21,-1,24,-1,22,-3,21,-2,25,-1,22,1,22,1,27,2,25,4,25,8,23,6,19,9,20,6,16,9,13,4,12,5,8,2,6,-2,2,-2,0,-6,0,-9,-2,-13,-4,-21,-1,-25,-3,-31,2,-34,1,-39,6,-39,6,-42,9,-45,11,-52,14,-48,12,-56,14,-57,17,-57,20,-61,19,-56,20,-62,24,-59,23,-66,26,-66,29,-70,30,-70,29,-76,32,-74,36,-76,41,-74,41,-82,46,-76,45,-70,0,0]",1
CSI_DATA,53179,1a:00:00:00:00:00,-31,11,1,0,1,1,1,0,0,0,1,-97,0,11,2,716150554,0,44,0,384,0,"[0,0,0,0,0,0,0,0,0,0,0,0,-2,12,-2,12,-2,12,-2,12,-2,12,-2,11,-2,11,-2,10,-2,10,-1,9,-1,9,0,9,0,8,1,8,1,8,2,8,2,8,3,8,4,8,4,9,4,9,4,9,4,9,5,9,5,10,5,10,0,0,4,10,5,10,4,10,4,10,4,10,4,10,4,9,4,9,4,9,4,9,5,9,5,9,5,9,5,9,4,10,4,10,4,10,3,10,3,10,2,10,1,10,0,10,0,10,-1,9,-2,9,-2,8,0,0,0,0,0,0,0,0,0,0,0,0,0,0,65,-44,61,-40,57,-39,57,-41,57,-42,55,-39,54,-47,56,-41,53,-43,50,-39,47,-36,49,-36,47,-42,37,-39,38,-36,33,-39,28,-41,28,-38,26,-43,24,-43,20,-51,20,-48,18,-53,17,-54,18,-57,19,-57,17,-57,19,-64,19,-61,19,-66,21,-62,25,-64,23,-61,22,-64,23,-60,25,-59,25,-56,20,-55,19,-53,18,-54,18,-53,15,-58,16,-57,17,-63,18,-61,15,-60,23,-59,20,-56,25,-55,29,-57,34,-54,34,-48,34,-49,37,-43,35,-41,36,-36,40,-30,0,0,0,0,0,0,0,0,0,0,0,0,0,0,0,0,0,0,0,0,0,0,-1,26,-8,25,-7,25,-9,21,-9,22,-9,20,-9,20,-9,22,-7,21,-8,20,-7,24,-8,22,-7,23,-8,24,-12,21,-15,22,-12,23,-17,18,-15,19,-16,13,-14,12,-9,9,-6,7,-8,7,0,4,2,0,5,5,7,2,14,0,16,7,23,5,28,6,30,12,33,16,35,21,38,24,40,23,43,27,44,30,47,31,44,37,47,36,48,40,48,38,50,42,54,41,54,44,53,48,57,52,54,54,56,59,58,53,57,62,53,60,54,61,52,68,47,68,0,0]",1
CSI_DATA,53180,1a:00:00:00:00:00,-31,11,1,0,1,1,1,0,0,0,1,-97,0,11,2,716160498,0,44,0,384,0,"[0,0,0,0,0,0,0,0,0,0,0,0,-14,-2,-13,-1,-13,-1,-13,-1,-13,-1,-13,-2,-12,-2,-12,-2,-11,-1,-11,-1,-11,0,-10,0,-10,0,-9,1,-9,2,-9,3,-9,3,-9,3,-9,4,-10,4,-10,4,-10,5,-10,5,-11,5,-11,5,-11,5,0,0,-12,5,-12,5,-11,5,-11,5,-11,4,-11,4,-10,4,-10,4,-10,4,-10,5,-10,5,-10,5,-10,5,-10,5,-11,4,-11,4,-11,4,-11,4,-11,3,-11,2,-12,1,-11,1,-11,0,-11,-1,-11,-1,-10,-2,0,0,0,0,0,0,0,0,0,0,0,0,0,0,47,57,46,57,45,49,45,48,46,50,45,43,49,42,47,45,45,42,45,44,42,39,44,41,45,36,38,32,42,30,42,30,42,27,43,19,47,21,44,12,49,12,48,14,51,5,54,8,55,8,56,7,59,9,60,7,61,11,64,9,63,9,71,10,64,11,65,14,60,14,58,13,54,14,55,10,59,7,55,9,53,5,55,3,60,8,59,4,61,9,58,6,59,12,57,13,55,16,57,18,57,24,54,24,54,27,49,30,43,31,36,28,35,35,0,0,0,0,0,0,0,0,0,0,0,0,0,0,0,0,0,0,0,0,0,0,-25,-2,-24,-4,-22,-5,-23,-4,-22,-5,-23,-4,-21,-1,-22,-3,-21,-6,-17,-9,-23,-6,-26,-6,-23,-7,-23,-10,-23,-9,-25,-13,-23,-12,-23,-12,-18,-11,-14,-11,-16,-13,-13,-9,-7,-8,-9,-5,-4,-2,-4,-2,-1,9,-3,9,-2,13,-2,17,-7,20,-7,28,-10,29,-14,34,-14,37,-19,39,-19,41,-23,46,-26,45,-25,47,-31,47,-29,48,-37,49,-36,50,-37,50,-38,55,-39,57,-39,53,-43,59,-50,63,-50,60,-50,65,-51,62,-53,60,-59,60,-60,56,-56,58,0,0]",1
CSI_DATA,53181,1a:00:00:00:00:00,-31,11,1,0,1,1,1,0,0,0,1,-97,0,11,2,716180500,0,44,0,384,0,"[0,0,0,0,0,0,0,0,0,0,0,0,12,6,12,5,12,5,12,5,11,5,11,5,11,4,10,4,10,4,9,3,9,3,9,2,9,2,9,1,9,0,9,-1,9,-1,10,-2,9,-2,10,-2,10,-2,11,-3,11,-3,11,-3,12,-3,12,-3,0,0,12,-3,12,-3,12,-3,12,-2,11,-2,11,-2,11,-2,10,-2,10,-3,10,-3,10,-3,11,-3,11,-3,11,-3,11,-3,11,-3,11,-2,11,-2,11,-1,11,-1,11,1,11,1,10,2,10,2,9,3,8,3,0,0,0,0,0,0,0,0,0,0,0,0,0,0,-26,-77,-25,-74,-22,-67,-29,-66,-30,-62,-29,-60,-30,-62,-28,-61,-30,-60,-34,-59,-25,-59,-26,-50,-29,-55,-28,-47,-28,-46,-31,-42,-33,-38,-34,-35,-36,-34,-38,-33,-43,-32,-48,-25,-48,-29,-50,-31,-52,-32,-54,-30,-54,-30,-57,-27,-58,-31,-62,-30,-62,-31,-59,-36,-56,-36,-56,-37,-53,-32,-53,-39,-51,-30,-50,-37,-51,-30,-50,-27,-53,-26,-50,-27,-53,-27,-54,-29,-56,-30,-57,-27,-52,-31,-51,-35,-52,-37,-50,-37,-48,-39,-43,-41,-39,-44,-37,-44,-33,-43,-27,-43,-24,-46,0,0,0,0,0,0,0,0,0,0,0,0,0,0,0,0,0,0,0,0,0,0,24,10,19,12,18,15,17,15,18,13,17,15,14,15,15,13,18,12,17,14,16,14,17,14,22,16,19,16,18,17,15,18,15,20,14,17,10,16,9,17,4,13,6,13,4,11,4,8,2,3,4,1,4,-6,4,-10,4,-14,8,-21,9,-21,17,-25,21,-27,25,-28,27,-31,29,-32,33,-32,38,-32,45,-34,46,-34,49,-37,46,-38,52,-38,51,-39,51,-35,57,-41,54,-38,57,-40,62,-42,67,-39,64,-41,67,-43,74,-39,73,-36,82,-37,78,-37,73,-32,0,0]",1
CSI_DATA,53182,1a:00:00:00:00:00,-31,11,1,0,1,1,1,0,0,0,1,-97,0,11,2,716190490,0,44,0,384,0,"[0,0,0,0,0,0,0,0,0,0,0,0,-8,11,-8,11,-7,11,-7,11,-7,11,-7,10,-7,9,-7,9,-7,9,-6,9,-5,9,-4,9,-4,9,-3,9,-3,9,-2,9,-1,9,-1,9,0,10,-1,10,0,11,0,11,0,11,1,11,1,12,1,12,0,0,0,12,-1,12,0,12,-1,12,-1,11,-1,11,-1,11,0,10,0,11,0,11,1,11,1,11,1,11,0,11,0,11,0,11,-1,12,-1,11,-2,11,-3,11,-3,11,-4,10,-4,10,-4,9,-5,9,-5,7,0,0,0,0,0,0,0,0,0,0,0,0,0,0,77,-9,69,-9,74,-9,69,-7,66,-11,69,-17,63,-11,69,-13,62,-14,61,-16,59,-12,57,-11,59,-14,47,-16,47,-16,47,-21,45,-23,44,-27,44,-27,36,-29,39,-38,38,-34,38,-42,38,-40,41,-42,40,-44,40,-45,41,-49,42,-48,43,-48,43,-48,47,-53,40,-45,50,-47,43,-41,45,-40,43,-42,40,-39,41,-42,38,-42,37,-41,39,-45,39,-44,41,-44,45,-49,41,-44,46,-42,43,-39,45,-38,50,-35,49,-32,50,-28,54,-24,50,-19,47,-19,48,-12,47,-11,0,0,0,0,0,0,0,0,0,0,0,0,0,0,0,0,0,0,0,0,0,0,-16,17,-20,17,-18,14,-16,14,-18,11,-19,11,-16,9,-17,12,-18,14,-17,11,-19,14,-20,15,-19,15,-24,18,-20,12,-19,11,-25,12,-22,5,-22,7,-20,6,-19,5,-15,2,-12,2,-8,2,-8,3,-1,1,3,1,7,7,12,7,12,14,17,17,17,21,19,26,20,29,19,32,21,37,21,39,23,42,24,46,23,50,22,52,22,48,21,57,22,55,21,61,19,59,22,66,23,65,24,67,21,69,23,73,25,76,19,80,13,77,15,79,14,84,14,79,0,0]",1
CSI_DATA,53183,1a:00:00:00:00:00,-31,11,1,0,1,1,1,0,0,0,1,-97,0,11,2,716200492,0,44,0,384,0,"[0,0,0,0,0,0,0,0,0,0,0,0,-11,-8,-11,-8,-11,-7,-11,-8,-11,-7,-11,-7,-10,-7,-10,-7,-9,-7,-9,-6,-9,-5,-9,-5,-9,-4,-9,-3,-9,-3,-10,-2,-10,-2,-10,-1,-11,-1,-11,-1,-11,-1,-11,-1,-12,-1,-12,0,-12,0,-13,0,0,0,-13,-1,-13,-1,-13,-1,-12,-1,-12,-1,-12,-1,-11,-2,-11,-1,-11,-1,-11,-1,-11,0,-12,0,-12,0,-12,0,-12,-1,-12,-1,-12,-1,-12,-2,-12,-3,-11,-3,-11,-4,-11,-5,-10,-5,-10,-5,-9,-6,-8,-6,0,0,0,0,0,0,0,0,0,0,0,0,0,0,-4,71,-3,74,4,68,2,68,2,67,2,66,4,67,3,65,6,64,4,59,4,59,6,59,7,58,7,55,8,51,15,50,13,48,15,43,20,44,21,45,29,44,28,43,34,41,34,44,30,44,39,45,40,48,37,45,39,52,42,47,41,49,42,55,37,55,37,49,36,50,35,51,32,51,34,43,35,44,34,43,35,43,36,44,36,47,40,43,36,45,37,47,35,50,34,53,31,51,24,50,23,55,23,52,18,53,13,54,11,50,8,51,2,48,0,0,0,0,0,0,0,0,0,0,0,0,0,0,0,0,0,0,0,0,0,0,-18,-17,-20,-19,-14,-23,-13,-20,-15,-20,-12,-16,-12,-16,-12,-16,-12,-21,-12,-20,-13,-20,-12,-21,-14,-21,-14,-18,-12,-22,-10,-22,-10,-25,-9,-23,-3,-22,0,-19,-1,-19,2,-15,-2,-9,-3,-10,-2,-8,-7,-2,-6,1,-9,1,-12,9,-10,12,-19,12,-25,14,-28,18,-34,18,-37,14,-40,18,-44,19,-46,16,-51,16,-56,16,-55,14,-54,16,-59,14,-60,14,-61,13,-61,15,-64,17,-71,11,-74,16,-75,13,-78,16,-77,16,-80,9,-80,9,-84,9,-82,2,-79,1,0,0]",1
CSI_DATA,53184,1a:00:00:00:00:00,-31,11,1,0,1,1,1,0,0,0,1,-97,0,11,2,716221461,0,44,0,384,0,"[0,0,0,0,0,0,0,0,0,0,0,0,12,-3,12,-4,12,-4,12,-4,11,-4,11,-3,11,-3,10,-3,10,-3,9,-4,9,-4,8,-4,8,-4,7,-5,7,-6,7,-6,7,-7,6,-7,6,-8,6,-8,7,-8,7,-9,7,-9,7,-10,7,-10,7,-10,0,0,8,-10,8,-10,8,-9,8,-9,7,-9,7,-9,7,-8,7,-8,6,-9,6,-9,6,-9,6,-9,6,-9,6,-9,7,-9,7,-9,7,-9,8,-9,8,-8,8,-7,9,-7,9,-6,9,-5,9,-5,9,-4,8,-3,0,0,0,0,0,0,0,0,0,0,0,0,0,0,-61,-50,-55,-51,-59,-47,-61,-44,-57,-45,-54,-41,-57,-37,-56,-42,-53,-38,-54,-37,-52,-36,-49,-36,-51,-31,-51,-27,-44,-28,-49,-21,-50,-19,-47,-15,-48,-14,-49,-10,-49,-6,-53,-7,-53,-2,-57,-2,-60,-6,-62,0,-63,0,-64,4,-67,-2,-67,3,-67,-2,-68,-4,-67,-6,-63,-6,-64,-5,-60,-6,-61,-5,-58,-6,-60,-2,-61,0,-56,-2,-58,-2,-60,0,-61,3,-62,0,-64,-2,-59,-7,-66,-8,-59,-5,-61,-10,-58,-16,-57,-17,-54,-22,-52,-24,-46,-24,-46,-28,-39,-31,0,0,0,0,0,0,0,0,0,0,0,0,0,0,0,0,0,0,0,0,0,0,23,-6,25,-4,21,-2,23,2,21,3,24,0,21,3,21,-2,20,3,23,0,24,4,24,2,24,3,25,4,27,4,25,6,24,8,19,7,19,8,17,10,16,8,14,4,11,6,8,6,5,0,1,2,-2,-7,0,-10,-3,-14,-4,-17,2,-27,2,-31,3,-32,7,-38,9,-40,7,-44,13,-44,15,-44,17,-50,21,-51,22,-52,23,-57,25,-54,25,-58,26,-58,29,-60,29,-63,29,-66,34,-68,36,-67,37,-67,38,-72,43,-72,46,-67,48,-72,48,-62,53,-67,0,0]",1
CSI_DATA,53185,1a:00:00:00:00:00,-31,11,1,0,1,1,1,0,0,0,1,-97,0,11,2,716230479,0,44,0,384,0,"[0,0,0,0,0,0,0,0,0,0,0,0,-13,5,-12,5,-12,6,-12,5,-12,5,-11,5,-11,5,-11,4,-10,5,-10,5,-9,5,-9,5,-8,5,-7,6,-7,6,-7,7,-6,7,-6,8,-6,8,-6,9,-6,9,-6,9,-6,10,-6,10,-7,10,-7,10,0,0,-7,10,-7,10,-7,10,-7,10,-7,9,-7,9,-7,9,-6,9,-6,9,-6,9,-6,9,-6,9,-6,10,-6,9,-7,10,-7,9,-8,9,-8,9,-8,8,-9,8,-9,7,-10,6,-10,6,-9,5,-10,4,-9,3,0,0,0,0,0,0,0,0,0,0,0,0,0,0,75,21,69,22,67,17,68,17,72,11,68,10,66,7,66,13,65,10,63,10,56,14,58,8,59,5,58,4,52,7,50,1,51,-5,50,-4,47,-7,48,-16,49,-18,48,-22,50,-21,52,-25,54,-20,51,-28,56,-27,60,-28,59,-28,59,-31,61,-33,59,-26,62,-27,57,-28,60,-29,55,-24,51,-24,51,-24,51,-25,55,-27,52,-28,49,-28,56,-26,51,-32,55,-28,57,-29,57,-24,61,-25,54,-18,58,-19,58,-16,58,-12,58,-9,57,-3,53,0,52,3,48,10,0,0,0,0,0,0,0,0,0,0,0,0,0,0,0,0,0,0,0,0,0,0,-22,14,-22,10,-24,8,-25,5,-24,3,-23,6,-21,5,-21,6,-22,5,-23,4,-24,5,-27,6,-23,5,-25,5,-25,1,-26,2,-23,2,-27,-1,-22,-3,-16,-3,-18,-4,-18,-3,-15,-5,-7,-1,-4,0,-2,3,1,5,3,9,6,11,9,18,8,20,8,28,8,33,9,36,8,42,2,43,4,49,0,49,3,50,-1,56,-1,59,-3,61,-2,62,-2,65,-2,64,1,65,-2,69,-7,70,-6,72,-10,80,-9,77,-12,84,-13,78,-14,79,-19,82,-24,80,-20,82,0,0]",1
CSI_DATA,53186,1a:00:00:00:00:00,-31,11,1,0,1,1,1,0,0,0,1,-97,0,11,2,716250500,0,44,0,384,0,"[0,0,0,0,0,0,0,0,0,0,0,0,13,-1,12,-2,13,-2,12,-1,12,-1,12,-2,11,-2,11,-2,10,-2,10,-2,10,-2,9,-3,8,-3,8,-4,8,-4,8,-5,7,-5,8,-6,7,-6,8,-7,8,-7,8,-7,8,-8,8,-8,9,-8,9,-8,0,0,9,-8,9,-8,9,-8,9,-8,9,-7,8,-7,8,-7,8,-7,8,-7,8,-8,7,-8,8,-8,8,-8,8,-8,9,-8,9,-8,9,-7,9,-7,9,-7,9,-6,10,-5,10,-4,10,-4,9,-3,9,-2,9,-1,0,0,0,0,0,0,0,0,0,0,0,0,0,0,-63,-47,-56,-44,-55,-47,-60,-38,-53,-35,-60,-43,-54,-32,-57,-38,-55,-35,-57,-34,-55,-30,-51,-27,-50,-27,-47,-24,-48,-25,-46,-18,-47,-15,-44,-11,-49,-12,-48,-6,-56,0,-52,-2,-57,2,-57,5,-58,1,-60,5,-58,6,-63,5,-64,1,-65,2,-67,2,-69,-2,-65,0,-67,-1,-60,0,-63,-3,-58,-1,-56,-1,-58,2,-57,1,-56,2,-58,5,-59,3,-58,6,-62,6,-60,3,-60,-1,-61,-1,-61,-1,-57,-5,-58,-9,-58,-11,-53,-16,-54,-18,-49,-21,-46,-21,-42,-25,0,0,0,0,0,0,0,0,0,0,0,0,0,0,0,0,0,0,0,0,0,0,23,-3,23,-2,23,1,20,2,20,3,18,0,20,4,21,-2,24,1,23,3,25,4,24,4,24,4,21,3,22,5,22,8,23,3,22,8,20,8,18,12,14,10,12,9,11,6,7,3,3,0,6,-4,2,-3,3,-10,-2,-14,-4,-21,0,-23,0,-31,4,-37,6,-36,8,-40,7,-42,11,-42,15,-47,18,-49,21,-51,22,-52,21,-51,25,-55,24,-57,25,-58,22,-62,23,-61,31,-67,32,-62,32,-65,36,-68,40,-72,38,-73,38,-69,40,-71,47,-70,49,-67,0,0]",1
CSI_DATA,53187,1a:00:00:00:00:00,-31,11,1,0,1,1,1,0,0,0,1,-97,0,11,2,716260496,0,44,0,384,0,"[0,0,0,0,0,0,0,0,0,0,0,0,-1,13,0,13,0,12,0,13,0,12,0,12,-1,11,-1,11,-1,11,0,10,1,10,1,9,1,9,2,9,2,8,3,8,4,8,4,8,5,8,5,9,5,9,6,9,6,9,7,9,7,9,7,10,0,0,6,10,6,10,6,10,6,10,6,10,5,9,5,9,5,9,6,9,6,8,6,8,6,9,6,9,6,9,6,9,6,10,5,10,5,10,4,10,3,10,3,11,2,11,2,10,1,10,0,10,0,9,0,0,0,0,0,0,0,0,0,0,0,0,0,0,58,-52,55,-51,52,-52,53,-51,43,-50,45,-52,46,-49,49,-52,41,-50,42,-52,41,-47,38,-48,39,-46,32,-43,28,-43,31,-44,22,-46,23,-46,20,-49,17,-48,15,-54,12,-52,6,-57,9,-54,6,-59,7,-60,9,-62,8,-65,5,-63,7,-70,9,-66,13,-71,13,-65,12,-67,18,-62,11,-65,10,-57,11,-56,10,-59,10,-59,6,-58,3,-57,5,-55,5,-63,9,-62,6,-64,13,-63,12,-64,15,-57,17,-60,20,-57,23,-58,25,-57,28,-46,28,-47,31,-39,32,-41,0,0,0,0,0,0,0,0,0,0,0,0,0,0,0,0,0,0,0,0,0,0,-2,23,-6,26,-5,25,-4,21,-5,20,-6,20,-6,20,-6,18,-4,25,-4,20,-8,22,-7,22,-3,21,-8,25,-8,25,-8,22,-12,23,-13,17,-14,19,-14,17,-12,11,-9,11,-8,8,-6,5,-6,5,1,1,3,4,9,-2,12,0,18,-1,25,1,29,6,33,9,36,9,39,16,44,20,43,20,45,18,49,23,47,25,50,26,47,28,53,35,52,34,52,35,57,34,56,36,54,38,64,43,60,47,64,44,68,45,63,52,59,53,61,53,61,57,60,60,0,0]",1
CSI_DATA,53188,1a:00:00:00:00:00,-31,11,1,0,1,1,1,0,0,0,1,-97,0,11,2,716270501,0,44,0,384,0,"[0,0,0,0,0,0,0,0,0,0,0,0,-14,-3,-14,-2,-13,-2,-13,-3,-13,-2,-13,-2,-12,-2,-12,-2,-11,-2,-11,-2,-11,-1,-11,-1,-10,0,-10,1,-10,1,-10,2,-10,2,-10,3,-10,4,-10,4,-10,4,-11,4,-11,4,-11,5,-12,5,-12,5,0,0,-12,4,-12,4,-12,4,-12,4,-11,4,-11,3,-11,3,-10,4,-10,4,-11,4,-10,5,-11,5,-11,5,-11,5,-11,4,-12,4,-12,4,-12,3,-12,3,-12,2,-12,1,-12,0,-12,0,-11,-1,-11,-2,-10,-2,0,0,0,0,0,0,0,0,0,0,0,0,0,0,32,66,30,60,33,63,34,57,36,55,37,59,32,53,33,56,30,54,36,53,31,51,34,49,32,47,35,42,32,38,33,35,34,33,36,30,39,30,37,28,45,28,45,24,48,22,48,22,52,23,55,23,52,21,56,23,60,24,61,23,59,25,60,28,54,30,56,28,55,28,53,28,52,24,47,28,50,23,51,23,50,19,52,20,55,22,57,20,56,23,53,23,55,28,53,29,49,30,51,30,47,34,41,33,44,38,36,38,31,40,28,42,29,39,0,0,0,0,0,0,0,0,0,0,0,0,0,0,0,0,0,0,0,0,0,0,-23,-3,-24,-8,-22,-10,-22,-11,-19,-11,-20,-12,-20,-6,-20,-9,-20,-11,-17,-10,-18,-13,-23,-15,-19,-14,-24,-11,-19,-13,-20,-15,-19,-16,-16,-16,-16,-15,-12,-15,-12,-13,-9,-13,-8,-10,-7,-6,-6,-2,-5,-1,-2,4,-4,8,-2,12,-6,18,-6,18,-13,29,-17,28,-19,32,-24,33,-28,32,-31,33,-37,35,-41,35,-39,41,-40,39,-42,37,-44,40,-46,41,-46,42,-49,42,-48,43,-52,45,-55,46,-57,44,-61,45,-64,46,-70,44,-66,43,-71,46,-75,44,-74,41,0,0]",1
CSI_DATA,53189,1a:00:00:00:00:00,-31,11,1,0,1,1,1,0,0,0,1,-97,0,11,2,716280488,0,44,0,384,0,"[0,0,0,0,0,0,0,0,0,0,0,0,2,-14,2,-13,2,-13,2,-13,2,-13,2,-13,2,-12,2,-12,2,-11,1,-11,0,-11,0,-10,-1,-10,-1,-10,-1,-10,-3,-10,-3,-10,-4,-10,-4,-10,-4,-11,-4,-11,-5,-11,-5,-11,-6,-11,-6,-12,-6,-12,0,0,-5,-13,-5,-12,-5,-12,-4,-12,-4,-12,-4,-12,-4,-11,-4,-11,-4,-11,-5,-10,-5,-11,-5,-11,-5,-11,-5,-11,-5,-12,-4,-12,-4,-12,-4,-12,-3,-12,-2,-12,-1,-12,-1,-12,0,-12,0,-11,1,-11,2,-10,0,0,0,0,0,0,0,0,0,0,0,0,0,0,-67,41,-57,37,-60,39,-55,37,-56,35,-57,42,-50,38,-57,39,-48,40,-50,39,-51,35,-47,39,-44,35,-40,36,-40,31,-39,36,-32,40,-26,39,-27,42,-26,43,-21,43,-19,42,-18,51,-21,51,-21,55,-16,55,-19,56,-17,57,-24,58,-22,62,-24,60,-25,65,-22,55,-24,60,-26,56,-26,59,-23,52,-22,51,-16,55,-17,57,-18,49,-16,52,-21,56,-16,59,-21,59,-23,56,-27,58,-26,56,-28,54,-26,52,-31,52,-34,46,-38,43,-36,39,-37,35,-40,29,-42,28,0,0,0,0,0,0,0,0,0,0,0,0,0,0,0,0,0,0,0,0,0,0,3,-25,4,-24,6,-24,7,-24,7,-21,7,-20,8,-19,7,-17,6,-20,7,-21,9,-19,11,-25,9,-24,10,-20,10,-24,12,-24,12,-22,12,-16,15,-17,14,-15,12,-12,10,-12,4,-7,5,-7,0,-5,-1,-4,-3,-5,-8,-2,-14,-5,-22,-5,-24,-7,-29,-10,-31,-14,-34,-14,-36,-21,-35,-23,-40,-25,-41,-30,-40,-33,-46,-32,-45,-36,-43,-38,-47,-40,-43,-40,-49,-45,-51,-42,-51,-46,-52,-46,-51,-50,-52,-50,-50,-56,-56,-55,-54,-61,-51,-61,-49,-65,-55,-72,-45,-67,0,0]",1
CSI_DATA,53190,1a:00:00:00:00:00,-31,11,1,0,1,1,1,0,0,0,1,-97,0,11,2,716300487,0,44,0,384,0,"[0,0,0,0,0,0,0,0,0,0,0,0,-2,12,-2,12,-2,12,-2,12,-2,12,-2,11,-2,11,-2,10,-2,10,-1,10,0,9,0,9,1,9,1,9,1,8,2,8,3,8,3,8,4,9,4,9,4,9,5,9,5,9,6,9,6,10,6,10,0,0,5,10,5,11,5,10,5,10,4,10,4,10,4,9,4,9,5,9,5,9,5,9,6,9,5,9,5,9,5,10,5,10,5,10,4,10,3,10,3,10,2,10,1,10,1,10,0,10,0,9,-1,8,0,0,0,0,0,0,0,0,0,0,0,0,0,0,69,-37,65,-31,63,-33,61,-40,55,-36,54,-39,54,-39,55,-37,52,-38,52,-42,51,-37,50,-38,48,-38,43,-36,44,-37,37,-36,32,-38,31,-41,28,-40,26,-47,22,-48,24,-49,22,-51,21,-50,20,-58,19,-55,18,-58,19,-63,20,-64,17,-65,23,-62,25,-62,27,-60,25,-61,28,-59,25,-57,24,-54,23,-51,20,-55,21,-54,20,-52,15,-59,17,-60,19,-59,19,-57,19,-59,22,-60,24,-59,27,-53,27,-53,32,-53,33,-52,34,-47,39,-43,37,-40,39,-35,39,-30,0,0,0,0,0,0,0,0,0,0,0,0,0,0,0,0,0,0,0,0,0,0,-10,23,-10,24,-10,20,-12,19,-12,21,-13,16,-10,18,-14,17,-10,18,-13,19,-11,19,-16,17,-16,21,-15,22,-16,18,-17,19,-19,18,-18,16,-21,13,-20,10,-13,10,-14,8,-10,5,-7,4,-5,3,0,3,4,4,7,0,14,4,17,4,22,7,25,16,28,18,29,23,35,24,32,28,36,27,41,29,40,36,37,40,41,40,41,39,39,48,42,42,45,44,41,45,46,48,48,56,49,56,49,61,50,63,51,60,50,67,42,65,48,70,46,69,42,74,0,0]",1
CSI_DATA,53191,1a:00:00:00:00:00,-31,11,1,0,1,1,1,0,0,0,1,-97,0,11,2,716310484,0,44,0,384,0,"[0,0,0,0,0,0,0,0,0,0,0,0,-12,-7,-12,-6,-12,-6,-12,-6,-11,-6,-12,-6,-11,-6,-11,-5,-10,-5,-10,-4,-10,-4,-10,-3,-10,-3,-10,-2,-10,-2,-10,-1,-10,0,-10,0,-11,1,-11,1,-11,1,-11,1,-11,1,-12,1,-12,2,-13,2,0,0,-13,1,-12,1,-13,1,-12,1,-12,0,-12,1,-11,1,-11,1,-11,1,-11,1,-11,2,-11,2,-11,2,-12,2,-12,1,-12,1,-12,0,-12,0,-12,0,-12,-1,-12,-2,-11,-3,-11,-3,-10,-3,-10,-4,-9,-4,0,0,0,0,0,0,0,0,0,0,0,0,0,0,10,71,11,72,14,67,12,67,14,67,18,66,15,65,15,65,15,62,14,62,14,58,14,58,15,53,19,52,19,46,20,46,25,41,26,41,28,42,29,35,33,40,36,39,39,36,41,38,37,38,41,40,46,42,49,38,48,38,51,40,53,39,52,44,45,46,46,42,42,42,41,43,37,44,36,40,41,41,42,37,42,33,47,33,44,35,50,34,47,37,45,39,43,43,44,42,39,43,36,44,34,50,32,46,28,48,25,50,22,45,22,46,18,47,0,0,0,0,0,0,0,0,0,0,0,0,0,0,0,0,0,0,0,0,0,0,-22,-14,-20,-15,-16,-19,-15,-16,-12,-18,-15,-16,-15,-15,-12,-15,-16,-19,-15,-19,-15,-19,-18,-19,-18,-20,-17,-21,-15,-18,-13,-22,-11,-22,-7,-26,-6,-23,-8,-18,-4,-18,-5,-18,-3,-10,-6,-10,-5,-6,-5,0,-7,3,-7,7,-8,10,-11,15,-17,16,-22,20,-22,24,-32,22,-32,19,-40,24,-39,25,-43,20,-45,26,-49,29,-51,21,-54,20,-56,23,-54,23,-61,27,-62,26,-64,24,-70,22,-68,27,-68,25,-75,26,-74,28,-81,21,-76,20,-81,19,-83,18,-80,14,0,0]",1
CSI_DATA,53192,1a:00:00:00:00:00,-31,11,1,0,1,1,1,0,0,0,1,-97,0,11,2,716331951,0,44,0,384,0,"[0,0,0,0,0,0,0,0,0,0,0,0,-6,11,-6,11,-5,11,-6,11,-5,11,-5,10,-5,10,-5,9,-5,9,-4,9,-4,9,-3,9,-3,9,-2,9,-1,9,-1,9,0,9,0,9,1,9,1,10,1,10,1,10,1,10,2,11,2,11,2,11,0,0,1,12,1,12,1,11,0,11,0,11,0,11,0,10,1,10,1,10,1,10,2,10,1,10,1,11,1,11,1,11,0,11,0,11,0,11,-1,11,-2,11,-2,10,-3,10,-3,10,-4,9,-5,9,-5,8,0,0,0,0,0,0,0,0,0,0,0,0,0,0,70,-20,72,-19,63,-22,63,-20,63,-25,61,-23,61,-27,60,-23,59,-24,55,-23,53,-23,54,-25,54,-20,44,-25,45,-27,39,-30,39,-30,35,-33,37,-34,32,-33,32,-39,31,-41,30,-46,28,-44,28,-47,31,-50,30,-50,31,-53,30,-55,33,-56,33,-59,37,-53,37,-53,36,-56,35,-50,39,-49,37,-44,32,-45,33,-47,32,-50,33,-48,31,-47,31,-51,30,-53,32,-50,32,-51,38,-48,39,-50,36,-48,39,-40,43,-42,44,-36,45,-37,46,-36,43,-27,45,-27,43,-18,0,0,0,0,0,0,0,0,0,0,0,0,0,0,0,0,0,0,0,0,0,0,-11,24,-15,22,-14,18,-16,19,-15,17,-15,18,-17,16,-14,15,-14,15,-14,18,-17,18,-18,18,-14,18,-21,17,-17,15,-21,15,-22,12,-19,14,-20,11,-16,4,-18,9,-13,6,-10,4,-8,4,-4,2,0,2,6,3,5,3,11,4,14,9,16,15,25,17,21,18,25,22,27,28,29,30,28,33,31,36,33,40,33,41,33,49,34,49,33,52,30,54,33,51,34,57,36,60,35,62,36,66,38,63,35,66,37,70,33,75,29,72,29,73,28,76,30,78,0,0]",1
CSI_DATA,53193,1a:00:00:00:00:00,-31,11,1,0,1,1,1,0,0,0,1,-97,0,11,2,716340867,0,44,0,384,0,"[0,0,0,0,0,0,0,0,0,0,0,0,-5,-13,-5,-12,-5,-13,-5,-12,-5,-13,-5,-12,-5,-12,-4,-11,-4,-11,-5,-10,-5,-10,-6,-9,-6,-9,-6,-8,-6,-8,-7,-8,-7,-7,-8,-7,-8,-7,-9,-7,-9,-7,-9,-8,-10,-8,-10,-7,-11,-8,-10,-8,0,0,-10,-8,-10,-9,-10,-8,-10,-8,-9,-8,-9,-8,-9,-8,-9,-8,-9,-7,-9,-7,-10,-7,-10,-7,-10,-7,-10,-7,-10,-8,-10,-8,-10,-9,-9,-8,-8,-9,-8,-9,-7,-10,-6,-10,-6,-10,-5,-10,-5,-10,-4,-9,0,0,0,0,0,0,0,0,0,0,0,0,0,0,-37,65,-37,62,-32,60,-32,61,-28,64,-31,60,-30,60,-31,63,-26,58,-30,56,-29,52,-25,52,-22,55,-21,51,-14,51,-13,53,-11,49,-7,49,-7,51,0,51,1,53,2,51,8,53,5,52,7,56,8,58,10,62,12,60,9,63,13,65,6,66,8,68,5,67,4,67,4,62,5,63,1,61,1,56,4,57,5,57,6,53,7,60,7,59,8,60,7,62,9,65,6,61,3,60,0,62,-3,58,-10,60,-10,59,-14,56,-16,57,-17,51,-21,48,-20,44,0,0,0,0,0,0,0,0,0,0,0,0,0,0,0,0,0,0,0,0,0,0,-7,-24,-5,-28,-4,-27,-4,-22,-7,-25,-3,-19,-2,-21,-5,-24,-3,-23,-4,-24,-5,-25,0,-23,-3,-25,-2,-28,1,-27,0,-24,2,-25,4,-23,4,-19,9,-16,10,-14,9,-14,4,-10,2,-9,0,-4,-3,-7,-4,-1,-11,-2,-16,6,-18,4,-23,9,-30,4,-31,-1,-38,0,-42,2,-44,-3,-45,-4,-52,-4,-53,-10,-56,-8,-56,-10,-59,-10,-63,-11,-64,-18,-66,-16,-67,-10,-68,-13,-71,-19,-74,-23,-76,-24,-77,-28,-78,-29,-77,-31,-75,-33,-79,-37,-80,-38,-73,-36,0,0]",1
CSI_DATA,53194,1a:00:00:00:00:00,-31,11,1,0,1,1,1,0,0,0,1,-97,0,11,2,716350478,0,44,0,384,0,"[0,0,0,0,0,0,0,0,0,0,0,0,-9,-11,-9,-11,-9,-10,-9,-10,-9,-10,-8,-10,-8,-10,-7,-10,-7,-9,-7,-8,-8,-8,-8,-7,-8,-7,-8,-6,-8,-6,-9,-5,-9,-4,-10,-4,-10,-4,-11,-4,-11,-4,-11,-4,-11,-4,-12,-4,-12,-4,-12,-4,0,0,-12,-5,-12,-5,-12,-5,-12,-5,-11,-5,-11,-5,-11,-5,-11,-5,-11,-4,-11,-4,-11,-3,-11,-4,-12,-4,-11,-4,-12,-4,-11,-5,-11,-5,-11,-6,-11,-6,-10,-7,-10,-8,-9,-8,-9,-8,-8,-8,-7,-8,-6,-8,0,0,0,0,0,0,0,0,0,0,0,0,0,0,-14,75,-11,69,-12,67,-10,67,-9,63,-2,69,-6,65,-8,66,0,65,-1,62,-5,59,-7,59,-5,57,0,51,1,49,5,49,7,49,11,47,14,47,17,46,19,48,20,45,26,47,30,50,27,49,30,51,31,53,28,55,32,52,36,54,33,54,31,64,27,56,26,54,26,57,23,58,20,54,25,53,22,49,24,49,26,47,28,45,33,52,29,51,27,53,29,52,27,53,24,54,20,54,18,53,13,55,13,54,7,56,3,53,0,54,-4,49,-7,52,0,0,0,0,0,0,0,0,0,0,0,0,0,0,0,0,0,0,0,0,0,0,-18,-17,-16,-20,-14,-21,-11,-20,-11,-23,-10,-17,-10,-18,-9,-21,-12,-21,-11,-21,-9,-18,-11,-23,-12,-22,-11,-24,-6,-27,-8,-22,-9,-27,-6,-25,-2,-21,-3,-23,-1,-16,-2,-15,-3,-12,-1,-11,-3,-7,-5,-5,-4,-1,-8,6,-8,8,-14,12,-19,10,-26,14,-33,15,-35,16,-36,15,-42,12,-44,13,-48,14,-51,10,-56,12,-55,7,-55,12,-57,10,-61,6,-60,8,-65,9,-68,9,-69,7,-73,5,-76,6,-74,2,-80,6,-84,-1,-78,0,-87,-3,-78,-10,-82,-7,0,0]",1
CSI_DATA,53195,1a:00:00:00:00:00,-31,11,1,0,1,1,1,0,0,0,1,-97,0,11,2,716370498,0,44,0,384,0,"[0,0,0,0,0,0,0,0,0,0,0,0,5,11,5,11,5,11,5,11,5,11,5,10,4,10,4,9,4,9,5,8,5,8,5,7,5,7,6,6,6,6,7,5,7,5,7,5,8,5,8,5,9,5,9,5,9,5,10,5,10,5,10,5,0,0,10,6,10,6,10,6,10,6,9,6,9,6,9,5,9,5,9,5,9,4,9,4,9,4,10,4,9,5,9,5,9,5,9,6,9,6,8,6,8,7,8,7,7,8,6,8,6,8,5,8,4,7,0,0,0,0,0,0,0,0,0,0,0,0,0,0,39,-65,31,-65,25,-62,21,-65,24,-64,21,-62,21,-63,21,-64,21,-62,22,-58,19,-57,20,-57,17,-56,13,-53,8,-51,8,-52,4,-51,-2,-49,-1,-48,-6,-47,-10,-49,-10,-51,-16,-50,-17,-53,-12,-55,-16,-57,-20,-60,-19,-60,-20,-61,-18,-60,-19,-65,-14,-64,-15,-67,-17,-61,-13,-62,-13,-58,-14,-58,-11,-54,-12,-59,-18,-56,-17,-55,-21,-52,-18,-57,-25,-55,-17,-57,-17,-59,-14,-61,-15,-61,-11,-58,-7,-60,-2,-60,-1,-59,3,-58,4,-56,8,-52,8,-48,13,-46,0,0,0,0,0,0,0,0,0,0,0,0,0,0,0,0,0,0,0,0,0,0,8,25,7,22,7,25,3,21,2,23,4,21,-1,22,0,21,3,20,3,25,3,23,1,25,0,26,1,23,-1,26,-3,24,-3,23,-6,21,-9,19,-7,19,-10,14,-6,15,-5,9,-2,8,-3,8,4,1,4,1,8,-5,14,-6,17,-6,20,-7,23,-5,33,-5,37,-3,40,-4,45,-4,46,0,48,3,52,3,52,7,56,7,56,5,59,8,62,11,61,8,60,15,64,11,69,14,69,17,74,20,73,17,79,17,77,25,72,25,74,27,74,31,74,29,0,0]",1
CSI_DATA,53196,1a:00:00:00:00:00,-31,11,1,0,1,1,1,0,0,0,1,-97,0,11,2,716380499,0,44,0,384,0,"[0,0,0,0,0,0,0,0,0,0,0,0,-12,6,-12,6,-12,6,-12,6,-11,6,-12,6,-11,6,-11,5,-10,5,-9,5,-9,6,-8,6,-8,6,-7,6,-7,7,-6,7,-6,8,-5,8,-5,9,-5,9,-5,9,-5,10,-5,10,-5,11,-6,11,-6,11,0,0,-7,11,-6,11,-6,11,-6,10,-6,10,-6,10,-6,9,-6,9,-5,9,-5,9,-5,10,-5,10,-5,10,-5,11,-5,10,-6,10,-6,10,-7,10,-7,9,-8,9,-8,8,-8,8,-9,7,-9,6,-9,5,-9,5,0,0,0,0,0,0,0,0,0,0,0,0,0,0,75,15,68,19,68,15,68,15,66,11,68,10,64,7,67,8,64,11,65,3,63,11,58,8,57,4,54,4,54,0,49,-4,51,-7,46,-7,47,-13,46,-17,48,-19,49,-24,50,-26,50,-28,53,-22,55,-28,54,-32,53,-32,58,-32,58,-33,59,-32,63,-29,62,-29,57,-31,54,-26,59,-25,54,-22,55,-23,53,-24,50,-24,50,-26,49,-28,50,-28,50,-34,51,-33,52,-29,54,-27,53,-29,58,-23,58,-17,60,-11,53,-11,55,-12,57,-5,53,-2,51,1,48,7,0,0,0,0,0,0,0,0,0,0,0,0,0,0,0,0,0,0,0,0,0,0,-19,14,-19,10,-20,9,-21,11,-22,6,-21,8,-22,9,-22,9,-24,5,-23,9,-22,7,-28,7,-24,8,-25,8,-26,4,-23,4,-24,3,-28,0,-21,-2,-20,3,-17,-4,-14,-5,-12,-1,-11,1,-8,-1,0,0,1,2,2,8,4,13,8,14,8,17,10,26,9,29,9,39,10,40,9,42,7,45,10,47,8,49,7,55,2,59,2,61,0,62,1,62,4,66,1,65,0,68,-2,71,-6,73,-2,74,1,80,1,85,-8,82,-11,80,-10,84,-18,83,-18,80,0,0]",1
CSI_DATA,53197,1a:00:00:00:00:00,-31,11,1,0,1,1,1,0,0,0,1,-97,0,11,2,716392877,0,44,0,384,0,"[0,0,0,0,0,0,0,0,0,0,0,0,-10,-9,-10,-9,-10,-8,-10,-8,-10,-8,-10,-8,-9,-8,-9,-8,-9,-7,-9,-6,-9,-6,-9,-5,-9,-5,-9,-4,-9,-4,-9,-3,-9,-3,-10,-2,-10,-2,-11,-2,-11,-2,-11,-2,-12,-2,-12,-1,-13,-2,-13,-2,0,0,-13,-2,-13,-3,-12,-3,-12,-3,-12,-3,-11,-3,-11,-3,-11,-2,-11,-2,-11,-2,-11,-1,-11,-2,-11,-2,-12,-2,-12,-2,-12,-3,-11,-3,-11,-3,-11,-4,-11,-5,-10,-5,-10,-6,-9,-6,-9,-6,-8,-7,-7,-7,0,0,0,0,0,0,0,0,0,0,0,0,0,0,0,77,-6,71,0,73,1,67,2,67,4,66,4,67,4,69,4,63,5,66,6,62,6,59,5,59,9,54,13,52,12,53,15,49,18,46,21,46,23,43,27,46,27,42,34,45,35,42,36,46,37,46,38,46,38,49,39,48,45,52,40,50,40,58,33,54,36,52,32,53,33,54,31,49,31,49,34,48,29,49,36,43,35,46,33,46,38,47,35,49,32,47,34,52,29,51,29,53,24,52,22,54,19,56,15,56,10,55,6,53,7,51,-1,48,0,0,0,0,0,0,0,0,0,0,0,0,0,0,0,0,0,0,0,0,0,0,-22,-15,-20,-19,-18,-18,-18,-18,-15,-19,-15,-23,-13,-17,-15,-17,-14,-20,-18,-18,-15,-23,-16,-19,-16,-20,-12,-20,-14,-24,-11,-23,-12,-24,-9,-23,-8,-22,-2,-18,-2,-17,-1,-16,-1,-13,-6,-5,-3,-8,-6,1,-6,3,-10,8,-12,9,-14,13,-19,15,-25,17,-28,18,-32,20,-34,20,-41,21,-45,21,-46,23,-50,19,-50,21,-58,18,-57,20,-63,20,-59,19,-62,17,-61,16,-65,19,-69,16,-73,14,-72,17,-81,16,-81,20,-82,11,-79,8,-85,7,-88,6,-84,5,0,0]",1
CSI_DATA,53198,1a:00:00:00:00:00,-31,11,1,0,1,1,1,0,0,0,1,-97,0,11,2,716400493,0,44,0,384,0,"[0,0,0,0,0,0,0,0,0,0,0,0,10,-8,10,-8,10,-8,10,-8,10,-8,9,-7,9,-7,8,-7,8,-7,8,-7,7,-7,6,-7,6,-7,5,-7,5,-8,4,-9,4,-9,4,-9,3,-10,3,-10,3,-10,3,-11,3,-11,3,-12,4,-12,3,-12,0,0,4,-12,4,-12,4,-11,4,-12,4,-11,4,-11,4,-10,3,-10,3,-10,3,-11,3,-11,3,-11,3,-11,3,-11,4,-11,4,-11,4,-11,4,-10,5,-10,6,-10,6,-9,7,-9,7,-8,7,-7,7,-6,7,-5,0,0,0,0,0,0,0,0,0,0,0,0,0,0,-70,-14,-73,-12,-67,-9,-67,-6,-70,-6,-70,-5,-66,-6,-66,-7,-66,-2,-66,-5,-62,-6,-59,-4,-53,-3,-56,-2,-54,1,-54,2,-50,5,-48,10,-46,16,-43,13,-49,25,-45,22,-44,24,-48,28,-47,29,-50,28,-52,33,-51,31,-56,33,-55,35,-56,30,-57,29,-57,27,-59,29,-58,29,-55,24,-54,24,-53,23,-50,26,-49,27,-49,27,-50,29,-51,27,-52,29,-51,27,-55,30,-53,26,-56,26,-52,24,-56,19,-54,15,-59,15,-54,7,-55,2,-52,3,-48,-4,-50,-6,0,0,0,0,0,0,0,0,0,0,0,0,0,0,0,0,0,0,0,0,0,0,17,-19,20,-18,21,-14,18,-10,21,-9,20,-11,19,-8,15,-15,20,-11,21,-11,17,-11,23,-9,21,-9,23,-13,20,-7,25,-8,24,-3,23,-4,22,-2,20,-1,15,-3,13,-2,13,-4,7,-4,5,-4,0,-5,0,-4,-3,-9,-11,-13,-11,-16,-13,-24,-15,-25,-13,-29,-14,-35,-13,-42,-17,-43,-10,-47,-11,-50,-10,-52,-10,-53,-12,-54,-11,-57,-9,-59,-7,-64,-10,-64,-10,-63,-9,-66,-8,-72,-7,-74,-8,-73,-3,-79,-3,-80,-2,-81,3,-83,1,-84,8,-85,7,-79,0,0]",1
CSI_DATA,53199,1a:00:00:00:00:00,-31,11,1,0,1,1,1,0,0,0,1,-97,0,11,2,716420490,0,44,0,384,0,"[0,0,0,0,0,0,0,0,0,0,0,0,-13,6,-12,6,-12,6,-12,6,-12,5,-11,5,-11,5,-11,5,-10,5,-9,5,-9,5,-9,5,-8,5,-7,6,-7,6,-6,7,-6,7,-6,8,-6,8,-6,9,-6,9,-6,10,-6,10,-6,10,-6,11,-6,10,0,0,-7,11,-7,10,-7,10,-7,10,-7,9,-7,9,-7,9,-6,9,-6,9,-6,9,-6,9,-6,9,-6,10,-6,10,-7,9,-7,9,-7,9,-7,9,-8,8,-8,8,-9,7,-9,7,-9,6,-9,5,-10,4,-9,3,0,0,0,0,0,0,0,0,0,0,0,0,0,0,69,24,68,22,67,20,65,20,64,17,63,13,61,13,64,17,60,12,61,17,57,14,54,13,57,9,51,5,50,3,49,6,49,3,48,-4,50,-5,48,-11,47,-16,51,-19,52,-19,50,-20,51,-21,55,-20,56,-22,55,-25,58,-23,59,-25,62,-26,64,-20,60,-20,60,-22,61,-18,58,-16,52,-20,52,-15,53,-20,54,-20,51,-17,51,-22,54,-22,51,-25,56,-22,54,-23,57,-16,59,-17,54,-17,58,-12,56,-8,56,-3,56,-1,57,2,54,4,49,8,44,15,0,0,0,0,0,0,0,0,0,0,0,0,0,0,0,0,0,0,0,0,0,0,-22,10,-24,9,-24,9,-22,6,-22,7,-20,5,-24,5,-24,6,-20,4,-22,5,-22,5,-25,6,-22,6,-25,4,-22,4,-25,3,-27,0,-24,-2,-22,-5,-20,-4,-18,-2,-15,-3,-10,-4,-10,-2,-3,1,-3,3,2,3,-1,8,6,14,5,14,8,20,7,26,5,31,6,35,6,42,5,41,5,49,3,49,1,52,1,52,1,55,1,59,-3,62,-2,62,-6,56,-9,61,-7,64,-5,70,-10,70,-10,74,-10,75,-12,78,-16,79,-18,76,-16,80,-20,79,-27,75,0,0]",1
CSI_DATA,53200,1a:00:00:00:00:00,-31,11,1,0,1,1,1,0,0,0,1,-97,0,11,2,716430552,0,44,0,384,0,"[0,0,0,0,0,0,0,0,0,0,0,0,-3,-14,-3,-14,-3,-13,-3,-14,-3,-13,-3,-13,-3,-12,-3,-12,-3,-12,-3,-11,-4,-10,-4,-10,-4,-9,-5,-9,-5,-9,-6,-8,-7,-8,-7,-8,-8,-8,-8,-8,-8,-8,-9,-8,-9,-8,-10,-8,-10,-9,-10,-9,0,0,-10,-10,-10,-9,-10,-9,-9,-9,-9,-9,-9,-9,-8,-9,-8,-8,-9,-8,-9,-8,-9,-8,-10,-8,-9,-8,-10,-8,-9,-8,-9,-9,-9,-9,-9,-9,-8,-10,-7,-10,-7,-11,-6,-11,-5,-10,-5,-10,-4,-10,-3,-10,0,0,0,0,0,0,0,0,0,0,0,0,0,0,-53,60,-47,54,-44,57,-44,57,-41,59,-42,58,-37,54,-38,56,-34,54,-34,51,-31,52,-31,51,-31,50,-27,49,-25,46,-19,47,-16,48,-13,45,-10,49,-4,49,-4,50,1,52,2,53,4,56,5,58,9,62,4,61,6,64,2,61,5,66,3,67,0,70,4,65,0,66,1,61,-2,62,-1,58,2,57,3,57,5,59,3,53,2,58,1,59,4,62,3,58,0,61,-2,62,-1,64,-2,60,-4,61,-10,59,-12,54,-15,58,-17,53,-21,50,-21,47,-26,43,0,0,0,0,0,0,0,0,0,0,0,0,0,0,0,0,0,0,0,0,0,0,-3,-29,1,-25,1,-28,1,-23,2,-27,4,-23,2,-25,-1,-23,0,-25,3,-22,3,-21,0,-26,4,-22,9,-25,8,-26,7,-23,9,-25,9,-21,8,-21,9,-19,11,-12,8,-12,8,-13,2,-10,0,-8,-2,-3,-7,0,-11,-2,-16,2,-19,1,-27,-2,-31,-3,-32,-3,-35,-3,-40,-9,-45,-12,-47,-17,-48,-16,-49,-18,-55,-20,-57,-24,-54,-21,-56,-25,-59,-27,-57,-28,-64,-25,-65,-25,-66,-31,-69,-32,-70,-33,-68,-39,-70,-37,-72,-42,-69,-46,-72,-48,-69,-48,-68,-47,0,0]",1
CSI_DATA,53201,1a:00:00:00:00:00,-31,11,1,0,1,1,1,0,0,0,1,-97,0,11,2,716450506,0,44,0,384,0,"[0,0,0,0,0,0,0,0,0,0,0,0,7,10,7,9,7,9,7,9,7,9,7,9,7,9,6,8,6,8,6,7,7,7,7,6,7,5,7,5,7,4,8,3,8,3,8,3,9,3,9,3,10,3,10,2,10,2,11,2,11,3,11,2,0,0,11,3,11,3,11,3,10,3,10,3,10,3,10,3,10,3,10,3,10,2,10,2,10,2,10,2,10,3,10,3,10,3,10,4,10,4,10,5,9,5,9,6,8,6,8,6,7,6,6,7,5,7,0,0,0,0,0,0,0,0,0,0,0,0,0,0,18,-70,19,-69,17,-67,18,-68,14,-67,13,-68,12,-65,12,-68,13,-64,12,-61,10,-58,13,-58,8,-57,7,-53,3,-51,2,-51,2,-49,-7,-49,-8,-49,-15,-45,-18,-49,-17,-50,-21,-48,-23,-51,-25,-52,-28,-54,-26,-54,-30,-56,-28,-57,-30,-58,-27,-58,-27,-64,-23,-57,-26,-60,-21,-59,-20,-58,-19,-54,-22,-54,-20,-52,-25,-51,-23,-51,-25,-53,-27,-52,-25,-56,-25,-55,-26,-54,-21,-56,-20,-59,-17,-55,-14,-56,-13,-56,-6,-57,-2,-58,0,-55,0,-54,4,-49,10,-48,0,0,0,0,0,0,0,0,0,0,0,0,0,0,0,0,0,0,0,0,0,0,12,21,11,21,11,19,7,23,8,22,5,23,5,20,3,21,8,22,6,23,6,18,5,24,7,22,4,22,3,26,3,23,3,23,2,24,-2,20,-3,21,-5,15,-1,15,-2,10,-2,8,-1,7,3,4,4,-3,8,-2,13,-7,16,-9,20,-11,26,-10,29,-9,36,-7,40,-10,43,-10,46,-7,48,-4,49,-4,55,-3,58,-3,57,-4,62,2,63,-1,60,-1,61,0,66,-4,70,1,73,2,71,7,74,4,80,3,82,10,77,12,82,19,84,19,75,18,0,0]",1
CSI_DATA,53202,1a:00:00:00:00:00,-31,11,1,0,1,1,1,0,0,0,1,-97,0,11,2,716460481,0,44,0,384,0,"[0,0,0,0,0,0,0,0,0,0,0,0,-9,10,-8,10,-8,10,-8,10,-8,10,-8,9,-8,9,-7,9,-7,8,-6,8,-6,8,-5,8,-5,8,-4,8,-3,8,-2,9,-2,9,-2,9,-1,10,-1,10,-1,10,-1,11,-1,11,-1,11,-1,12,-1,12,0,0,-1,12,-2,12,-1,12,-2,12,-2,11,-2,11,-2,11,-1,10,-1,10,-1,10,-1,11,-1,11,-1,11,-1,11,-1,11,-2,11,-2,11,-2,11,-3,11,-4,11,-4,10,-5,10,-5,9,-6,8,-6,8,-6,7,0,0,0,0,0,0,0,0,0,0,0,0,0,0,76,-7,76,-5,70,-15,63,-11,68,-13,66,-12,67,-15,68,-13,66,-17,59,-12,59,-12,60,-12,56,-16,54,-19,51,-18,46,-21,46,-26,39,-27,43,-26,41,-31,38,-36,38,-37,35,-41,40,-38,38,-42,37,-46,42,-46,43,-50,42,-48,44,-51,42,-51,49,-50,47,-49,45,-43,49,-48,51,-41,41,-41,42,-39,43,-41,40,-41,40,-42,37,-44,39,-46,40,-46,42,-41,42,-48,43,-41,45,-41,45,-39,46,-38,49,-30,50,-31,50,-26,54,-20,51,-17,48,-17,49,-10,0,0,0,0,0,0,0,0,0,0,0,0,0,0,0,0,0,0,0,0,0,0,-14,22,-18,18,-17,17,-16,14,-18,17,-17,16,-17,14,-17,17,-17,14,-17,15,-18,12,-19,14,-20,17,-21,15,-24,13,-23,12,-24,13,-24,9,-22,8,-22,4,-15,4,-15,2,-10,4,-4,2,-1,3,0,4,2,4,7,2,11,10,13,12,19,15,22,22,19,27,21,31,24,32,26,37,24,43,25,43,23,46,25,51,26,51,26,57,22,54,25,61,24,56,25,61,28,64,26,67,29,70,25,72,26,74,26,78,23,77,22,81,24,83,21,80,12,82,0,0]",1
CSI_DATA,53203,1a:00:00:00:00:00,-31,11,1,0,1,1,1,0,0,0,1,-97,0,11,2,716470501,0,44,0,384,0,"[0,0,0,0,0,0,0,0,0,0,0,0,-11,-9,-11,-8,-11,-8,-11,-8,-11,-8,-10,-8,-10,-8,-10,-7,-9,-7,-9,-6,-9,-6,-9,-5,-9,-5,-9,-4,-9,-4,-10,-3,-10,-2,-10,-2,-11,-1,-11,-1,-11,-1,-12,-1,-12,-1,-12,-1,-13,-1,-13,-1,0,0,-13,-2,-13,-2,-13,-2,-13,-2,-12,-2,-12,-2,-11,-2,-11,-1,-11,-1,-11,-1,-12,-1,-12,-1,-12,-1,-12,-1,-12,-2,-12,-2,-12,-2,-12,-3,-12,-3,-11,-4,-11,-5,-10,-5,-10,-6,-9,-6,-9,-6,-8,-6,0,0,0,0,0,0,0,0,0,0,0,0,0,0,-1,74,-8,73,3,70,4,69,1,67,3,68,4,63,6,67,4,64,3,62,7,60,6,58,7,54,8,50,6,52,14,46,14,45,16,44,17,45,21,42,23,43,27,44,29,43,31,44,31,45,35,44,38,44,36,47,34,50,41,51,37,52,35,59,36,51,35,49,34,55,30,53,26,47,27,49,30,45,30,47,32,45,34,45,32,46,36,46,30,51,29,48,28,53,28,54,27,53,26,51,20,53,17,53,14,52,9,55,6,50,1,49,-1,48,0,0,0,0,0,0,0,0,0,0,0,0,0,0,0,0,0,0,0,0,0,0,-22,-15,-19,-17,-16,-19,-15,-18,-13,-19,-13,-18,-14,-16,-12,-14,-15,-18,-16,-15,-18,-17,-16,-22,-17,-18,-14,-19,-13,-19,-15,-24,-12,-23,-10,-21,-9,-22,-6,-19,-4,-14,-4,-16,0,-11,-3,-7,-1,-8,-4,1,-7,-1,-7,5,-13,10,-13,12,-16,15,-21,19,-24,17,-29,21,-36,23,-39,21,-42,20,-46,21,-49,22,-53,22,-57,18,-55,20,-60,17,-62,19,-62,16,-61,15,-64,17,-67,20,-72,17,-73,20,-77,19,-77,20,-79,14,-79,12,-84,9,-86,4,-80,4,0,0]",1
CSI_DATA,53204,1a:00:00:00:00:00,-31,11,1,0,1,1,1,0,0,0,1,-97,0,11,2,716490500,0,44,0,384,0,"[0,0,0,0,0,0,0,0,0,0,0,0,11,6,11,5,11,5,11,5,11,5,11,5,10,5,10,5,9,5,9,4,9,3,9,3,9,2,9,2,9,1,9,0,9,0,9,-1,10,-1,10,-1,10,-1,11,-1,11,-2,11,-2,12,-2,12,-2,0,0,12,-1,12,-1,12,-1,12,-1,11,-1,11,0,11,0,10,-1,10,-1,10,-2,11,-2,11,-2,11,-2,11,-2,11,-1,11,-1,11,0,11,0,11,1,11,2,11,3,10,3,10,3,9,3,9,4,8,4,0,0,0,0,0,0,0,0,0,0,0,0,0,0,-9,-76,-4,-72,-12,-68,-10,-68,-13,-70,-12,-67,-13,-65,-17,-68,-16,-61,-15,-63,-8,-58,-14,-59,-12,-57,-18,-52,-18,-50,-20,-48,-21,-45,-26,-43,-25,-45,-28,-39,-36,-40,-30,-37,-40,-40,-39,-39,-38,-43,-40,-41,-47,-42,-44,-40,-48,-45,-50,-46,-46,-48,-43,-52,-38,-46,-43,-50,-41,-46,-36,-49,-34,-46,-35,-46,-37,-43,-37,-46,-38,-39,-41,-41,-42,-43,-44,-39,-41,-49,-42,-45,-36,-49,-36,-49,-35,-46,-34,-51,-25,-54,-25,-48,-24,-53,-16,-55,-14,-49,-14,-47,-7,-48,0,0,0,0,0,0,0,0,0,0,0,0,0,0,0,0,0,0,0,0,0,0,22,9,21,12,19,12,19,16,18,14,17,10,17,13,15,15,17,17,17,17,15,15,17,18,15,18,15,21,14,19,10,21,14,20,8,23,6,20,3,17,5,12,1,15,1,13,2,8,2,2,3,0,3,-2,5,-9,9,-14,10,-15,15,-17,20,-21,24,-22,30,-22,31,-25,37,-28,38,-26,41,-24,45,-29,44,-26,52,-26,53,-27,52,-25,54,-24,56,-26,60,-21,60,-23,65,-26,70,-28,67,-27,70,-26,73,-31,79,-27,72,-18,81,-20,83,-15,77,-16,0,0]",1
CSI_DATA,53205,1a:00:00:00:00:00,-31,11,1,0,1,1,1,0,0,0,1,-97,0,11,2,716500505,0,44,0,384,0,"[0,0,0,0,0,0,0,0,0,0,0,0,-6,12,-5,11,-6,12,-5,11,-6,12,-5,11,-5,10,-5,10,-5,10,-4,10,-4,9,-3,9,-2,9,-1,9,-1,9,0,9,0,9,1,10,1,9,1,10,2,10,2,10,2,11,3,11,3,12,3,11,0,0,2,12,2,12,2,11,2,12,2,11,1,11,1,11,2,10,2,10,2,10,3,10,3,10,3,11,2,10,2,11,2,11,1,12,1,11,0,11,0,11,-1,11,-2,11,-2,11,-3,10,-3,9,-4,8,0,0,0,0,0,0,0,0,0,0,0,0,0,0,71,-34,64,-31,65,-34,61,-32,58,-30,56,-31,55,-34,60,-36,56,-36,55,-32,50,-31,52,-32,46,-36,41,-28,40,-32,37,-32,34,-37,32,-38,31,-36,25,-39,22,-47,23,-46,22,-50,24,-52,22,-54,21,-55,24,-57,23,-61,26,-62,22,-59,25,-58,28,-63,30,-57,25,-59,26,-57,29,-56,24,-52,23,-52,26,-53,21,-52,21,-52,19,-54,21,-56,19,-59,22,-54,22,-53,23,-51,29,-53,33,-54,33,-50,38,-48,36,-43,35,-43,38,-37,40,-36,42,-30,43,-28,0,0,0,0,0,0,0,0,0,0,0,0,0,0,0,0,0,0,0,0,0,0,-8,24,-12,26,-14,19,-14,21,-12,19,-11,15,-14,19,-13,16,-12,17,-12,18,-13,19,-15,18,-14,21,-13,20,-19,20,-18,16,-19,13,-20,13,-20,13,-18,10,-17,8,-13,6,-14,2,-6,4,-2,3,1,1,4,4,7,4,14,4,19,8,21,13,26,13,29,14,28,21,32,26,32,28,32,31,37,33,34,35,36,42,39,46,40,41,37,44,40,46,35,48,45,47,38,51,43,56,43,58,44,58,44,60,46,63,44,68,39,66,44,73,38,72,38,73,0,0]",1
CSI_DATA,53206,1a:00:00:00:00:00,-31,11,1,0,1,1,1,0,0,0,1,-97,0,11,2,716510481,0,44,0,384,0,"[0,0,0,0,0,0,0,0,0,0,0,0,-14,-2,-14,-1,-13,-1,-13,-1,-13,-1,-13,-1,-13,-2,-12,-1,-12,-1,-11,-1,-11,0,-10,0,-10,1,-10,1,-10,2,-9,3,-9,3,-10,4,-9,4,-10,4,-10,5,-10,5,-10,5,-10,6,-11,6,-11,6,0,0,-12,6,-11,6,-11,5,-11,5,-11,5,-11,5,-10,5,-10,5,-10,5,-10,5,-10,6,-10,6,-10,6,-10,6,-11,5,-11,5,-11,5,-11,5,-12,4,-11,3,-12,2,-12,2,-12,1,-11,1,-11,0,-10,-1,0,0,0,0,0,0,0,0,0,0,0,0,0,0,45,60,40,58,40,56,41,56,46,50,42,47,45,46,42,50,42,49,45,46,44,43,40,41,40,42,39,39,39,35,39,32,42,26,42,23,41,23,43,18,45,15,51,15,53,13,52,15,54,12,60,14,57,13,59,11,62,14,63,10,63,13,64,17,63,22,61,13,59,15,57,18,57,17,52,17,55,16,54,10,54,11,55,6,56,12,56,10,57,15,58,12,58,19,60,16,53,17,52,22,53,25,51,27,49,31,45,31,44,28,38,29,33,35,0,0,0,0,0,0,0,0,0,0,0,0,0,0,0,0,0,0,0,0,0,0,-27,-1,-26,-3,-25,-5,-21,-8,-24,-8,-19,-7,-20,-12,-21,-10,-24,-7,-20,-10,-25,-7,-25,-10,-23,-11,-22,-14,-20,-14,-21,-14,-17,-14,-20,-17,-17,-13,-13,-14,-11,-11,-9,-14,-8,-9,-4,-4,-4,-4,-3,1,-4,2,0,9,-3,13,-2,21,-6,21,-9,28,-12,31,-15,33,-17,39,-23,35,-22,41,-25,41,-31,46,-29,46,-35,45,-36,48,-39,46,-38,47,-39,44,-44,47,-46,54,-43,51,-51,55,-51,56,-52,56,-50,58,-59,56,-56,50,-62,53,-64,50,-64,49,0,0]",1
CSI_DATA,53207,1a:00:00:00:00:00,-31,11,1,0,1,1,1,0,0,0,1,-97,0,11,2,716530477,0,44,0,384,0,"[0,0,0,0,0,0,0,0,0,0,0,0,11,-6,11,-6,11,-6,11,-6,11,-6,10,-6,10,-5,10,-5,9,-5,9,-5,8,-6,8,-6,7,-6,6,-6,6,-7,6,-7,5,-8,5,-8,5,-9,5,-9,5,-9,5,-10,5,-10,5,-11,5,-11,6,-11,0,0,6,-11,6,-11,6,-10,6,-10,6,-10,6,-10,6,-9,5,-9,5,-10,5,-10,4,-10,5,-10,5,-10,5,-10,6,-10,6,-10,6,-10,7,-9,7,-9,8,-8,8,-8,8,-7,8,-7,8,-6,8,-5,8,-4,0,0,0,0,0,0,0,0,0,0,0,0,0,0,-69,-39,-62,-34,-60,-33,-62,-30,-64,-29,-63,-30,-61,-24,-66,-26,-61,-22,-61,-25,-57,-25,-55,-22,-53,-19,-51,-18,-53,-16,-52,-10,-48,-10,-48,-7,-49,-5,-49,-2,-53,2,-53,8,-55,11,-56,11,-56,10,-60,13,-56,9,-59,10,-62,12,-60,13,-61,10,-66,12,-59,9,-63,13,-60,11,-63,9,-57,9,-59,11,-55,14,-53,15,-54,12,-55,17,-59,16,-58,17,-60,13,-59,14,-63,13,-58,8,-61,4,-61,5,-62,2,-57,0,-57,-3,-55,-8,-54,-12,-50,-19,-47,-19,0,0,0,0,0,0,0,0,0,0,0,0,0,0,0,0,0,0,0,0,0,0,23,-7,25,-6,20,-5,25,-4,24,-1,19,-1,23,-2,24,0,22,0,21,-1,23,1,24,5,26,0,24,2,27,3,24,4,27,3,21,5,21,8,17,5,11,6,10,7,9,3,7,2,7,0,4,0,-1,-6,-2,-13,-5,-14,-5,-19,-6,-25,-5,-32,-5,-33,1,-37,2,-39,1,-45,4,-43,8,-48,9,-52,11,-53,13,-57,12,-56,16,-61,8,-60,16,-62,17,-68,14,-68,18,-71,20,-69,23,-72,25,-72,24,-74,27,-75,29,-74,33,-79,36,-75,37,-74,0,0]",1
CSI_DATA,53208,1a:00:00:00:00:00,-31,11,1,0,1,1,1,0,0,0,1,-97,0,11,2,716540475,0,44,0,384,0,"[0,0,0,0,0,0,0,0,0,0,0,0,3,12,4,11,4,11,3,12,3,11,3,11,3,10,3,10,3,10,3,9,4,9,4,8,4,7,5,7,5,7,6,6,6,6,7,6,7,5,8,6,8,6,8,6,9,6,9,6,9,6,9,6,0,0,9,7,9,7,9,6,9,6,8,6,8,6,8,6,8,5,8,5,9,5,9,5,9,5,9,5,9,5,9,6,9,6,9,6,9,7,8,7,7,7,7,8,6,8,6,8,5,8,4,8,3,8,0,0,0,0,0,0,0,0,0,0,0,0,0,0,50,-54,51,-54,42,-56,45,-53,40,-53,39,-52,37,-55,39,-54,39,-53,40,-51,33,-53,31,-46,29,-48,28,-47,29,-46,26,-47,18,-49,17,-48,13,-48,8,-48,6,-50,7,-49,1,-55,2,-53,1,-57,-1,-56,5,-59,3,-62,0,-66,-1,-66,2,-64,3,-65,4,-66,3,-63,5,-64,7,-60,3,-58,3,-58,5,-57,1,-57,0,-56,-1,-59,-2,-59,1,-59,3,-62,1,-60,6,-64,5,-62,9,-59,10,-59,12,-59,17,-54,19,-54,22,-52,24,-47,26,-41,27,-39,0,0,0,0,0,0,0,0,0,0,0,0,0,0,0,0,0,0,0,0,0,0,2,24,2,25,0,24,-2,23,-2,24,-8,20,-6,22,-2,19,-6,21,-9,24,-4,22,-7,20,-5,21,-8,23,-7,27,-9,25,-11,20,-9,22,-13,19,-14,16,-13,15,-9,12,-3,6,-2,5,-6,4,2,1,3,1,8,-1,13,-3,18,1,24,-1,31,3,34,2,34,9,41,11,43,13,48,14,48,16,48,22,48,24,52,22,53,24,51,26,53,29,56,29,55,29,55,30,59,33,65,34,66,39,65,41,66,41,66,46,66,48,66,52,62,52,63,53,0,0]",1
CSI_DATA,53209,1a:00:00:00:00:00,-31,11,1,0,1,1,1,0,0,0,1,-97,0,11,2,716550505,0,44,0,384,0,"[0,0,0,0,0,0,0,0,0,0,0,0,-14,1,-13,2,-13,2,-13,2,-13,2,-13,1,-12,1,-12,1,-12,1,-11,2,-11,2,-10,3,-9,3,-9,3,-9,4,-8,4,-8,5,-9,5,-8,6,-8,6,-9,6,-9,7,-9,7,-9,8,-9,8,-9,8,0,0,-10,8,-10,8,-10,7,-10,7,-10,7,-10,6,-9,6,-9,6,-9,7,-9,7,-8,8,-9,7,-9,7,-9,8,-10,7,-10,7,-10,7,-10,6,-11,5,-11,5,-11,4,-11,3,-11,3,-10,2,-11,1,-10,1,0,0,0,0,0,0,0,0,0,0,0,0,0,0,61,44,58,44,61,41,58,40,59,38,57,36,57,31,59,35,54,30,51,29,51,31,50,34,48,30,48,24,45,24,48,19,52,18,47,12,49,10,46,8,51,6,49,0,53,1,56,-1,54,-1,57,-2,57,-2,61,-5,63,-2,65,-3,63,-3,69,0,58,3,62,2,61,4,63,6,59,2,55,4,57,4,53,-1,54,0,58,-6,57,-3,59,-4,63,-3,61,2,61,2,64,5,55,4,59,9,56,12,55,17,54,20,49,26,51,25,44,26,40,26,0,0,0,0,0,0,0,0,0,0,0,0,0,0,0,0,0,0,0,0,0,0,-26,11,-24,7,-22,1,-27,-3,-22,0,-26,1,-24,0,-27,0,-26,5,-22,1,-25,-2,-27,-2,-24,-1,-24,-1,-27,-1,-26,-5,-28,-10,-20,-8,-20,-6,-17,-10,-15,-10,-12,-8,-9,-5,-5,-6,-6,-2,-3,3,-1,4,2,9,2,13,4,20,2,21,1,29,2,31,-4,38,-3,44,-9,42,-5,45,-10,46,-12,50,-13,55,-19,55,-13,55,-21,58,-20,55,-21,57,-21,62,-24,62,-28,64,-30,66,-32,68,-28,73,-32,73,-36,72,-40,67,-44,70,-48,69,-43,68,0,0]",1
CSI_DATA,53210,1a:00:00:00:00:00,-31,11,1,0,1,1,1,0,0,0,1,-97,0,11,2,716570491,0,44,0,384,0,"[0,0,0,0,0,0,0,0,0,0,0,0,10,-7,10,-7,10,-7,10,-7,10,-7,10,-7,10,-7,9,-6,8,-6,8,-6,7,-7,7,-7,6,-7,5,-7,5,-8,5,-8,4,-8,4,-9,4,-10,4,-10,4,-10,4,-10,4,-11,4,-11,4,-12,4,-12,0,0,5,-12,5,-11,5,-11,5,-11,5,-11,5,-10,5,-10,4,-10,4,-10,3,-10,3,-11,3,-11,3,-11,3,-11,4,-11,4,-11,5,-11,5,-10,5,-10,6,-9,7,-9,7,-8,7,-8,7,-7,7,-7,7,-6,0,0,0,0,0,0,0,0,0,0,0,0,0,0,-68,-35,-61,-35,-62,-31,-63,-31,-62,-27,-63,-28,-63,-26,-61,-21,-59,-22,-63,-25,-55,-20,-56,-20,-59,-18,-51,-19,-52,-18,-51,-12,-50,-8,-50,-4,-51,-2,-47,-1,-52,2,-52,11,-55,11,-54,13,-56,13,-57,13,-59,13,-58,13,-63,11,-64,14,-64,12,-68,6,-63,10,-63,8,-63,7,-62,4,-56,8,-56,8,-57,8,-55,11,-53,11,-55,11,-56,13,-57,12,-60,9,-58,13,-59,8,-63,9,-61,2,-59,2,-60,-3,-59,-4,-57,-7,-54,-12,-50,-14,-47,-18,-47,-20,0,0,0,0,0,0,0,0,0,0,0,0,0,0,0,0,0,0,0,0,0,0,24,-10,25,-8,22,-8,22,-8,21,-5,23,-4,22,-3,21,-4,24,-2,20,-4,22,-4,24,-1,23,-3,22,1,24,-1,26,-1,22,-1,21,3,20,4,20,4,13,9,12,4,8,4,6,2,8,-1,2,-3,-2,-3,-7,-10,-6,-14,-5,-20,-6,-23,-7,-30,-9,-32,-6,-36,-4,-41,-1,-42,0,-47,4,-50,7,-56,4,-56,8,-56,8,-56,10,-60,11,-64,12,-65,3,-65,8,-64,14,-70,14,-72,16,-69,21,-75,20,-78,24,-80,26,-73,33,-79,33,-77,33,-72,0,0]",1
CSI_DATA,53211,1a:00:00:00:00:00,-31,11,1,0,1,1,1,0,0,0,1,-97,0,11,2,716580487,0,44,0,384,0,"[0,0,0,0,0,0,0,0,0,0,0,0,8,9,8,9,8,9,8,9,7,9,7,9,7,8,7,8,7,8,7,7,7,6,7,6,7,5,7,4,7,4,8,3,8,3,8,3,9,2,9,3,9,3,10,2,10,2,11,2,11,2,11,2,0,0,11,3,11,3,11,3,11,3,10,3,10,3,10,3,10,3,10,2,10,2,10,2,10,2,10,2,10,2,10,3,10,3,10,3,10,3,10,4,9,5,9,5,8,6,8,6,7,6,7,6,6,6,0,0,0,0,0,0,0,0,0,0,0,0,0,0,12,-72,8,-70,2,-66,4,-66,1,-68,2,-68,3,-65,2,-67,0,-65,-1,-64,2,-64,-3,-61,-5,-60,-3,-55,-5,-55,-7,-50,-11,-51,-15,-47,-20,-51,-20,-48,-22,-47,-27,-45,-30,-49,-29,-47,-33,-48,-34,-50,-33,-51,-37,-51,-34,-55,-40,-54,-33,-56,-36,-60,-30,-57,-32,-57,-31,-53,-28,-59,-31,-51,-25,-52,-29,-47,-29,-47,-30,-45,-37,-47,-33,-47,-35,-52,-36,-48,-32,-48,-33,-51,-30,-53,-28,-54,-26,-53,-25,-56,-16,-54,-16,-52,-12,-55,-6,-52,-4,-49,-2,-49,0,0,0,0,0,0,0,0,0,0,0,0,0,0,0,0,0,0,0,0,0,0,15,16,13,20,15,22,11,19,10,21,9,19,12,19,9,19,7,19,9,21,7,21,7,21,8,21,9,23,6,27,5,21,2,25,5,22,1,26,-1,18,2,19,-2,11,0,9,0,7,-3,2,4,2,2,-4,5,-6,10,-9,14,-12,22,-12,25,-14,27,-16,35,-14,37,-18,43,-16,45,-17,48,-12,51,-12,54,-10,55,-14,55,-10,62,-8,62,-9,60,-12,68,-12,68,-12,67,-13,70,-6,73,-7,73,-6,82,-5,83,-4,80,-2,83,2,83,3,77,7,0,0]",1
CSI_DATA,53212,1a:00:00:00:00:00,-31,11,1,0,1,1,1,0,0,0,1,-97,0,11,2,716590479,0,44,0,384,0,"[0,0,0,0,0,0,0,0,0,0,0,0,-9,9,-9,9,-9,9,-9,9,-9,9,-9,8,-8,8,-8,8,-8,7,-7,8,-7,7,-6,7,-5,7,-5,8,-4,8,-4,8,-3,8,-3,9,-2,9,-2,10,-3,10,-2,10,-2,11,-2,11,-2,11,-2,11,0,0,-3,12,-3,12,-3,11,-3,11,-3,10,-3,10,-3,10,-3,10,-2,10,-2,10,-2,10,-2,10,-2,10,-2,11,-3,11,-3,11,-3,11,-3,10,-4,10,-5,10,-5,10,-6,9,-6,9,-6,8,-7,7,-7,6,0,0,0,0,0,0,0,0,0,0,0,0,0,0,79,7,68,9,72,4,66,5,67,2,71,2,65,-3,71,-3,63,-3,65,-3,63,-1,59,-1,57,-4,52,-3,54,-8,50,-9,50,-15,48,-17,50,-17,40,-21,48,-25,43,-27,47,-34,46,-32,49,-32,50,-36,48,-39,48,-41,53,-38,53,-42,55,-38,61,-39,51,-35,59,-38,52,-35,54,-32,51,-29,48,-28,48,-30,48,-33,45,-32,47,-34,47,-36,48,-37,50,-37,49,-37,56,-34,51,-28,54,-29,55,-28,54,-23,55,-22,56,-16,54,-13,55,-7,51,-6,49,2,0,0,0,0,0,0,0,0,0,0,0,0,0,0,0,0,0,0,0,0,0,0,-18,19,-23,17,-21,13,-20,13,-20,11,-22,9,-22,13,-19,10,-20,12,-22,11,-18,9,-24,10,-22,11,-25,10,-25,9,-23,8,-28,8,-21,2,-21,2,-20,2,-16,0,-13,0,-11,0,-6,-1,-8,1,-2,2,3,4,5,8,9,10,13,15,14,18,15,23,18,26,16,37,15,34,14,42,12,43,14,48,17,51,13,54,13,59,17,56,12,64,9,61,11,62,14,60,9,65,11,74,12,72,9,75,9,79,11,80,5,83,3,81,2,85,-2,84,-2,79,0,0]",1
CSI_DATA,53213,1a:00:00:00:00:00,-31,11,1,0,1,1,1,0,0,0,1,-97,0,11,2,716610508,0,44,0,384,0,"[0,0,0,0,0,0,0,0,0,0,0,0,8,-10,8,-10,8,-10,7,-10,7,-10,7,-10,7,-9,7,-9,6,-9,6,-9,5,-9,4,-9,4,-9,3,-9,3,-9,2,-10,2,-9,1,-10,1,-10,1,-11,1,-11,1,-12,1,-12,1,-12,1,-12,1,-12,0,0,2,-13,2,-13,2,-12,2,-12,2,-12,2,-11,2,-11,1,-11,1,-11,1,-11,0,-11,1,-11,1,-11,1,-12,1,-12,2,-11,2,-12,2,-11,3,-11,4,-11,4,-11,5,-10,5,-10,5,-9,6,-8,6,-7,0,0,0,0,0,0,0,0,0,0,0,0,0,0,-77,5,-70,3,-72,6,-71,8,-65,7,-69,11,-63,11,-67,9,-63,8,-63,13,-62,8,-58,6,-60,10,-56,15,-52,14,-50,14,-49,20,-45,22,-45,23,-43,25,-44,31,-40,34,-42,32,-39,35,-42,34,-44,36,-45,42,-45,44,-50,43,-47,45,-48,46,-55,41,-50,35,-50,40,-49,39,-48,33,-45,35,-48,33,-42,34,-45,36,-41,37,-41,40,-41,38,-44,41,-44,38,-45,41,-48,33,-49,41,-51,33,-51,29,-55,29,-51,21,-57,21,-53,17,-52,12,-51,9,-51,0,0,0,0,0,0,0,0,0,0,0,0,0,0,0,0,0,0,0,0,0,0,0,16,-21,15,-22,16,-22,14,-16,14,-14,18,-14,15,-15,19,-16,17,-17,18,-15,16,-16,19,-15,20,-12,18,-16,21,-13,20,-13,24,-11,22,-12,21,-6,20,-8,13,-3,11,-2,8,1,8,-1,5,-1,-1,-5,-3,-5,-10,-9,-10,-9,-17,-13,-18,-15,-18,-22,-22,-24,-24,-31,-23,-33,-23,-40,-23,-38,-28,-45,-25,-47,-25,-51,-27,-54,-22,-53,-20,-54,-22,-56,-24,-59,-18,-60,-21,-65,-24,-66,-17,-67,-22,-73,-18,-76,-23,-79,-17,-81,-17,-76,-12,-84,-15,-88,-8,-79,0,0]",1
CSI_DATA,53214,1a:00:00:00:00:00,-31,11,1,0,1,1,1,0,0,0,1,-97,0,11,2,716620510,0,44,0,384,0,"[0,0,0,0,0,0,0,0,0,0,0,0,10,8,9,8,10,8,9,8,9,8,9,8,8,7,8,7,8,7,8,6,8,5,8,5,8,4,8,4,8,3,9,3,9,2,9,2,9,1,10,1,10,2,11,1,11,1,12,1,12,1,12,1,0,0,12,2,12,2,11,2,12,2,11,2,11,2,10,2,10,2,10,2,10,1,10,1,11,1,11,1,11,1,11,2,11,2,11,2,11,3,10,3,10,4,10,5,9,5,9,6,8,6,7,6,6,6,0,0,0,0,0,0,0,0,0,0,0,0,0,0,4,-76,-1,-77,1,-74,-3,-70,-6,-69,-5,-67,-8,-69,-6,-70,-8,-67,-6,-65,-6,-60,-7,-58,-8,-59,-11,-55,-10,-51,-13,-52,-18,-52,-22,-47,-23,-50,-28,-46,-30,-42,-34,-41,-37,-44,-35,-44,-38,-47,-40,-44,-42,-47,-43,-50,-42,-50,-46,-51,-46,-53,-43,-55,-41,-51,-38,-53,-36,-53,-36,-54,-33,-50,-34,-49,-36,-48,-36,-45,-35,-42,-38,-42,-40,-47,-42,-46,-45,-48,-39,-47,-39,-50,-35,-53,-32,-49,-27,-52,-27,-56,-20,-53,-21,-56,-15,-55,-14,-52,-10,-50,-5,-50,0,0,0,0,0,0,0,0,0,0,0,0,0,0,0,0,0,0,0,0,0,0,23,13,19,17,12,19,11,17,13,21,13,19,12,17,12,17,12,20,11,19,13,20,14,22,12,21,9,29,14,23,8,24,11,23,7,22,4,19,-2,17,1,17,0,15,1,10,1,6,3,2,2,-1,4,-2,2,-6,10,-12,13,-12,18,-15,23,-15,26,-20,32,-19,35,-25,41,-20,44,-20,47,-21,47,-19,53,-18,55,-19,53,-17,57,-15,65,-15,58,-16,62,-22,65,-19,70,-17,75,-16,76,-19,77,-18,80,-18,81,-14,81,-11,85,-8,84,-1,84,-5,0,0]",1
CSI_DATA,53215,1a:00:00:00:00:00,-31,11,1,0,1,1,1,0,0,0,1,-97,0,11,2,716630475,0,44,0,384,0,"[0,0,0,0,0,0,0,0,0,0,0,0,-6,12,-5,12,-5,12,-5,12,-5,12,-5,11,-5,11,-4,11,-4,10,-4,10,-3,10,-3,9,-2,9,-1,9,-1,9,0,9,1,9,1,10,2,10,2,10,2,10,2,11,2,11,3,11,3,12,3,12,0,0,2,12,2,12,2,12,2,12,2,11,2,11,2,11,2,10,2,10,2,10,3,10,3,10,3,11,3,11,2,11,2,11,2,11,2,11,1,11,0,11,-1,11,-1,11,-2,11,-2,10,-3,9,-4,9,0,0,0,0,0,0,0,0,0,0,0,0,0,0,66,-22,70,-25,62,-24,65,-26,65,-29,60,-24,63,-30,61,-26,61,-28,56,-30,56,-24,55,-25,54,-28,47,-29,44,-27,40,-30,39,-32,35,-33,32,-35,30,-41,27,-43,34,-43,27,-43,29,-46,30,-48,31,-50,33,-53,30,-53,31,-55,30,-56,35,-55,38,-53,38,-54,35,-53,37,-57,34,-46,34,-49,34,-44,32,-42,32,-46,30,-47,29,-49,28,-52,28,-52,29,-47,33,-55,34,-47,37,-50,38,-43,41,-42,43,-40,41,-36,42,-39,45,-31,41,-28,42,-23,45,-16,0,0,0,0,0,0,0,0,0,0,0,0,0,0,0,0,0,0,0,0,0,0,-12,24,-9,20,-16,23,-13,19,-15,23,-12,16,-13,15,-14,16,-14,18,-17,18,-16,19,-18,14,-14,19,-18,18,-15,17,-22,18,-19,15,-21,12,-15,14,-17,5,-13,8,-13,4,-9,0,-8,6,-5,6,-2,3,7,1,7,2,13,6,17,8,20,13,26,16,26,22,27,25,27,28,31,30,32,32,33,37,35,41,34,47,32,45,38,47,37,46,37,53,35,50,37,56,35,58,38,61,39,65,42,65,37,65,42,64,37,70,35,73,36,72,32,76,31,73,0,0]",1
CSI_DATA,53216,1a:00:00:00:00:00,-31,11,1,0,1,1,1,0,0,0,1,-97,0,11,2,716650505,0,44,0,384,0,"[0,0,0,0,0,0,0,0,0,0,0,0,7,-11,6,-11,6,-11,6,-11,6,-11,6,-11,6,-10,5,-10,5,-10,4,-9,4,-10,3,-9,3,-9,2,-9,2,-10,1,-10,1,-10,0,-10,0,-11,0,-11,-1,-11,-1,-12,-1,-12,-1,-12,-1,-13,-1,-13,0,0,0,-13,0,-12,0,-13,0,-12,0,-12,0,-12,0,-11,0,-11,0,-11,-1,-11,-1,-11,-1,-11,-1,-11,-1,-12,0,-12,0,-12,0,-12,0,-12,1,-12,2,-11,2,-11,3,-11,3,-10,4,-10,4,-9,4,-8,0,0,0,0,0,0,0,0,0,0,0,0,0,0,-80,9,-72,5,-72,8,-68,12,-67,16,-66,13,-67,18,-69,18,-67,16,-61,15,-62,16,-59,11,-56,16,-52,16,-51,13,-53,19,-47,19,-42,25,-43,29,-38,27,-38,34,-40,35,-35,42,-38,42,-38,42,-41,49,-42,50,-39,49,-44,50,-45,49,-41,47,-47,49,-47,47,-46,45,-49,46,-47,41,-41,41,-41,43,-38,41,-38,42,-37,43,-38,43,-41,44,-40,48,-42,45,-42,49,-46,45,-40,46,-44,40,-46,40,-45,35,-45,35,-49,30,-52,24,-48,27,-49,19,-50,12,0,0,0,0,0,0,0,0,0,0,0,0,0,0,0,0,0,0,0,0,0,0,14,-20,17,-18,19,-17,19,-16,19,-12,20,-14,16,-14,20,-10,18,-12,18,-14,18,-15,19,-12,21,-11,24,-15,21,-12,24,-11,22,-10,23,-10,21,-6,19,-7,16,-4,13,-2,10,-2,5,-1,5,-3,-1,-2,-1,-5,-8,-10,-12,-11,-13,-18,-18,-19,-20,-23,-25,-26,-24,-32,-24,-38,-22,-44,-22,-42,-23,-44,-27,-51,-23,-53,-24,-53,-22,-55,-22,-58,-20,-60,-24,-58,-23,-65,-20,-67,-24,-67,-20,-72,-24,-73,-21,-75,-21,-78,-23,-81,-17,-84,-19,-85,-18,-83,-12,-82,0,0]",1
CSI_DATA,53217,1a:00:00:00:00:00,-31,11,1,0,1,1,1,0,0,0,1,-97,0,11,2,716660504,0,44,0,384,0,"[0,0,0,0,0,0,0,0,0,0,0,0,11,6,11,5,11,5,11,6,11,5,11,5,10,5,10,5,9,5,9,4,9,3,9,3,9,2,9,1,9,1,9,0,9,0,9,-1,10,-1,10,-1,10,-1,11,-2,11,-2,12,-2,12,-2,12,-2,0,0,12,-1,12,-1,12,-1,12,-1,11,-1,11,-1,11,-1,10,-1,10,-1,10,-2,11,-2,10,-2,11,-2,11,-2,11,-2,11,-1,11,-1,11,0,11,0,11,1,11,2,10,2,10,3,9,3,9,4,8,4,0,0,0,0,0,0,0,0,0,0,0,0,0,0,-20,-75,-14,-72,-18,-66,-21,-67,-24,-66,-22,-63,-23,-65,-22,-67,-21,-67,-23,-59,-23,-56,-25,-54,-24,-55,-25,-48,-23,-48,-28,-44,-29,-45,-29,-38,-33,-40,-36,-37,-36,-34,-42,-34,-46,-34,-44,-32,-47,-35,-52,-38,-55,-37,-54,-36,-57,-40,-57,-38,-50,-42,-55,-45,-49,-39,-51,-42,-46,-44,-47,-44,-47,-41,-45,-39,-46,-37,-49,-33,-43,-32,-48,-34,-47,-34,-49,-35,-50,-35,-48,-40,-45,-39,-49,-42,-42,-42,-41,-42,-38,-49,-35,-48,-32,-47,-28,-52,-22,-50,-20,-50,-16,-48,0,0,0,0,0,0,0,0,0,0,0,0,0,0,0,0,0,0,0,0,0,0,25,10,22,11,21,13,20,12,18,16,19,14,17,15,15,13,16,15,21,14,18,17,16,16,15,16,15,19,15,23,13,19,12,20,12,19,9,16,7,17,6,16,4,13,5,8,5,4,1,1,5,-3,3,-5,5,-9,6,-15,9,-18,12,-19,15,-25,22,-24,24,-28,31,-27,35,-33,37,-30,41,-31,43,-32,48,-33,49,-31,50,-29,53,-30,55,-32,55,-31,57,-35,59,-33,64,-34,69,-37,71,-36,72,-32,72,-33,76,-29,80,-28,78,-33,82,-28,82,-23,0,0]",1
CSI_DATA,53218,1a:00:00:00:00:00,-31,11,1,0,1,1,1,0,0,0,1,-97,0,11,2,716670482,0,44,0,384,0,"[0,0,0,0,0,0,0,0,0,0,0,0,-2,12,-1,12,-1,12,-2,12,-2,11,-2,11,-2,11,-2,10,-1,10,-1,10,0,9,0,9,0,8,1,8,1,8,2,8,3,8,3,8,4,8,4,8,4,9,5,9,5,9,5,9,5,10,5,10,0,0,4,10,5,10,4,10,4,10,4,10,4,9,4,9,4,9,4,9,4,8,5,9,5,9,5,9,5,9,4,9,4,10,4,10,4,10,3,10,2,10,1,10,1,10,0,10,0,9,-1,9,-2,8,0,0,0,0,0,0,0,0,0,0,0,0,0,0,69,-36,62,-39,60,-40,58,-38,57,-38,58,-43,52,-44,55,-45,50,-43,52,-41,50,-34,50,-39,46,-40,42,-37,40,-36,37,-38,30,-40,27,-42,30,-42,21,-45,22,-51,19,-45,19,-53,23,-56,18,-57,18,-55,19,-60,18,-61,17,-66,20,-62,19,-65,26,-63,25,-58,26,-61,24,-58,25,-57,26,-53,25,-51,23,-56,21,-54,17,-52,16,-56,17,-58,17,-58,21,-59,18,-57,24,-55,25,-58,28,-53,31,-52,38,-53,36,-50,38,-50,38,-43,37,-36,40,-35,39,-28,0,0,0,0,0,0,0,0,0,0,0,0,0,0,0,0,0,0,0,0,0,0,-1,26,-10,26,-9,20,-10,21,-9,24,-8,20,-9,20,-11,20,-13,19,-10,23,-10,19,-11,20,-12,20,-10,23,-15,22,-18,18,-16,19,-16,16,-17,16,-15,11,-16,11,-12,6,-6,6,-6,6,-1,0,0,1,7,5,9,1,16,0,18,5,23,7,28,9,31,16,34,16,34,21,35,27,42,28,44,29,45,31,48,34,43,37,43,41,47,41,44,43,48,43,51,44,53,45,47,53,52,53,51,55,52,56,57,59,53,66,49,58,53,67,49,65,42,71,0,0]",1
CSI_DATA,53219,1a:00:00:00:00:00,-31,11,1,0,1,1,1,0,0,0,1,-97,0,11,2,716690500,0,44,0,384,0,"[0,0,0,0,0,0,0,0,0,0,0,0,2,-13,1,-13,1,-13,1,-13,1,-13,1,-12,1,-12,1,-12,1,-11,0,-11,0,-11,-1,-10,-1,-10,-2,-10,-2,-9,-3,-9,-4,-9,-4,-9,-5,-10,-5,-10,-5,-10,-6,-10,-6,-11,-6,-11,-6,-11,-6,-11,0,0,-6,-12,-6,-12,-6,-11,-5,-11,-5,-11,-5,-11,-5,-10,-5,-10,-5,-10,-6,-10,-6,-10,-6,-10,-6,-10,-6,-10,-6,-11,-5,-11,-5,-11,-5,-11,-4,-11,-4,-11,-3,-11,-2,-11,-2,-11,-1,-11,0,-10,0,-10,0,0,0,0,0,0,0,0,0,0,0,0,0,0,-64,42,-57,38,-56,46,-56,43,-51,45,-54,44,-49,45,-54,48,-50,42,-50,44,-49,46,-44,44,-41,39,-37,41,-36,37,-33,43,-30,44,-27,42,-22,48,-19,45,-17,49,-18,46,-15,52,-11,53,-14,54,-14,59,-12,60,-12,64,-14,65,-14,69,-17,63,-17,69,-16,62,-15,62,-18,60,-17,62,-16,58,-15,54,-17,57,-14,56,-10,55,-9,55,-12,57,-9,60,-8,61,-10,58,-16,57,-19,61,-21,56,-20,55,-24,54,-27,52,-31,47,-32,49,-34,43,-36,41,-36,37,0,0,0,0,0,0,0,0,0,0,0,0,0,0,0,0,0,0,0,0,0,0,3,-26,7,-27,8,-28,9,-24,11,-21,8,-20,7,-22,12,-17,10,-20,6,-20,10,-22,9,-18,10,-23,13,-21,16,-23,12,-21,15,-20,16,-21,14,-18,12,-12,12,-11,11,-11,9,-8,7,-5,-2,-4,-3,-4,-6,-5,-10,-2,-16,-5,-20,-5,-26,-6,-28,-11,-33,-11,-36,-17,-39,-21,-37,-24,-40,-25,-49,-30,-43,-34,-47,-33,-46,-34,-47,-39,-50,-39,-51,-41,-50,-44,-54,-39,-55,-43,-57,-47,-55,-51,-58,-55,-57,-55,-58,-56,-57,-59,-53,-61,-57,-63,-52,-70,-53,-68,0,0]",1
CSI_DATA,53220,1a:00:00:00:00:00,-31,11,1,0,1,1,1,0,0,0,1,-97,0,11,2,716700556,0,44,0,384,0,"[0,0,0,0,0,0,0,0,0,0,0,0,12,4,11,4,12,4,11,4,11,4,11,4,10,4,10,3,10,3,9,2,9,2,9,1,9,1,8,0,8,0,9,-1,9,-2,9,-2,9,-3,9,-3,10,-3,10,-3,11,-4,11,-4,11,-4,11,-4,0,0,11,-3,12,-3,11,-3,11,-3,10,-3,11,-2,10,-2,10,-3,10,-3,10,-3,10,-4,10,-4,10,-4,10,-4,11,-3,10,-3,11,-3,10,-2,11,-2,11,-1,11,0,10,0,10,1,9,1,9,2,8,2,0,0,0,0,0,0,0,0,0,0,0,0,0,0,-26,-76,-18,-67,-19,-71,-23,-67,-26,-61,-28,-65,-29,-62,-32,-66,-29,-59,-27,-59,-26,-61,-25,-57,-29,-54,-26,-47,-28,-46,-28,-45,-33,-42,-34,-40,-33,-38,-37,-31,-45,-33,-44,-34,-48,-28,-46,-30,-52,-33,-51,-27,-55,-33,-60,-30,-58,-35,-57,-34,-58,-36,-58,-38,-55,-38,-54,-36,-53,-34,-51,-40,-48,-36,-47,-34,-52,-31,-50,-31,-50,-26,-53,-30,-53,-31,-56,-30,-52,-34,-54,-31,-51,-35,-53,-35,-45,-36,-45,-41,-45,-44,-40,-39,-41,-42,-34,-47,-30,-46,-27,-43,-20,-51,0,0,0,0,0,0,0,0,0,0,0,0,0,0,0,0,0,0,0,0,0,0,22,12,23,14,18,14,20,17,18,16,19,14,17,14,15,17,18,15,16,15,17,14,16,16,16,17,13,20,18,19,18,20,13,20,12,19,9,17,7,13,7,11,6,12,1,7,2,4,5,1,1,-3,3,-8,6,-13,8,-14,9,-19,12,-25,18,-22,22,-25,24,-27,28,-30,34,-32,36,-29,39,-31,44,-34,46,-31,49,-33,48,-32,51,-35,52,-33,54,-34,59,-38,58,-38,63,-37,64,-39,69,-39,69,-35,72,-36,76,-40,75,-33,79,-34,81,-28,79,-33,0,0]",1
CSI_DATA,53221,1a:00:00:00:00:00,-31,11,1,0,1,1,1,0,0,0,1,-97,0,11,2,716710503,0,44,0,384,0,"[0,0,0,0,0,0,0,0,0,0,0,0,-6,12,-5,12,-5,12,-5,12,-5,12,-5,11,-5,10,-5,10,-5,10,-4,10,-3,9,-3,9,-3,9,-2,9,-1,9,0,9,0,9,1,9,1,10,1,10,1,10,2,11,2,11,2,11,2,12,2,12,0,0,1,12,1,12,1,12,1,12,1,11,1,11,1,11,1,10,1,10,1,10,2,10,2,10,1,11,1,11,1,11,1,11,0,11,0,11,-1,11,-2,11,-3,11,-3,11,-4,10,-4,9,-5,9,-5,8,0,0,0,0,0,0,0,0,0,0,0,0,0,0,67,-30,65,-29,57,-29,56,-29,62,-36,59,-32,60,-32,59,-31,60,-36,54,-30,53,-32,47,-27,50,-34,44,-31,40,-32,40,-32,37,-35,30,-36,32,-38,27,-43,27,-45,27,-47,19,-48,28,-51,25,-53,27,-55,24,-57,26,-58,26,-58,28,-60,28,-61,31,-59,29,-57,31,-58,30,-56,30,-54,27,-50,27,-50,26,-53,27,-50,24,-48,25,-53,24,-51,21,-55,25,-56,25,-56,30,-50,30,-54,30,-47,34,-48,37,-49,38,-44,40,-40,43,-39,40,-35,44,-30,42,-24,0,0,0,0,0,0,0,0,0,0,0,0,0,0,0,0,0,0,0,0,0,0,-8,24,-10,22,-10,22,-14,19,-13,19,-13,15,-12,18,-15,18,-14,19,-14,22,-16,18,-14,18,-13,19,-15,21,-18,17,-18,18,-16,16,-17,15,-19,12,-13,8,-17,6,-12,5,-7,5,-5,3,-3,3,2,3,5,4,8,6,13,4,17,7,21,12,23,15,26,18,28,25,31,25,34,29,32,30,33,34,36,38,33,41,39,42,36,41,36,44,37,47,38,53,36,49,42,51,45,56,41,61,41,63,42,65,43,69,38,68,40,67,39,68,37,74,34,72,0,0]",1
CSI_DATA,53222,1a:00:00:00:00:00,-31,11,1,0,1,1,1,0,0,0,1,-97,0,11,2,716730481,0,44,0,384,0,"[0,0,0,0,0,0,0,0,0,0,0,0,3,-13,3,-13,3,-13,3,-13,3,-13,2,-12,2,-12,2,-11,2,-11,1,-11,1,-10,0,-10,0,-10,-1,-10,-1,-9,-2,-10,-3,-9,-3,-10,-3,-10,-4,-10,-4,-11,-4,-11,-4,-11,-5,-11,-5,-12,-5,-12,0,0,-4,-12,-4,-12,-4,-12,-4,-12,-4,-11,-3,-11,-4,-11,-4,-11,-4,-11,-4,-11,-5,-10,-5,-11,-5,-11,-4,-11,-4,-11,-4,-11,-3,-12,-3,-11,-2,-12,-2,-12,-1,-12,0,-11,0,-11,1,-10,2,-10,2,-9,0,0,0,0,0,0,0,0,0,0,0,0,0,0,-62,40,-67,39,-55,38,-56,37,-58,39,-53,37,-52,42,-53,42,-50,44,-49,40,-49,36,-46,37,-44,37,-38,40,-39,36,-35,36,-31,37,-30,38,-26,40,-22,42,-19,46,-22,49,-19,50,-14,52,-17,54,-16,54,-16,61,-16,61,-17,60,-18,61,-19,61,-24,60,-23,62,-20,59,-26,56,-25,55,-19,53,-22,55,-21,56,-18,53,-18,56,-13,56,-19,53,-16,57,-18,55,-22,56,-22,53,-24,57,-22,52,-29,50,-29,49,-35,48,-36,42,-35,41,-40,36,-38,33,-37,29,0,0,0,0,0,0,0,0,0,0,0,0,0,0,0,0,0,0,0,0,0,0,1,-27,5,-23,8,-24,8,-23,5,-20,7,-20,8,-20,9,-21,10,-21,7,-20,11,-19,9,-23,10,-21,11,-22,12,-21,10,-20,14,-18,16,-16,18,-16,11,-14,10,-12,10,-8,5,-7,6,-5,3,-3,-2,-4,-6,-4,-12,-1,-16,-3,-22,-4,-24,-6,-29,-9,-32,-12,-34,-18,-40,-19,-38,-25,-43,-25,-45,-28,-44,-32,-44,-35,-43,-37,-47,-36,-47,-40,-50,-41,-42,-37,-47,-42,-51,-45,-51,-49,-52,-48,-56,-53,-50,-54,-55,-58,-52,-57,-55,-63,-55,-67,-53,-69,-47,-65,0,0]",1
CSI_DATA,53223,1a:00:00:00:00:00,-31,11,1,0,1,1,1,0,0,0,1,-97,0,11,2,716740499,0,44,0,384,0,"[0,0,0,0,0,0,0,0,0,0,0,0,11,3,12,3,11,3,11,3,11,3,11,3,10,3,10,2,10,2,9,2,9,1,9,1,8,0,8,0,9,-1,8,-2,8,-2,8,-2,9,-3,9,-3,9,-3,10,-4,10,-4,10,-4,10,-4,11,-4,0,0,11,-4,11,-3,11,-4,10,-3,10,-3,10,-3,10,-3,9,-3,10,-4,9,-4,9,-4,10,-4,10,-4,10,-4,10,-3,11,-3,10,-3,11,-2,10,-2,10,-1,10,0,10,0,9,1,9,1,9,2,8,3,0,0,0,0,0,0,0,0,0,0,0,0,0,0,-28,-75,-26,-69,-28,-61,-29,-65,-30,-60,-29,-58,-28,-59,-29,-63,-31,-59,-30,-55,-30,-56,-31,-48,-32,-52,-31,-48,-28,-43,-31,-42,-31,-39,-38,-36,-35,-35,-35,-33,-40,-28,-46,-29,-45,-26,-48,-24,-48,-27,-54,-28,-56,-30,-58,-26,-56,-31,-61,-30,-59,-37,-56,-36,-55,-37,-54,-34,-53,-35,-51,-34,-46,-35,-49,-35,-49,-33,-50,-32,-49,-26,-50,-27,-52,-29,-52,-30,-51,-28,-53,-34,-49,-34,-52,-36,-45,-36,-47,-41,-43,-40,-37,-39,-37,-44,-34,-44,-30,-46,-26,-45,-21,-47,0,0,0,0,0,0,0,0,0,0,0,0,0,0,0,0,0,0,0,0,0,0,25,3,21,8,20,12,19,11,20,14,18,9,19,12,21,11,16,12,16,10,17,12,20,11,16,15,14,14,19,16,21,16,15,15,15,16,10,15,12,13,10,12,3,12,4,7,3,5,4,5,3,0,5,-7,4,-9,6,-13,5,-22,8,-24,13,-27,19,-27,22,-32,24,-32,30,-32,32,-35,32,-36,38,-35,40,-39,42,-35,48,-40,46,-40,49,-40,46,-42,46,-42,53,-43,55,-45,62,-43,62,-42,63,-45,70,-46,69,-37,69,-39,75,-41,75,-37,75,-36,0,0]",1
CSI_DATA,53224,1a:00:00:00:00:00,-31,11,1,0,1,1,1,0,0,0,1,-97,0,11,2,716750857,0,44,0,384,0,"[0,0,0,0,0,0,0,0,0,0,0,0,-13,-5,-12,-5,-12,-4,-12,-4,-12,-5,-12,-5,-11,-4,-11,-4,-11,-4,-11,-3,-10,-3,-10,-2,-10,-2,-9,-1,-10,-1,-10,0,-10,0,-10,1,-10,1,-11,2,-11,2,-11,2,-12,2,-12,3,-12,3,-12,3,0,0,-13,2,-13,2,-12,1,-12,1,-12,1,-12,1,-11,1,-11,1,-11,1,-11,2,-11,2,-11,2,-11,2,-11,2,-12,1,-12,1,-12,1,-12,0,-12,0,-12,-1,-12,-2,-11,-2,-11,-3,-10,-3,-10,-4,-9,-4,0,0,0,0,0,0,0,0,0,0,0,0,0,0,30,71,26,69,35,67,33,63,30,63,30,59,33,59,33,61,32,57,30,57,30,54,27,52,29,50,27,47,28,46,32,43,33,42,34,37,35,34,37,30,41,34,45,29,47,29,50,28,49,29,55,28,50,31,55,30,55,32,58,32,58,36,56,36,56,37,56,36,52,34,48,36,50,33,48,32,49,30,50,31,47,28,48,29,52,30,56,28,54,33,52,33,50,36,51,36,48,37,45,36,42,44,40,43,36,44,30,45,27,47,24,46,22,46,0,0,0,0,0,0,0,0,0,0,0,0,0,0,0,0,0,0,0,0,0,0,-26,-7,-26,-8,-22,-10,-21,-10,-19,-13,-21,-9,-20,-8,-21,-9,-20,-11,-21,-11,-20,-13,-21,-11,-21,-16,-19,-17,-17,-16,-19,-16,-17,-14,-19,-18,-15,-17,-12,-14,-9,-13,-9,-11,-7,-11,-4,-4,-4,-4,-6,1,-3,4,-4,10,-6,14,-11,19,-13,24,-15,28,-17,32,-19,32,-26,35,-31,34,-33,36,-37,37,-40,40,-43,40,-44,36,-44,39,-48,40,-50,40,-53,42,-52,45,-54,46,-59,47,-63,45,-58,44,-65,46,-69,46,-70,43,-73,40,-76,42,-77,40,-79,34,0,0]",1
CSI_DATA,53225,1a:00:00:00:00:00,-31,11,1,0,1,1,1,0,0,0,1,-97,0,11,2,716770509,0,44,0,384,0,"[0,0,0,0,0,0,0,0,0,0,0,0,-1,-14,-1,-13,-1,-13,-1,-13,-1,-13,-1,-13,-1,-12,-1,-12,-1,-11,-1,-11,-2,-11,-2,-10,-2,-10,-3,-9,-4,-9,-5,-9,-5,-9,-5,-9,-6,-9,-6,-9,-6,-9,-7,-9,-7,-10,-8,-10,-8,-10,-8,-10,0,0,-7,-11,-7,-11,-7,-10,-7,-10,-7,-10,-7,-10,-6,-10,-6,-9,-7,-9,-7,-9,-7,-9,-7,-9,-7,-9,-7,-9,-7,-10,-7,-10,-7,-10,-6,-10,-6,-11,-5,-11,-4,-11,-4,-11,-3,-11,-2,-10,-1,-10,-1,-10,0,0,0,0,0,0,0,0,0,0,0,0,0,0,-61,46,-57,47,-53,47,-53,46,-48,43,-47,44,-46,45,-49,49,-49,46,-45,45,-45,45,-41,45,-40,43,-35,41,-35,39,-29,40,-26,40,-23,43,-23,43,-20,43,-17,50,-15,47,-12,47,-10,55,-11,56,-9,58,-12,58,-10,62,-9,59,-10,62,-12,64,-15,66,-17,60,-15,62,-14,60,-16,61,-15,56,-15,52,-12,54,-10,57,-9,55,-5,56,-11,57,-6,61,-11,61,-11,59,-12,58,-14,56,-17,56,-20,57,-23,53,-25,48,-26,50,-29,47,-33,42,-32,38,-34,32,0,0,0,0,0,0,0,0,0,0,0,0,0,0,0,0,0,0,0,0,0,0,3,-22,5,-24,6,-23,7,-24,8,-20,7,-21,8,-19,5,-20,8,-20,6,-23,10,-21,9,-20,9,-25,7,-22,11,-23,12,-20,10,-21,12,-17,14,-15,14,-13,9,-11,9,-9,6,-8,4,-5,0,-4,-1,-5,-4,-1,-10,-4,-15,0,-19,-6,-27,-4,-28,-11,-34,-13,-36,-13,-41,-18,-38,-23,-41,-23,-44,-24,-43,-28,-47,-33,-49,-32,-46,-34,-49,-40,-49,-39,-52,-38,-57,-41,-55,-39,-57,-43,-58,-48,-55,-50,-55,-52,-62,-51,-59,-60,-56,-54,-57,-62,-61,-59,-51,-64,0,0]",1
CSI_DATA,53226,1a:00:00:00:00:00,-31,11,1,0,1,1,1,0,0,0,1,-97,0,11,2,716780496,0,44,0,384,0,"[0,0,0,0,0,0,0,0,0,0,0,0,13,-1,13,-1,13,-2,12,-2,12,-2,12,-1,12,-1,11,-1,11,-1,10,-2,10,-2,10,-3,9,-3,8,-4,8,-4,8,-5,8,-5,8,-6,8,-7,8,-7,8,-7,8,-8,9,-8,9,-8,9,-8,9,-8,0,0,10,-8,9,-8,9,-8,9,-8,9,-7,9,-7,9,-7,8,-7,8,-7,8,-7,8,-8,8,-8,8,-8,9,-8,9,-8,9,-7,9,-7,10,-7,10,-6,10,-5,10,-5,10,-4,10,-3,10,-3,10,-2,9,-1,0,0,0,0,0,0,0,0,0,0,0,0,0,0,-54,-47,-52,-45,-58,-44,-54,-43,-56,-39,-54,-39,-55,-38,-55,-38,-55,-35,-57,-36,-53,-35,-51,-35,-52,-31,-47,-28,-47,-27,-49,-20,-47,-21,-48,-18,-48,-14,-47,-11,-53,-6,-51,-7,-52,-1,-56,-3,-58,-3,-60,0,-64,1,-59,-1,-67,-1,-65,-1,-66,-4,-67,-5,-62,-7,-65,-4,-62,-5,-62,-6,-59,-5,-55,-5,-56,-2,-53,-1,-56,2,-58,1,-58,0,-61,1,-60,-4,-61,-1,-61,-2,-64,-6,-59,-10,-59,-6,-56,-13,-57,-18,-52,-18,-54,-21,-47,-24,-44,-26,-39,-30,0,0,0,0,0,0,0,0,0,0,0,0,0,0,0,0,0,0,0,0,0,0,24,-1,24,-2,21,4,25,2,22,2,20,0,18,4,22,4,20,3,19,4,23,3,23,2,20,4,23,6,23,8,20,9,23,10,20,9,18,7,13,10,9,6,9,3,8,6,6,1,4,2,3,-4,1,-7,0,-11,-2,-15,0,-20,0,-25,0,-28,5,-37,8,-36,13,-40,12,-45,16,-45,18,-47,21,-50,19,-54,22,-55,23,-57,26,-58,28,-57,26,-57,26,-55,30,-59,34,-60,36,-62,34,-65,37,-66,40,-66,43,-69,41,-66,48,-67,45,-68,51,-64,0,0]",1
CSI_DATA,53227,1a:00:00:00:00:00,-31,11,1,0,1,1,1,0,0,0,1,-97,0,11,2,716800509,0,44,0,384,0,"[0,0,0,0,0,0,0,0,0,0,0,0,-13,3,-13,3,-12,3,-13,3,-12,3,-12,3,-12,2,-12,2,-11,2,-10,3,-10,3,-9,4,-9,4,-8,4,-8,5,-8,5,-8,6,-7,6,-7,7,-7,7,-7,7,-8,8,-7,8,-7,9,-8,9,-8,9,0,0,-9,9,-8,9,-8,9,-8,8,-8,8,-8,8,-8,8,-7,8,-7,8,-7,8,-6,9,-7,9,-7,9,-7,9,-8,8,-8,9,-8,8,-8,8,-9,7,-9,7,-10,6,-10,6,-10,5,-9,5,-10,4,-9,3,0,0,0,0,0,0,0,0,0,0,0,0,0,0,50,50,47,46,54,47,53,41,52,42,54,43,57,36,58,39,50,36,51,35,49,35,48,33,46,29,44,29,46,31,47,20,46,21,45,16,47,12,45,12,50,10,51,4,56,0,57,1,54,-2,56,-1,60,-4,62,-3,64,-4,65,-2,60,1,69,1,64,2,64,-1,62,4,60,1,61,1,58,2,58,0,55,-3,56,-2,58,-5,60,-4,60,-4,61,-5,60,-2,60,1,58,3,58,5,59,3,57,9,56,12,52,14,52,16,49,24,44,24,41,28,0,0,0,0,0,0,0,0,0,0,0,0,0,0,0,0,0,0,0,0,0,0,-24,1,-25,-8,-24,-8,-25,-10,-24,-7,-23,-9,-20,-6,-21,-5,-18,-7,-19,-9,-20,-8,-22,-8,-23,-9,-21,-10,-23,-10,-22,-11,-22,-15,-19,-11,-17,-10,-13,-15,-11,-9,-10,-9,-8,-6,-6,-4,-5,-3,-6,3,-5,7,-2,10,-1,15,-3,19,-3,23,-8,28,-6,32,-11,34,-15,38,-16,40,-21,44,-22,48,-27,46,-25,52,-26,52,-30,49,-29,54,-32,52,-35,52,-32,57,-35,56,-36,62,-38,61,-39,64,-42,66,-47,65,-49,67,-48,61,-53,62,-53,64,-54,59,0,0]",1
CSI_DATA,53228,1a:00:00:00:00:00,-31,11,1,0,1,1,1,0,0,0,1,-97,0,11,2,716810505,0,44,0,384,0,"[0,0,0,0,0,0,0,0,0,0,0,0,-6,-12,-7,-12,-7,-12,-7,-12,-6,-12,-6,-12,-6,-11,-6,-11,-6,-11,-6,-10,-6,-9,-6,-9,-6,-8,-7,-8,-7,-7,-8,-7,-8,-6,-9,-6,-9,-6,-10,-6,-10,-6,-11,-6,-11,-6,-11,-6,-12,-6,-12,-6,0,0,-12,-7,-11,-6,-11,-6,-11,-7,-11,-6,-11,-6,-10,-6,-10,-6,-10,-5,-10,-5,-11,-5,-11,-5,-11,-5,-11,-5,-11,-6,-11,-6,-11,-6,-11,-7,-10,-7,-10,-8,-9,-8,-9,-9,-8,-9,-7,-9,-6,-9,-5,-9,0,0,0,0,0,0,0,0,0,0,0,0,0,0,-30,72,-29,65,-19,66,-20,62,-16,64,-21,65,-15,64,-17,64,-15,63,-19,59,-13,59,-16,58,-10,56,-8,52,-7,51,-3,51,0,51,1,53,3,47,10,45,14,48,13,47,17,50,21,52,20,52,25,51,23,58,25,58,24,61,27,62,23,61,23,64,20,58,23,61,23,56,22,59,21,56,19,53,20,54,21,52,20,48,22,47,23,50,25,52,27,53,24,55,20,54,23,61,18,56,17,53,9,58,8,56,6,59,3,56,-4,53,-7,49,-10,47,0,0,0,0,0,0,0,0,0,0,0,0,0,0,0,0,0,0,0,0,0,0,-8,-26,-7,-27,-6,-23,-6,-29,-3,-25,-3,-18,-3,-23,-6,-19,-6,-20,-5,-20,-3,-23,-2,-24,-3,-26,-2,-26,-1,-25,3,-25,0,-24,5,-22,5,-21,3,-21,3,-16,4,-13,-1,-9,4,-9,0,-5,-7,-4,-7,1,-10,2,-14,6,-19,7,-24,8,-31,8,-33,6,-40,3,-40,5,-46,4,-47,-2,-51,-1,-55,-4,-56,-5,-58,-6,-58,-5,-63,-11,-62,-8,-65,-10,-63,-4,-69,-6,-70,-12,-74,-8,-75,-12,-75,-16,-80,-16,-81,-14,-80,-22,-82,-25,-81,-26,-81,-24,0,0]",1
CSI_DATA,53229,1a:00:00:00:00:00,-31,11,1,0,1,1,1,0,0,0,1,-97,0,11,2,716820490,0,44,0,384,0,"[0,0,0,0,0,0,0,0,0,0,0,0,9,-9,9,-9,9,-9,9,-9,9,-9,8,-8,8,-8,8,-8,7,-8,7,-8,6,-8,6,-8,5,-8,5,-8,4,-8,3,-9,3,-9,3,-9,2,-10,2,-10,2,-10,2,-11,2,-11,2,-12,2,-12,2,-12,0,0,3,-12,2,-12,2,-12,3,-12,3,-11,2,-11,2,-11,2,-10,2,-11,2,-11,1,-11,2,-11,2,-11,2,-11,2,-11,2,-11,3,-11,3,-11,3,-11,4,-10,5,-10,5,-10,6,-9,5,-8,6,-8,6,-6,0,0,0,0,0,0,0,0,0,0,0,0,0,0,-77,-4,-72,-4,-70,-4,-71,-1,-71,-2,-69,4,-69,4,-70,6,-66,5,-63,2,-62,6,-62,0,-60,6,-56,6,-53,5,-49,11,-50,12,-50,15,-45,19,-46,21,-47,24,-45,29,-44,30,-44,32,-48,36,-47,40,-47,37,-47,40,-52,41,-49,39,-50,40,-52,41,-51,35,-51,42,-53,34,-50,35,-50,29,-47,30,-45,33,-42,34,-45,36,-43,39,-45,37,-46,38,-44,34,-46,38,-53,36,-51,36,-49,35,-50,30,-54,25,-54,23,-55,18,-52,18,-52,10,-50,10,-48,3,0,0,0,0,0,0,0,0,0,0,0,0,0,0,0,0,0,0,0,0,0,0,19,-17,19,-17,22,-13,21,-9,18,-8,19,-9,20,-7,21,-11,19,-7,20,-11,20,-9,22,-8,23,-5,20,-11,21,-10,25,-6,23,-8,19,-4,22,-3,16,-1,16,0,14,-2,10,0,7,-2,2,-1,2,-3,-3,-7,-7,-8,-10,-10,-15,-18,-16,-22,-16,-28,-20,-31,-15,-35,-15,-44,-17,-45,-16,-45,-17,-49,-14,-53,-13,-52,-15,-56,-14,-60,-11,-59,-13,-63,-15,-59,-9,-67,-12,-68,-11,-69,-9,-73,-11,-75,-10,-76,-8,-83,-9,-78,-3,-81,-3,-81,-2,-81,4,-76,0,0]",1
CSI_DATA,53230,1a:00:00:00:00:00,-31,11,1,0,1,1,1,0,0,0,1,-97,0,11,2,716840503,0,44,0,384,0,"[0,0,0,0,0,0,0,0,0,0,0,0,-8,10,-8,9,-8,10,-8,10,-8,10,-7,9,-7,9,-7,8,-6,8,-6,8,-6,8,-5,8,-5,8,-4,8,-3,8,-2,9,-2,8,-2,9,-1,9,-1,9,-1,10,0,10,-1,10,0,11,-1,11,0,11,0,0,-1,11,-1,11,-1,11,-1,11,-1,10,-1,11,-1,10,-1,10,-1,10,-1,10,0,10,0,10,0,10,0,10,-1,11,-1,11,-1,11,-2,10,-2,10,-3,10,-4,10,-4,9,-5,9,-5,8,-6,8,-6,7,0,0,0,0,0,0,0,0,0,0,0,0,0,0,76,-21,70,-16,67,-21,67,-21,64,-23,64,-20,61,-21,61,-23,63,-22,61,-22,59,-24,54,-24,52,-24,49,-24,47,-22,44,-25,40,-28,40,-31,40,-33,33,-36,30,-37,32,-41,30,-43,31,-47,31,-50,31,-50,35,-53,35,-54,37,-56,34,-54,34,-53,38,-56,37,-51,36,-54,36,-52,36,-52,31,-46,32,-49,28,-47,29,-49,29,-47,27,-53,29,-48,30,-51,32,-55,32,-53,34,-51,35,-51,38,-49,35,-43,39,-45,41,-40,39,-37,42,-34,43,-31,42,-25,44,-18,0,0,0,0,0,0,0,0,0,0,0,0,0,0,0,0,0,0,0,0,0,0,-15,18,-17,19,-19,15,-20,16,-16,13,-16,14,-17,13,-18,11,-15,13,-16,12,-19,9,-19,14,-19,12,-18,15,-20,11,-21,9,-18,11,-22,7,-20,7,-18,9,-15,4,-14,1,-11,0,-5,2,-1,2,-2,1,3,7,8,3,14,7,18,11,20,16,21,22,24,23,26,26,29,32,28,36,25,37,27,46,31,46,26,47,27,53,29,52,27,55,26,57,27,58,34,61,31,59,27,60,34,64,31,70,26,72,32,70,28,75,26,74,28,78,26,80,25,79,0,0]",1
CSI_DATA,53231,1a:00:00:00:00:00,-31,11,1,0,1,1,1,0,0,0,1,-97,0,11,2,716850556,0,44,0,384,0,"[0,0,0,0,0,0,0,0,0,0,0,0,-10,-9,-10,-9,-10,-9,-10,-9,-10,-9,-10,-9,-9,-9,-9,-8,-9,-8,-9,-7,-9,-7,-9,-6,-9,-5,-9,-5,-9,-4,-9,-4,-9,-3,-10,-3,-10,-3,-11,-3,-11,-2,-11,-2,-12,-2,-12,-1,-12,-2,-13,-2,0,0,-13,-3,-12,-3,-12,-3,-12,-3,-12,-3,-12,-3,-11,-3,-11,-3,-11,-2,-11,-2,-11,-1,-11,-1,-12,-2,-12,-2,-12,-2,-12,-3,-12,-3,-12,-3,-11,-4,-11,-5,-11,-5,-10,-6,-10,-6,-9,-6,-8,-7,-7,-7,0,0,0,0,0,0,0,0,0,0,0,0,0,0,-10,75,-9,74,-5,73,-7,69,-1,66,-2,70,-2,66,0,68,-1,63,-2,65,-1,62,2,57,-2,56,6,53,5,47,10,52,11,46,18,45,17,45,20,46,24,45,27,47,26,47,30,48,29,46,34,48,35,47,36,49,39,49,39,53,36,54,31,55,34,53,33,54,32,51,29,50,25,54,29,49,28,48,32,47,31,44,32,44,34,46,37,47,34,49,32,47,31,55,32,54,27,54,24,51,23,54,15,54,14,54,9,53,7,52,3,50,-3,49,0,0,0,0,0,0,0,0,0,0,0,0,0,0,0,0,0,0,0,0,0,0,-17,-17,-14,-20,-13,-22,-13,-22,-10,-21,-8,-19,-7,-16,-10,-18,-11,-18,-8,-18,-13,-20,-10,-22,-10,-23,-10,-22,-9,-22,-7,-24,-6,-24,-4,-24,-3,-22,-5,-17,-1,-16,1,-14,-3,-7,-3,-6,-3,-3,-3,2,-8,4,-8,6,-12,7,-18,12,-20,11,-26,15,-32,14,-36,17,-40,16,-44,14,-48,15,-48,15,-53,17,-56,14,-56,11,-60,12,-62,6,-65,9,-62,10,-66,7,-71,10,-74,8,-76,6,-73,5,-80,9,-79,9,-82,2,-79,0,-84,2,-84,0,-80,-5,0,0]",1
CSI_DATA,53232,1a:00:00:00:00:00,-31,11,1,0,1,1,1,0,0,0,1,-97,0,11,2,716870509,0,44,0,384,0,"[0,0,0,0,0,0,0,0,0,0,0,0,12,4,12,3,12,3,12,3,12,3,11,3,11,3,11,3,10,2,10,2,10,2,9,1,9,0,9,0,9,-1,9,-2,9,-2,9,-3,9,-3,9,-3,10,-4,10,-4,10,-4,10,-5,11,-5,11,-5,0,0,11,-5,11,-5,11,-4,11,-4,10,-4,10,-4,10,-4,10,-4,9,-4,10,-5,9,-5,10,-5,10,-5,10,-5,10,-5,10,-5,11,-4,10,-4,11,-3,11,-3,11,-2,10,-1,10,0,10,0,9,1,9,1,0,0,0,0,0,0,0,0,0,0,0,0,0,0,-29,-68,-30,-64,-28,-62,-31,-62,-34,-63,-32,-57,-32,-59,-37,-62,-31,-57,-31,-55,-33,-53,-34,-54,-33,-49,-33,-47,-30,-44,-32,-43,-36,-36,-39,-33,-40,-35,-39,-29,-44,-26,-42,-27,-49,-24,-50,-24,-49,-25,-54,-25,-59,-24,-59,-24,-57,-27,-61,-25,-61,-26,-65,-32,-59,-32,-59,-27,-57,-31,-52,-27,-49,-29,-53,-29,-52,-25,-52,-26,-52,-21,-49,-20,-52,-25,-59,-22,-56,-27,-56,-24,-59,-28,-56,-29,-50,-33,-49,-33,-46,-40,-45,-39,-42,-40,-36,-44,-35,-41,-28,-41,-27,-40,0,0,0,0,0,0,0,0,0,0,0,0,0,0,0,0,0,0,0,0,0,0,20,8,22,9,15,13,18,13,17,12,17,12,18,14,16,12,18,11,14,11,17,11,22,14,18,13,17,14,20,16,19,13,15,17,14,18,13,13,7,11,6,12,4,9,3,8,4,2,2,2,5,-2,4,-3,0,-12,7,-17,6,-23,7,-27,15,-29,18,-26,24,-34,29,-34,29,-34,30,-36,36,-39,38,-39,40,-39,43,-41,48,-40,48,-39,48,-38,45,-42,57,-37,55,-44,53,-43,57,-46,60,-43,60,-45,67,-47,69,-46,70,-41,69,-42,73,-45,70,-36,0,0]",1
CSI_DATA,53233,1a:00:00:00:00:00,-31,11,1,0,1,1,1,0,0,0,1,-97,0,11,2,716880499,0,44,0,384,0,"[0,0,0,0,0,0,0,0,0,0,0,0,-2,12,-1,12,-1,12,-2,12,-2,12,-2,12,-2,11,-1,11,-2,10,-1,10,-1,10,0,9,0,9,1,9,1,9,2,8,3,8,3,8,4,9,4,9,4,9,4,9,5,9,5,10,5,10,6,10,0,0,5,11,4,10,5,10,4,10,4,10,4,10,4,9,4,9,4,9,5,9,5,9,5,9,5,10,5,10,4,10,4,10,4,10,3,10,3,10,2,10,1,11,0,10,0,10,-1,10,-1,9,-2,9,0,0,0,0,0,0,0,0,0,0,0,0,0,0,66,-36,61,-35,59,-35,57,-36,57,-35,55,-35,57,-40,56,-39,53,-39,51,-36,49,-38,47,-33,48,-36,43,-33,39,-32,37,-38,36,-43,31,-38,29,-39,25,-44,24,-45,24,-48,19,-49,23,-52,22,-50,27,-53,24,-57,23,-58,25,-60,24,-60,25,-61,27,-59,30,-57,27,-55,27,-56,26,-53,25,-55,26,-52,23,-52,22,-54,22,-51,20,-57,21,-54,21,-52,24,-53,25,-54,29,-52,32,-56,28,-49,32,-49,35,-51,36,-43,45,-42,44,-38,41,-35,40,-31,40,-27,0,0,0,0,0,0,0,0,0,0,0,0,0,0,0,0,0,0,0,0,0,0,0,30,-10,22,-8,23,-9,18,-10,11,-11,17,-6,19,2,14,-14,17,-10,19,-7,14,-7,16,-11,18,-13,11,-13,24,-13,16,-20,19,-19,20,-15,18,-15,9,-19,10,-6,9,-11,5,-4,7,-2,3,2,2,1,-2,11,3,16,3,20,7,24,6,29,11,31,11,34,18,34,23,37,27,41,30,41,31,40,36,45,36,42,40,46,39,44,42,43,42,44,44,47,45,47,48,45,54,52,54,47,57,50,57,49,61,50,62,48,66,48,68,43,70,41,69,0,0]",1
CSI_DATA,53234,1a:00:00:00:00:00,-31,11,1,0,1,1,1,0,0,0,1,-97,0,11,2,716890477,0,44,0,384,0,"[0,0,0,0,0,0,0,0,0,0,0,0,-14,2,-13,2,-13,2,-13,2,-13,2,-12,2,-12,2,-12,2,-11,2,-11,2,-10,2,-10,3,-9,3,-9,4,-9,4,-8,5,-8,5,-8,6,-8,6,-8,7,-8,7,-8,8,-8,8,-8,8,-9,8,-8,8,0,0,-9,8,-9,8,-9,8,-9,8,-9,7,-9,7,-8,7,-8,7,-8,8,-8,8,-8,8,-8,8,-8,8,-8,8,-8,8,-9,8,-9,8,-9,7,-9,7,-10,6,-10,5,-10,5,-10,4,-10,3,-10,2,-10,2,0,0,0,0,0,0,0,0,0,0,0,0,0,0,58,44,56,40,55,40,58,37,59,33,57,36,57,36,61,38,56,32,54,32,54,30,52,29,56,26,49,23,46,22,50,19,45,15,49,12,48,6,50,7,51,1,49,-1,51,-4,53,-6,54,-5,60,-6,56,-8,63,-9,61,-8,61,-11,68,-8,70,-5,63,-1,66,-7,61,-5,61,-1,55,-4,56,-2,55,-2,58,-7,54,-8,52,-10,57,-9,58,-9,59,-10,59,-8,61,-5,59,-2,58,-1,56,1,59,8,56,8,56,13,53,15,53,17,46,20,44,27,0,0,0,0,0,0,0,0,0,0,0,0,0,0,0,0,0,0,0,0,0,0,-23,2,-28,-3,-22,-3,-21,-4,-24,-4,-19,-4,-23,-4,-20,-6,-22,-3,-20,-2,-24,-5,-21,-5,-24,-2,-22,-5,-25,-8,-24,-5,-24,-6,-21,-8,-19,-11,-15,-7,-14,-6,-9,-6,-10,-6,-6,-1,-5,-4,-3,1,-3,10,-1,9,2,16,1,18,2,24,-1,30,-3,33,-7,38,-5,41,-13,44,-12,44,-14,46,-20,53,-21,56,-22,59,-22,52,-24,54,-24,58,-25,56,-28,61,-28,61,-32,64,-33,67,-31,64,-37,69,-37,74,-42,76,-41,68,-40,72,-46,69,-44,63,0,0]",1
CSI_DATA,53235,1a:00:00:00:00:00,-31,11,1,0,1,1,1,0,0,0,1,-97,0,11,2,716920483,0,44,0,384,0,"[0,0,0,0,0,0,0,0,0,0,0,0,9,9,9,8,9,8,9,8,8,8,8,8,8,8,8,7,8,7,7,6,8,6,7,5,7,5,8,4,8,4,8,2,8,2,9,2,9,2,10,1,10,2,10,1,11,1,11,1,11,1,11,1,0,0,12,2,11,2,11,2,11,2,11,2,11,2,10,2,10,2,10,1,10,1,10,1,10,1,11,1,11,1,11,1,11,2,11,2,11,2,10,3,10,4,10,4,9,5,9,5,8,5,7,6,6,6,0,0,0,0,0,0,0,0,0,0,0,0,0,0,-8,-74,-9,-73,-10,-71,-11,-70,-14,-69,-13,-68,-9,-66,-13,-71,-13,-68,-13,-66,-14,-62,-16,-61,-15,-57,-17,-55,-14,-51,-17,-51,-20,-49,-21,-45,-26,-42,-28,-41,-32,-40,-35,-40,-39,-39,-43,-38,-40,-38,-41,-42,-44,-44,-46,-43,-48,-42,-48,-46,-48,-47,-46,-49,-42,-48,-44,-48,-39,-46,-41,-48,-40,-43,-43,-45,-39,-42,-40,-40,-37,-40,-42,-37,-46,-42,-45,-41,-45,-40,-43,-43,-41,-44,-39,-50,-37,-48,-35,-46,-34,-52,-29,-48,-23,-52,-21,-52,-16,-51,-12,-50,-10,-50,0,0,0,0,0,0,0,0,0,0,0,0,0,0,0,0,0,0,0,0,0,0,21,13,18,18,17,16,15,19,14,16,15,16,16,19,11,17,14,18,11,16,14,16,12,18,12,18,14,21,11,21,9,20,11,21,8,23,6,18,2,19,3,16,0,12,0,12,0,8,1,3,2,-2,5,-6,6,-10,8,-11,13,-14,16,-20,23,-21,26,-23,32,-22,35,-25,39,-27,43,-22,45,-25,50,-22,53,-23,56,-23,54,-21,57,-20,59,-22,59,-23,58,-23,64,-28,66,-28,68,-21,71,-21,72,-20,76,-24,80,-19,76,-20,82,-19,82,-14,81,-10,0,0]",1
CSI_DATA,53236,1a:00:00:00:00:00,-31,11,1,0,1,1,1,0,0,0,1,-97,0,11,2,716930490,0,44,0,384,0,"[0,0,0,0,0,0,0,0,0,0,0,0,-5,11,-5,11,-4,11,-5,11,-4,11,-4,11,-4,10,-4,10,-4,9,-3,9,-3,9,-2,9,-2,9,-1,9,-1,9,0,8,0,8,1,9,1,9,2,9,2,9,2,10,2,10,3,10,3,11,3,11,0,0,2,11,2,11,2,11,2,11,1,11,1,10,1,10,2,9,2,10,2,9,2,10,2,10,2,10,2,10,2,10,2,11,1,11,1,10,0,10,-1,10,-1,10,-2,10,-2,10,-3,9,-4,9,-4,8,0,0,0,0,0,0,0,0,0,0,0,0,0,0,76,-20,69,-15,69,-18,67,-17,65,-17,67,-18,63,-20,65,-21,62,-23,61,-18,58,-19,54,-21,57,-20,48,-18,52,-24,48,-25,44,-26,39,-28,45,-31,36,-31,37,-36,34,-36,31,-39,35,-40,34,-43,35,-50,37,-48,35,-51,40,-53,41,-51,37,-50,44,-52,42,-46,40,-49,38,-46,42,-42,38,-44,36,-44,36,-44,35,-47,34,-44,31,-44,36,-45,33,-51,37,-49,36,-45,39,-46,42,-48,41,-43,43,-38,47,-37,46,-34,49,-30,51,-26,50,-19,49,-17,47,-14,0,0,0,0,0,0,0,0,0,0,0,0,0,0,0,0,0,0,0,0,0,0,-15,20,-17,21,-15,18,-19,16,-15,16,-14,15,-17,16,-17,15,-15,16,-15,15,-14,14,-17,15,-17,16,-18,17,-19,17,-18,14,-20,13,-20,11,-20,12,-17,7,-14,6,-10,6,-10,4,-6,1,0,3,-1,-1,4,6,7,5,11,5,17,10,21,15,24,19,27,23,27,28,27,32,27,35,25,36,29,42,26,46,26,48,32,52,27,50,26,53,27,55,30,52,32,56,32,59,29,65,31,68,28,69,30,70,31,74,28,78,24,73,25,77,23,81,19,76,0,0]",1
CSI_DATA,53237,1a:00:00:00:00:00,-31,11,1,0,1,1,1,0,0,0,1,-97,0,11,2,716950479,0,44,0,384,0,"[0,0,0,0,0,0,0,0,0,0,0,0,-2,-14,-2,-13,-3,-13,-2,-13,-2,-13,-2,-13,-2,-12,-2,-12,-2,-12,-2,-11,-3,-11,-3,-10,-3,-10,-4,-9,-4,-9,-5,-9,-5,-8,-6,-9,-6,-8,-7,-8,-7,-9,-8,-9,-8,-9,-8,-9,-9,-9,-9,-9,0,0,-8,-10,-8,-10,-8,-10,-8,-10,-7,-10,-7,-10,-7,-9,-7,-9,-7,-9,-7,-9,-8,-8,-8,-9,-8,-9,-8,-9,-8,-10,-7,-10,-7,-10,-7,-10,-6,-10,-5,-11,-5,-11,-4,-11,-3,-11,-3,-11,-2,-10,-1,-10,0,0,0,0,0,0,0,0,0,0,0,0,0,0,-55,53,-53,49,-47,51,-50,49,-43,50,-46,52,-45,54,-45,48,-41,54,-44,47,-37,49,-40,47,-37,48,-32,45,-29,44,-29,42,-27,44,-20,45,-19,44,-17,48,-11,48,-8,48,-9,53,-8,57,-8,55,-8,57,-4,63,-2,62,-6,64,-3,63,-7,66,-10,67,-11,64,-6,63,-10,64,-13,61,-13,56,-8,56,-7,57,-6,56,-6,56,-5,56,-5,58,-2,59,-3,62,-8,60,-10,60,-14,63,-14,58,-20,56,-18,57,-21,54,-24,51,-25,49,-29,47,-28,40,-31,37,0,0,0,0,0,0,0,0,0,0,0,0,0,0,0,0,0,0,0,0,0,0,-1,-22,2,-24,7,-25,5,-23,5,-20,1,-23,6,-21,4,-20,3,-20,1,-21,6,-20,7,-20,4,-24,10,-23,7,-26,8,-22,11,-21,10,-22,13,-17,12,-16,11,-13,5,-11,4,-6,4,-6,-2,-5,-1,-3,-10,-5,-10,2,-14,-1,-19,-1,-25,-5,-30,-3,-34,-5,-39,-12,-40,-13,-41,-16,-44,-19,-45,-23,-50,-25,-51,-27,-52,-29,-51,-30,-55,-33,-54,-31,-55,-36,-58,-33,-57,-36,-57,-37,-61,-41,-63,-44,-64,-42,-67,-44,-63,-49,-63,-51,-66,-55,-62,-55,-62,-57,0,0]",1
CSI_DATA,53238,1a:00:00:00:00:00,-31,11,1,0,1,1,1,0,0,0,1,-97,0,11,2,716960499,0,44,0,384,0,"[0,0,0,0,0,0,0,0,0,0,0,0,12,-5,12,-5,12,-5,12,-5,11,-5,11,-5,11,-4,10,-4,10,-4,9,-5,9,-5,8,-5,8,-5,7,-6,7,-6,6,-7,6,-7,6,-8,6,-8,6,-9,6,-9,6,-9,6,-9,6,-10,6,-11,6,-11,0,0,7,-10,7,-10,7,-10,7,-10,7,-10,6,-9,6,-9,6,-9,6,-9,5,-9,5,-10,5,-10,5,-10,6,-10,6,-10,7,-10,7,-10,7,-10,7,-9,7,-8,8,-8,9,-7,8,-6,8,-6,9,-5,8,-4,0,0,0,0,0,0,0,0,0,0,0,0,0,0,-59,-44,-59,-39,-59,-36,-62,-39,-61,-35,-62,-33,-59,-34,-59,-33,-62,-31,-53,-30,-56,-31,-54,-29,-52,-27,-50,-24,-50,-22,-51,-18,-49,-18,-52,-10,-51,-12,-51,-6,-53,-2,-54,-2,-54,4,-56,2,-58,1,-63,6,-59,6,-61,8,-64,6,-65,10,-65,5,-66,-1,-65,4,-66,0,-62,4,-64,0,-60,0,-58,1,-55,-1,-57,5,-56,3,-56,8,-58,7,-62,9,-60,5,-61,9,-60,5,-65,1,-59,-2,-61,-6,-61,-9,-54,-12,-54,-15,-53,-20,-50,-21,-46,-22,-43,-25,0,0,0,0,0,0,0,0,0,0,0,0,0,0,0,0,0,0,0,0,0,0,24,-9,23,-4,25,-2,23,3,22,1,19,3,19,2,21,0,21,1,20,0,23,-1,26,2,22,2,25,0,25,3,24,3,26,4,22,6,17,8,17,7,14,7,10,3,7,4,4,4,4,1,0,-4,0,-5,-3,-13,-3,-18,-5,-22,-7,-26,-2,-29,-3,-36,5,-40,2,-41,6,-47,10,-48,13,-51,17,-51,15,-53,14,-57,15,-58,20,-56,19,-58,23,-59,23,-60,26,-65,25,-67,27,-69,30,-71,31,-74,31,-78,35,-73,39,-72,36,-74,41,-71,47,-69,0,0]",1
CSI_DATA,53239,1a:00:00:00:00:00,-31,11,1,0,1,1,1,0,0,0,1,-97,0,11,2,716970501,0,44,0,384,0,"[0,0,0,0,0,0,0,0,0,0,0,0,7,10,7,10,7,10,7,10,7,10,6,9,6,9,6,9,6,8,6,8,6,7,7,6,6,6,7,5,7,5,8,4,8,4,8,4,9,3,9,3,9,3,10,3,10,3,11,3,11,3,11,3,0,0,11,4,11,4,11,4,11,4,10,4,10,4,10,4,9,3,10,3,10,3,10,2,10,3,10,3,10,3,10,3,10,4,10,4,10,4,10,5,9,5,9,6,8,7,8,7,7,7,6,7,5,7,0,0,0,0,0,0,0,0,0,0,0,0,0,0,21,-72,20,-71,18,-70,17,-67,10,-70,13,-70,11,-68,9,-70,10,-68,8,-68,8,-67,11,-61,3,-61,6,-54,3,-56,-4,-56,-5,-50,-10,-51,-9,-52,-14,-50,-22,-51,-21,-49,-26,-48,-25,-52,-25,-54,-29,-57,-30,-56,-32,-53,-31,-55,-36,-58,-31,-60,-26,-64,-26,-62,-29,-60,-23,-59,-27,-58,-19,-55,-22,-55,-28,-54,-27,-52,-29,-49,-28,-52,-31,-53,-34,-53,-31,-57,-28,-52,-28,-59,-26,-55,-22,-58,-22,-56,-15,-60,-12,-59,-9,-58,-5,-58,-5,-54,0,-52,8,-52,0,0,0,0,0,0,0,0,0,0,0,0,0,0,0,0,0,0,0,0,0,0,13,22,9,21,7,22,6,23,7,23,3,21,4,19,5,22,5,22,10,21,4,20,5,21,8,24,3,27,2,26,4,24,0,27,-3,23,-4,24,-7,18,-3,16,-5,12,-3,8,-4,9,2,5,-1,1,3,-3,11,-4,17,-6,20,-11,23,-12,28,-10,34,-11,37,-7,43,-11,45,-9,49,-6,53,-5,51,-7,58,-3,62,0,58,-3,63,-3,64,2,62,-1,60,-1,66,-1,72,3,73,1,76,3,78,7,80,7,85,9,76,9,80,10,86,16,80,15,0,0]",1
CSI_DATA,53240,1a:00:00:00:00:00,-31,11,1,0,1,1,1,0,0,0,1,-97,0,11,2,716990482,0,44,0,384,0,"[0,0,0,0,0,0,0,0,0,0,0,0,-12,-7,-12,-7,-12,-7,-12,-7,-12,-7,-11,-7,-11,-7,-11,-6,-11,-6,-10,-5,-10,-5,-10,-4,-10,-4,-10,-3,-10,-2,-10,-2,-10,-1,-11,-1,-10,0,-11,0,-11,0,-12,0,-12,1,-12,1,-13,1,-13,1,0,0,-13,0,-13,0,-13,0,-13,0,-12,0,-12,0,-12,0,-11,0,-11,0,-12,1,-12,1,-12,1,-12,1,-12,1,-13,0,-12,0,-13,-1,-12,-1,-12,-1,-12,-2,-12,-3,-12,-4,-11,-4,-10,-4,-10,-5,-9,-5,0,0,0,0,0,0,0,0,0,0,0,0,0,0,16,74,12,71,18,68,16,67,21,67,19,62,21,62,19,63,18,62,18,57,16,58,19,57,19,55,21,52,21,47,26,44,28,49,28,42,28,40,33,37,40,33,34,35,38,35,39,33,39,35,47,35,48,33,51,36,49,38,53,37,51,40,52,43,47,42,45,38,46,42,40,40,40,38,42,38,41,33,44,34,44,36,45,30,47,37,51,34,48,37,48,38,48,37,46,44,43,43,39,41,37,50,32,47,32,48,22,54,24,47,17,47,11,44,0,0,0,0,0,0,0,0,0,0,0,0,0,0,0,0,0,0,0,0,0,0,-25,-13,-23,-17,-19,-19,-19,-16,-17,-17,-16,-17,-15,-17,-17,-18,-17,-17,-12,-16,-17,-19,-15,-19,-17,-19,-18,-21,-15,-20,-15,-21,-14,-21,-13,-21,-11,-24,-3,-19,-7,-15,-5,-15,-2,-11,-6,-8,-4,-6,-1,-1,-7,5,-8,9,-7,14,-11,13,-18,22,-20,22,-27,25,-32,26,-32,25,-36,26,-43,24,-44,28,-47,29,-51,29,-52,25,-54,28,-56,24,-58,28,-57,26,-54,28,-59,26,-65,31,-67,26,-69,27,-71,31,-74,31,-78,24,-72,27,-78,28,-79,23,-79,15,0,0]",1
CSI_DATA,53241,1a:00:00:00:00:00,-31,11,1,0,1,1,1,0,0,0,1,-97,0,11,2,717000498,0,44,0,384,0,"[0,0,0,0,0,0,0,0,0,0,0,0,4,-12,4,-12,4,-12,4,-12,4,-12,4,-12,4,-11,4,-11,4,-10,3,-10,2,-10,2,-10,1,-10,1,-9,0,-9,-1,-9,-1,-9,-1,-10,-2,-10,-2,-10,-2,-10,-3,-11,-3,-11,-3,-12,-3,-12,-3,-12,0,0,-3,-12,-3,-12,-2,-12,-2,-12,-2,-12,-2,-11,-2,-11,-2,-11,-3,-10,-3,-10,-3,-11,-3,-11,-3,-11,-3,-11,-3,-12,-2,-12,-2,-12,-2,-12,-1,-12,0,-11,1,-11,1,-11,2,-11,2,-10,3,-9,3,-9,0,0,0,0,0,0,0,0,0,0,0,0,0,0,-70,35,-62,30,-64,33,-60,34,-57,30,-61,35,-56,34,-61,33,-56,33,-57,33,-52,30,-52,32,-48,32,-43,29,-44,29,-40,30,-37,35,-34,35,-34,37,-30,35,-28,43,-25,43,-28,48,-26,50,-24,50,-25,55,-28,53,-25,56,-28,59,-29,59,-25,58,-34,58,-30,54,-30,55,-31,54,-32,52,-31,51,-29,54,-24,49,-27,50,-22,46,-27,51,-26,52,-23,53,-28,57,-27,54,-31,49,-32,49,-34,50,-36,49,-42,48,-37,41,-42,37,-43,35,-41,30,-44,27,-46,23,0,0,0,0,0,0,0,0,0,0,0,0,0,0,0,0,0,0,0,0,0,0,9,-25,8,-22,11,-22,12,-19,8,-19,13,-21,11,-23,11,-18,11,-20,8,-21,13,-21,12,-21,12,-21,12,-22,16,-22,16,-17,15,-17,17,-12,16,-10,17,-13,15,-8,14,-7,7,-4,4,-3,-1,-2,-3,-4,-5,-6,-11,-5,-14,-6,-22,-8,-23,-12,-26,-17,-31,-16,-34,-23,-32,-24,-36,-29,-34,-33,-35,-38,-35,-41,-40,-43,-41,-44,-36,-44,-39,-49,-38,-44,-40,-49,-41,-52,-40,-53,-41,-56,-43,-56,-39,-58,-45,-61,-49,-64,-46,-73,-40,-64,-44,-68,-41,-75,-39,-70,0,0]",1
CSI_DATA,53242,1a:00:00:00:00:00,-31,11,1,0,1,1,1,0,0,0,1,-97,0,11,2,717020494,0,44,0,384,0,"[0,0,0,0,0,0,0,0,0,0,0,0,-2,13,-2,12,-1,12,-2,12,-2,12,-2,12,-1,11,-1,11,-1,10,-1,10,0,10,0,9,1,9,1,9,2,8,3,8,3,8,4,8,4,8,4,9,5,9,5,9,5,9,6,9,6,10,6,10,0,0,5,10,5,10,5,10,5,10,5,9,5,9,5,9,5,9,5,8,5,8,6,8,6,9,6,9,6,9,6,9,5,9,5,10,5,10,4,10,3,10,3,11,2,10,2,10,1,10,0,10,-1,9,0,0,0,0,0,0,0,0,0,0,0,0,0,0,58,-45,56,-46,54,-46,54,-46,48,-45,47,-47,46,-45,51,-49,46,-49,47,-42,46,-41,43,-43,42,-43,34,-42,36,-41,29,-43,30,-45,27,-41,22,-47,17,-42,12,-51,13,-51,8,-52,9,-51,11,-54,12,-60,7,-58,7,-61,7,-63,7,-65,13,-66,14,-71,16,-60,13,-65,16,-61,16,-61,14,-57,10,-56,11,-57,7,-57,9,-52,5,-58,11,-58,5,-59,10,-64,7,-58,17,-63,14,-58,17,-59,16,-56,19,-57,27,-51,27,-55,27,-46,29,-42,34,-42,34,-39,0,0,0,0,0,0,0,0,0,0,0,0,0,0,0,0,0,0,0,0,0,0,-4,25,-6,24,-8,25,-12,24,-9,22,-13,15,-10,19,-10,18,-11,21,-11,19,-15,19,-11,18,-10,24,-11,23,-18,19,-14,18,-16,15,-21,15,-18,16,-12,11,-14,10,-10,7,-9,6,-4,4,-4,7,-1,3,3,5,10,3,15,2,19,2,22,8,28,10,33,9,32,18,37,17,40,22,38,23,43,27,42,31,45,34,44,34,46,36,43,39,45,36,47,40,52,39,53,41,51,47,53,49,52,48,54,51,55,56,56,59,51,56,54,63,55,61,47,64,0,0]",1
CSI_DATA,53243,1a:00:00:00:00:00,-31,11,1,0,1,1,1,0,0,0,1,-97,0,11,2,717030483,0,44,0,384,0,"[0,0,0,0,0,0,0,0,0,0,0,0,-14,0,-13,0,-14,1,-13,0,-13,0,-13,0,-13,0,-12,1,-12,0,-11,1,-11,1,-11,1,-10,2,-10,2,-9,3,-9,4,-9,4,-9,5,-9,5,-9,6,-9,6,-9,7,-10,7,-10,7,-10,7,-10,7,0,0,-10,7,-10,7,-10,7,-10,7,-10,7,-10,6,-9,6,-9,6,-9,7,-9,7,-9,7,-9,7,-9,7,-9,7,-10,7,-10,7,-11,7,-10,6,-11,6,-11,5,-11,4,-11,4,-12,3,-11,2,-11,1,-10,0,0,0,0,0,0,0,0,0,0,0,0,0,0,0,59,52,51,44,57,47,52,44,54,42,51,43,58,37,55,43,52,40,50,40,49,37,49,37,48,32,47,31,45,27,46,25,46,18,47,16,49,14,49,9,53,8,48,8,54,3,53,4,54,2,58,2,57,2,66,-2,64,-2,68,-2,62,-2,65,5,64,2,64,3,59,4,59,5,58,2,54,4,58,2,55,-1,58,1,59,-3,58,-1,57,-8,62,-3,60,-1,59,2,63,3,57,7,59,8,58,13,57,16,55,22,50,27,47,21,45,25,40,29,0,0,0,0,0,0,0,0,0,0,0,0,0,0,0,0,0,0,0,0,0,0,-24,-1,-27,-2,-25,-5,-23,-6,-19,-8,-25,-3,-22,-6,-21,-4,-23,-6,-22,-9,-24,-7,-23,-9,-21,-7,-25,-8,-23,-7,-21,-11,-25,-13,-18,-13,-19,-14,-14,-12,-13,-12,-7,-11,-5,-9,-7,-7,-9,-4,-3,2,-2,6,-1,11,1,14,-1,21,-1,21,-6,29,-7,32,-10,33,-13,43,-13,41,-22,47,-22,45,-24,44,-26,49,-26,51,-29,48,-31,50,-35,54,-31,54,-35,52,-32,58,-37,61,-39,60,-42,62,-42,59,-43,65,-46,63,-46,64,-48,66,-57,62,-49,58,0,0]",1
CSI_DATA,53244,1a:00:00:00:00:00,-31,11,1,0,1,1,1,0,0,0,1,-97,0,11,2,717040488,0,44,0,384,0,"[0,0,0,0,0,0,0,0,0,0,0,0,-2,-14,-2,-13,-2,-13,-2,-13,-2,-13,-2,-13,-1,-12,-1,-12,-2,-11,-2,-11,-2,-11,-3,-10,-3,-10,-4,-9,-4,-9,-5,-9,-5,-8,-6,-8,-6,-8,-7,-9,-7,-9,-7,-9,-8,-9,-8,-9,-8,-9,-9,-10,0,0,-8,-10,-8,-10,-8,-10,-8,-10,-8,-10,-7,-9,-7,-9,-7,-9,-8,-8,-8,-9,-8,-8,-8,-8,-8,-9,-8,-9,-8,-9,-8,-10,-8,-10,-7,-10,-7,-10,-6,-10,-5,-11,-4,-11,-4,-11,-3,-10,-2,-10,-2,-10,0,0,0,0,0,0,0,0,0,0,0,0,0,0,-48,58,-41,52,-36,60,-42,55,-40,55,-36,57,-41,53,-37,58,-36,57,-35,56,-35,53,-33,48,-32,50,-28,47,-25,48,-21,47,-17,49,-11,46,-14,48,-12,45,-7,51,-9,48,-1,54,-4,56,-6,54,-1,61,-1,63,7,65,0,62,3,65,3,65,-6,67,-3,63,-4,66,-7,60,-6,59,-6,58,-4,59,-5,56,-1,56,-5,56,3,56,0,59,2,57,0,59,-1,60,-4,61,-7,63,-8,61,-14,57,-16,58,-20,54,-21,54,-23,51,-28,47,-26,45,-32,38,0,0,0,0,0,0,0,0,0,0,0,0,0,0,0,0,0,0,0,0,0,0,-7,-24,-2,-25,-1,-24,1,-23,2,-26,4,-19,3,-21,4,-22,1,-23,1,-25,3,-24,-2,-26,2,-25,6,-24,7,-25,8,-25,7,-24,8,-23,13,-17,10,-18,9,-14,6,-13,7,-8,4,-6,4,-5,1,2,-6,-1,-9,-1,-14,4,-23,1,-25,-1,-34,-2,-35,-4,-37,-6,-42,-9,-47,-13,-48,-13,-50,-11,-51,-20,-53,-18,-53,-26,-52,-23,-54,-23,-54,-27,-55,-25,-62,-28,-60,-28,-61,-27,-67,-35,-68,-30,-70,-35,-68,-34,-71,-39,-69,-37,-68,-43,-67,-46,-63,-49,0,0]",1
CSI_DATA,53245,1a:00:00:00:00:00,-31,11,1,0,1,1,1,0,0,0,1,-97,0,11,2,717050502,0,44,0,384,0,"[0,0,0,0,0,0,0,0,0,0,0,0,12,-2,12,-3,12,-3,12,-3,11,-3,11,-2,11,-2,10,-2,10,-2,9,-3,9,-3,9,-3,8,-4,8,-4,7,-5,7,-5,7,-6,7,-6,7,-7,7,-7,7,-7,7,-8,7,-8,7,-9,8,-9,8,-9,0,0,8,-9,8,-8,8,-8,8,-8,8,-8,8,-8,8,-7,7,-8,7,-8,7,-8,7,-9,7,-8,7,-8,7,-9,8,-8,8,-8,8,-8,9,-8,9,-7,9,-6,10,-5,10,-5,9,-4,9,-4,9,-3,9,-2,0,0,0,0,0,0,0,0,0,0,0,0,0,0,-55,-58,-48,-55,-50,-48,-49,-50,-56,-45,-53,-47,-54,-46,-53,-46,-50,-38,-51,-44,-45,-41,-49,-39,-46,-38,-45,-30,-41,-29,-46,-30,-45,-25,-46,-20,-47,-18,-49,-15,-48,-11,-51,-9,-52,-3,-55,-6,-54,-7,-58,-7,-62,-6,-60,-6,-64,-6,-66,-3,-66,-9,-70,-11,-62,-11,-63,-11,-59,-11,-56,-12,-58,-14,-56,-12,-56,-10,-57,-10,-59,-8,-58,-1,-61,-6,-60,-6,-63,-9,-63,-8,-61,-12,-62,-10,-58,-12,-58,-18,-58,-24,-54,-22,-57,-27,-48,-26,-45,-30,-42,-31,-40,-32,0,0,0,0,0,0,0,0,0,0,0,0,0,0,0,0,0,0,0,0,0,0,27,1,26,0,23,2,24,8,23,6,22,9,23,5,22,4,20,7,21,7,21,8,21,4,23,6,21,7,21,8,25,10,20,13,17,16,15,11,15,12,9,14,9,10,8,6,3,7,2,-1,2,0,2,-7,-1,-12,3,-16,-1,-19,4,-24,6,-30,9,-33,17,-35,14,-42,19,-41,20,-40,25,-44,25,-48,26,-50,30,-51,29,-49,35,-48,34,-51,31,-49,35,-52,34,-58,41,-58,42,-58,42,-58,45,-59,43,-66,50,-65,51,-57,51,-63,56,-61,52,-56,0,0]",1
CSI_DATA,53246,1a:00:00:00:00:00,-31,11,1,0,1,1,1,0,0,0,1,-97,0,11,2,717060484,0,44,0,384,0,"[0,0,0,0,0,0,0,0,0,0,0,0,3,12,3,12,4,12,3,12,3,12,3,11,3,11,3,11,3,10,3,9,3,9,4,8,4,8,4,7,5,7,6,7,6,6,6,6,7,6,7,6,7,6,8,6,8,7,9,7,9,7,9,7,0,0,9,8,9,7,8,7,9,7,8,7,8,7,8,7,8,7,8,6,8,6,9,6,8,6,8,6,8,7,9,7,8,7,8,8,8,8,7,8,7,9,6,9,5,9,4,9,4,9,3,9,2,9,0,0,0,0,0,0,0,0,0,0,0,0,0,0,25,-71,28,-70,23,-69,20,-68,17,-65,19,-66,18,-67,19,-68,17,-63,18,-61,14,-57,16,-55,10,-58,13,-55,8,-53,3,-55,0,-53,-3,-53,-5,-50,-8,-49,-14,-50,-13,-53,-19,-52,-19,-53,-17,-53,-22,-54,-23,-58,-26,-59,-23,-63,-24,-61,-25,-60,-21,-65,-20,-62,-19,-62,-18,-60,-20,-59,-15,-57,-16,-56,-20,-55,-21,-55,-19,-52,-23,-57,-23,-59,-22,-53,-18,-58,-24,-60,-19,-60,-15,-62,-11,-59,-10,-60,-6,-59,-1,-57,2,-55,7,-55,8,-54,9,-51,12,-48,0,0,0,0,0,0,0,0,0,0,0,0,0,0,0,0,0,0,0,0,0,0,14,22,10,25,11,25,8,24,6,21,2,22,3,21,1,25,4,22,3,24,4,20,3,22,5,21,3,25,0,23,1,25,-4,23,-6,22,-3,20,-5,16,-7,13,-6,9,-5,8,-2,3,2,2,2,0,4,-4,10,-3,14,-9,19,-9,24,-7,30,-9,35,-9,37,-4,43,-3,45,-7,48,-3,50,-4,52,-1,53,2,55,2,58,4,61,6,60,8,61,4,59,4,66,4,67,12,73,9,73,7,73,10,74,12,74,17,77,15,82,16,76,20,79,20,0,0]",1
CSI_DATA,53247,1a:00:00:00:00:00,-31,11,1,0,1,1,1,0,0,0,1,-97,0,11,2,717070500,0,44,0,384,0,"[0,0,0,0,0,0,0,0,0,0,0,0,-11,6,-11,6,-11,6,-11,6,-11,6,-10,6,-10,6,-10,5,-10,5,-9,5,-8,6,-8,6,-7,6,-7,6,-6,6,-6,7,-5,7,-5,8,-5,8,-5,9,-5,9,-5,9,-5,10,-5,10,-5,10,-5,10,0,0,-6,10,-6,10,-6,10,-6,10,-6,9,-6,9,-6,9,-5,9,-5,9,-5,9,-4,9,-5,10,-5,10,-5,10,-6,10,-6,9,-6,9,-6,9,-7,9,-7,8,-8,8,-8,7,-9,7,-8,6,-9,5,-8,4,0,0,0,0,0,0,0,0,0,0,0,0,0,0,67,28,64,23,68,18,63,23,69,20,64,18,63,16,68,19,64,16,62,18,58,17,57,16,57,13,51,9,50,7,52,6,54,0,54,-2,47,-1,47,-5,51,-11,52,-13,53,-18,53,-17,52,-19,55,-17,53,-21,59,-29,56,-24,59,-26,62,-25,68,-20,59,-16,61,-18,60,-15,60,-15,58,-12,56,-12,53,-15,56,-16,52,-19,54,-22,54,-23,59,-23,59,-18,57,-21,57,-16,59,-15,58,-12,58,-9,60,-3,57,0,59,2,56,6,51,8,50,8,49,15,0,0,0,0,0,0,0,0,0,0,0,0,0,0,0,0,0,0,0,0,0,0,-24,13,-24,9,-22,10,-26,4,-19,5,-25,5,-22,1,-21,2,-25,-1,-24,1,-23,0,-23,2,-24,2,-26,2,-27,1,-23,1,-25,-1,-23,-4,-19,-5,-19,-4,-15,-5,-10,-5,-14,-2,-7,-2,-4,2,-1,1,5,3,4,8,6,12,11,18,9,22,7,30,8,34,4,39,5,40,-2,43,2,44,4,49,-1,53,-2,58,-4,57,-6,57,-8,59,-5,59,-6,61,-10,69,-9,67,-9,67,-11,73,-13,72,-13,73,-10,78,-19,81,-15,75,-16,78,-21,79,-25,77,0,0]",1
CSI_DATA,53248,1a:00:00:00:00:00,-31,11,1,0,1,1,1,0,0,0,1,-97,0,11,2,717080504,0,44,0,384,0,"[0,0,0,0,0,0,0,0,0,0,0,0,-8,-12,-8,-11,-8,-11,-8,-11,-8,-11,-7,-11,-7,-10,-7,-10,-7,-9,-7,-9,-7,-9,-7,-8,-7,-7,-7,-7,-8,-6,-8,-6,-8,-5,-9,-5,-9,-5,-10,-5,-10,-5,-11,-5,-11,-5,-11,-5,-12,-5,-12,-5,0,0,-12,-6,-12,-6,-11,-6,-11,-5,-11,-6,-11,-6,-10,-5,-10,-5,-10,-5,-11,-4,-11,-5,-11,-5,-11,-5,-11,-5,-11,-6,-11,-6,-11,-6,-11,-7,-10,-7,-10,-7,-9,-8,-8,-9,-8,-9,-7,-9,-6,-9,-5,-9,0,0,0,0,0,0,0,0,0,0,0,0,0,0,-21,73,-18,68,-15,73,-10,67,-13,66,-9,71,-11,65,-11,67,-9,62,-6,62,-7,61,-8,57,-9,59,-4,56,-3,50,3,54,2,51,6,50,10,49,11,43,15,49,20,46,21,49,24,50,25,48,27,50,26,53,25,54,27,56,28,57,30,58,30,60,24,56,26,57,23,54,22,57,23,51,24,51,27,51,25,50,25,48,27,51,26,53,31,53,28,57,28,52,25,55,24,55,19,55,18,57,15,58,11,53,8,56,4,55,-1,55,-6,50,-7,49,0,0,0,0,0,0,0,0,0,0,0,0,0,0,0,0,0,0,0,0,0,0,-17,-18,-11,-24,-7,-24,-8,-29,-5,-22,-6,-23,-4,-22,-4,-22,-8,-22,-6,-21,-6,-22,-3,-25,-5,-26,0,-24,-8,-26,0,-24,1,-26,-1,-23,0,-22,3,-16,7,-12,3,-13,2,-13,1,-4,-1,-6,-4,-6,-6,4,-12,6,-10,6,-21,9,-22,13,-29,12,-31,11,-39,11,-40,11,-44,9,-49,8,-49,6,-56,0,-58,0,-61,-1,-58,2,-63,1,-59,-1,-64,0,-62,1,-71,-4,-68,0,-72,-2,-70,-4,-75,-7,-78,-4,-80,-12,-79,-10,-84,-16,-85,-15,-75,-14,0,0]",1
CSI_DATA,53249,1a:00:00:00:00:00,-31,11,1,0,1,1,1,0,0,0,1,-97,0,11,2,717100502,0,44,0,384,0,"[0,0,0,0,0,0,0,0,0,0,0,0,11,6,11,6,11,6,11,6,10,6,10,6,10,6,9,6,9,5,8,4,9,4,9,3,8,3,8,2,9,2,9,1,9,0,9,0,10,-1,10,-1,10,-1,10,-1,11,-1,11,-2,11,-2,12,-2,0,0,12,-1,12,-1,12,-1,11,-1,11,-1,11,-1,11,-1,10,-1,10,-1,10,-2,11,-2,11,-2,11,-2,11,-2,11,-1,12,-1,11,-1,11,0,11,0,11,1,11,2,10,3,10,3,9,3,9,4,8,4,0,0,0,0,0,0,0,0,0,0,0,0,0,0,-6,-76,-5,-71,-5,-73,-6,-68,-7,-73,-9,-70,-11,-69,-9,-69,-12,-66,-9,-63,-9,-59,-13,-61,-8,-56,-11,-55,-17,-52,-19,-50,-17,-50,-22,-46,-24,-46,-28,-41,-29,-41,-35,-41,-34,-40,-35,-40,-39,-42,-44,-47,-44,-45,-46,-45,-46,-46,-46,-46,-44,-48,-46,-52,-42,-49,-40,-49,-42,-51,-41,-49,-37,-48,-35,-44,-41,-48,-43,-40,-38,-44,-41,-42,-41,-42,-46,-41,-45,-45,-45,-43,-39,-44,-42,-52,-37,-47,-30,-49,-31,-53,-27,-53,-22,-55,-20,-56,-16,-49,-13,-53,-7,-51,0,0,0,0,0,0,0,0,0,0,0,0,0,0,0,0,0,0,0,0,0,0,20,19,16,19,12,19,13,20,12,20,11,22,11,18,10,19,9,19,11,20,11,17,8,20,9,21,9,22,5,24,8,23,4,22,3,22,1,17,-3,16,-2,14,0,11,0,8,-1,4,0,2,1,-2,8,-4,8,-8,12,-14,14,-18,19,-17,23,-17,27,-23,33,-22,35,-21,42,-18,46,-20,46,-21,52,-18,53,-16,55,-16,56,-16,60,-13,62,-16,59,-16,60,-16,66,-19,70,-15,71,-21,75,-17,73,-20,76,-15,82,-14,79,-7,80,-12,83,-9,80,-12,0,0]",1
CSI_DATA,53250,1a:00:00:00:00:00,-31,11,1,0,1,1,1,0,0,0,1,-97,0,11,2,717110503,0,44,0,384,0,"[0,0,0,0,0,0,0,0,0,0,0,0,-4,12,-3,12,-3,12,-3,12,-3,12,-3,11,-3,11,-3,11,-3,10,-2,10,-2,9,-1,9,-1,9,0,9,0,9,1,9,2,9,2,9,3,9,3,9,3,9,4,10,4,10,4,10,4,11,5,11,0,0,4,11,4,11,3,11,3,11,3,10,3,10,3,10,3,10,4,10,4,10,4,10,4,10,4,10,4,10,4,11,3,11,3,11,2,11,2,11,1,11,0,11,0,11,-1,11,-1,10,-2,9,-3,9,0,0,0,0,0,0,0,0,0,0,0,0,0,0,68,-34,62,-30,64,-37,59,-32,55,-34,61,-36,57,-32,59,-36,53,-36,56,-35,52,-32,54,-35,46,-33,43,-33,45,-32,40,-36,37,-39,33,-33,32,-41,28,-38,28,-44,26,-41,24,-51,22,-50,21,-53,21,-52,21,-57,27,-59,24,-61,26,-64,28,-60,32,-63,25,-56,28,-62,29,-53,31,-57,24,-58,27,-52,25,-55,21,-53,22,-50,20,-57,22,-58,21,-58,26,-61,24,-57,28,-57,29,-56,32,-54,32,-54,38,-52,37,-44,40,-42,40,-34,41,-37,42,-27,44,-25,0,0,0,0,0,0,0,0,0,0,0,0,0,0,0,0,0,0,0,0,0,0,-8,27,-10,22,-13,20,-14,22,-12,16,-15,20,-13,15,-15,14,-14,17,-14,16,-15,16,-16,16,-14,20,-16,17,-16,17,-16,15,-18,10,-19,12,-20,11,-14,10,-14,7,-7,3,-7,5,-4,3,-4,3,2,1,7,4,11,3,12,2,19,8,27,7,31,17,29,17,30,20,32,26,35,31,36,32,37,36,35,40,38,40,40,45,37,43,37,48,38,46,41,52,45,49,45,51,41,52,43,58,42,59,46,60,45,63,45,71,38,66,42,70,43,71,36,72,0,0]",1
CSI_DATA,53251,1a:00:00:00:00:00,-31,11,1,0,1,1,1,0,0,0,1,-97,0,11,2,717120500,0,44,0,384,0,"[0,0,0,0,0,0,0,0,0,0,0,0,-14,-3,-13,-3,-14,-3,-13,-3,-13,-3,-12,-3,-12,-3,-12,-3,-11,-2,-11,-2,-11,-1,-10,-1,-10,0,-10,0,-10,1,-10,1,-9,2,-10,3,-10,3,-10,3,-10,4,-10,4,-11,4,-11,5,-11,5,-11,5,0,0,-12,4,-12,4,-12,4,-12,4,-11,4,-11,3,-11,4,-11,4,-11,4,-10,4,-10,5,-11,4,-11,5,-11,4,-12,4,-12,4,-12,3,-11,3,-12,2,-12,2,-12,1,-12,0,-12,-1,-11,-1,-11,-2,-10,-2,0,0,0,0,0,0,0,0,0,0,0,0,0,0,47,60,40,55,46,52,42,51,44,47,47,51,44,44,47,49,41,47,47,44,39,39,36,43,40,41,35,38,38,34,43,32,41,32,42,24,43,24,43,19,51,15,46,16,53,12,52,11,52,13,55,11,61,10,58,13,60,14,63,11,64,14,65,19,61,12,61,16,57,16,59,16,55,17,52,14,54,15,55,13,53,12,56,10,56,13,56,8,60,12,60,11,58,17,58,19,60,21,55,22,54,27,51,28,48,29,42,30,39,36,37,35,34,39,0,0,0,0,0,0,0,0,0,0,0,0,0,0,0,0,0,0,0,0,0,0,-26,-2,-23,-7,-23,-9,-27,-7,-22,-7,-19,-7,-20,-7,-18,-9,-20,-8,-16,-12,-21,-12,-23,-8,-21,-10,-22,-12,-19,-13,-19,-13,-17,-13,-16,-15,-17,-16,-15,-12,-11,-12,-8,-11,-5,-8,-1,-3,-1,-2,-2,3,-3,6,-3,11,0,14,-5,20,-3,22,-8,28,-11,30,-12,34,-18,38,-21,39,-24,41,-27,45,-34,43,-33,42,-36,45,-31,48,-40,49,-36,46,-37,49,-43,54,-41,54,-43,50,-47,53,-47,52,-52,57,-52,57,-57,56,-53,50,-59,55,-64,54,-62,53,0,0]",1
CSI_DATA,53252,1a:00:00:00:00:00,-31,11,1,0,1,1,1,0,0,0,1,-97,0,11,2,717140476,0,44,0,384,0,"[0,0,0,0,0,0,0,0,0,0,0,0,11,-6,11,-7,10,-7,10,-6,10,-6,10,-6,10,-6,9,-6,9,-6,8,-6,8,-6,7,-6,7,-6,6,-7,6,-7,5,-8,5,-8,5,-8,4,-9,4,-9,5,-10,4,-10,5,-10,5,-11,5,-11,5,-11,0,0,6,-11,6,-11,6,-11,6,-10,5,-10,5,-10,5,-10,5,-10,5,-10,4,-10,4,-10,5,-10,5,-10,5,-10,5,-10,6,-10,6,-10,6,-10,7,-9,7,-9,8,-8,8,-7,8,-7,8,-6,8,-5,8,-4,0,0,0,0,0,0,0,0,0,0,0,0,0,0,-65,-33,-64,-29,-62,-25,-65,-28,-64,-25,-66,-25,-64,-25,-63,-24,-61,-21,-62,-19,-56,-21,-57,-18,-53,-17,-55,-12,-53,-12,-51,-8,-52,-5,-50,-2,-51,-1,-49,2,-51,6,-51,10,-53,11,-53,10,-54,15,-60,15,-57,17,-60,20,-63,18,-65,15,-66,14,-68,13,-62,11,-61,11,-59,11,-61,11,-58,8,-56,13,-57,12,-57,13,-57,13,-57,19,-57,15,-62,21,-62,16,-59,17,-62,13,-63,12,-60,7,-61,5,-62,0,-62,-1,-57,-4,-59,-9,-56,-12,-48,-15,-47,-19,0,0,0,0,0,0,0,0,0,0,0,0,0,0,0,0,0,0,0,0,0,0,22,-9,24,-7,23,1,24,-1,23,0,21,1,22,1,20,0,23,-1,19,-1,23,-3,22,0,22,1,23,2,21,1,22,-1,22,3,22,4,16,8,11,9,14,5,10,5,7,5,6,1,4,-1,0,-1,-4,-9,-4,-11,-4,-18,-4,-22,-9,-25,-5,-35,-4,-35,-4,-40,-2,-45,2,-46,1,-49,4,-51,8,-57,7,-57,9,-55,12,-61,11,-61,13,-63,13,-60,15,-62,17,-69,13,-65,19,-78,19,-72,22,-77,20,-79,24,-80,27,-77,27,-78,34,-72,31,-74,0,0]",1
CSI_DATA,53253,1a:00:00:00:00:00,-31,11,1,0,1,1,1,0,0,0,1,-97,0,11,2,717150498,0,44,0,384,0,"[0,0,0,0,0,0,0,0,0,0,0,0,6,11,6,11,6,11,5,11,5,11,5,10,5,10,5,10,5,9,5,8,5,8,5,7,6,7,6,6,6,6,7,5,7,5,8,5,8,4,8,5,9,5,9,5,10,5,10,4,10,4,11,5,0,0,10,5,11,5,10,5,10,5,10,5,9,5,9,5,9,4,9,4,10,4,10,3,10,4,10,4,10,4,10,5,10,5,10,5,9,5,9,6,9,7,8,7,8,8,7,8,6,7,5,8,4,7,0,0,0,0,0,0,0,0,0,0,0,0,0,0,26,-73,25,-71,20,-69,17,-68,17,-67,16,-70,12,-66,14,-67,14,-62,17,-67,12,-63,10,-58,8,-59,6,-53,6,-54,0,-49,-2,-51,-6,-50,-5,-52,-9,-47,-15,-50,-16,-57,-22,-50,-20,-51,-23,-54,-26,-55,-26,-54,-26,-57,-29,-58,-28,-62,-25,-60,-24,-67,-22,-57,-25,-61,-20,-60,-18,-59,-18,-56,-21,-56,-20,-56,-22,-58,-25,-52,-24,-52,-23,-57,-25,-56,-23,-57,-23,-57,-21,-62,-20,-59,-15,-58,-13,-58,-13,-61,-8,-61,-1,-60,0,-55,3,-55,9,-52,11,-52,0,0,0,0,0,0,0,0,0,0,0,0,0,0,0,0,0,0,0,0,0,0,9,22,11,24,3,20,1,20,5,25,3,19,2,22,4,21,-1,20,1,21,3,18,3,21,5,22,3,23,0,24,0,22,0,24,-1,21,-5,17,-2,17,-3,11,-5,13,-4,6,2,5,-1,3,3,1,6,-4,10,-3,11,-11,20,-12,25,-13,30,-10,34,-12,36,-9,43,-7,45,-4,46,-3,51,-1,56,-1,58,1,57,0,56,2,60,5,64,8,67,4,63,5,68,8,68,5,73,10,70,8,75,13,81,11,81,17,70,16,82,16,81,21,75,23,0,0]",1
CSI_DATA,53254,1a:00:00:00:00:00,-31,11,1,0,1,1,1,0,0,0,1,-97,0,11,2,717160483,0,44,0,384,0,"[0,0,0,0,0,0,0,0,0,0,0,0,-11,7,-10,7,-11,7,-10,7,-11,7,-10,6,-10,6,-9,6,-9,6,-8,6,-8,6,-7,6,-7,7,-6,7,-6,7,-5,8,-4,7,-4,8,-4,8,-4,9,-4,9,-4,10,-4,10,-3,11,-4,11,-3,11,0,0,-4,11,-4,11,-4,10,-4,11,-4,10,-4,10,-4,10,-4,9,-3,10,-3,10,-3,10,-3,10,-3,10,-3,10,-4,11,-4,10,-5,11,-5,10,-5,10,-6,9,-7,9,-7,8,-7,8,-7,7,-8,6,-8,5,0,0,0,0,0,0,0,0,0,0,0,0,0,0,75,8,77,4,72,0,67,3,74,2,65,-5,69,-4,70,-3,68,-3,64,-2,61,0,63,-1,58,-4,55,-9,52,-6,53,-10,50,-11,48,-19,45,-15,46,-21,44,-28,47,-27,42,-28,47,-30,46,-32,49,-35,52,-39,50,-39,49,-40,51,-43,55,-40,54,-39,53,-39,53,-33,52,-35,52,-33,50,-29,46,-30,49,-32,49,-34,46,-32,46,-36,46,-37,48,-40,48,-37,52,-36,49,-33,54,-34,53,-27,55,-24,57,-23,55,-22,53,-16,56,-11,54,-11,51,-8,47,3,0,0,0,0,0,0,0,0,0,0,0,0,0,0,0,0,0,0,0,0,0,0,-19,15,-20,14,-22,13,-19,10,-19,10,-20,8,-21,8,-19,6,-23,10,-22,11,-20,11,-20,12,-21,12,-24,11,-23,6,-23,7,-19,5,-20,6,-19,2,-17,-3,-17,-5,-14,0,-7,3,-7,1,-4,2,6,5,8,4,4,9,8,12,15,15,15,23,16,26,22,28,20,34,16,41,15,42,14,45,16,48,18,54,15,57,16,60,16,61,11,59,14,60,13,63,11,66,8,68,10,68,8,72,8,78,8,76,9,82,1,79,4,79,5,84,-1,82,1,80,0,0]",1
CSI_DATA,53255,1a:00:00:00:00:00,-31,11,1,0,1,1,1,0,0,0,1,-97,0,11,2,717180479,0,44,0,384,0,"[0,0,0,0,0,0,0,0,0,0,0,0,6,-12,5,-11,5,-12,5,-11,6,-12,5,-11,5,-11,5,-10,4,-10,4,-10,3,-10,3,-10,2,-9,2,-9,1,-9,0,-10,0,-9,-1,-10,-1,-10,-2,-11,-2,-11,-2,-11,-2,-12,-2,-12,-2,-12,-2,-12,0,0,-2,-12,-2,-13,-2,-12,-1,-12,-1,-11,-1,-12,-1,-11,-2,-11,-2,-11,-2,-11,-2,-11,-2,-11,-2,-11,-2,-11,-2,-12,-1,-12,-1,-12,-1,-12,0,-12,0,-11,2,-11,2,-11,3,-11,3,-10,4,-9,4,-8,0,0,0,0,0,0,0,0,0,0,0,0,0,0,-69,20,-70,24,-68,24,-64,26,-65,26,-65,29,-61,29,-66,29,-59,29,-59,26,-57,25,-57,26,-51,26,-50,26,-48,26,-43,28,-44,31,-40,30,-39,35,-31,36,-32,40,-30,42,-31,46,-27,49,-32,47,-26,50,-28,54,-30,54,-35,57,-31,56,-34,60,-37,56,-37,51,-33,56,-36,56,-39,50,-35,51,-32,48,-32,49,-30,46,-30,45,-30,49,-28,54,-28,54,-31,51,-30,53,-36,54,-36,52,-39,48,-41,48,-45,43,-41,40,-46,36,-45,30,-46,29,-45,24,-50,18,0,0,0,0,0,0,0,0,0,0,0,0,0,0,0,0,0,0,0,0,0,0,13,-23,11,-23,14,-19,15,-17,14,-15,15,-17,15,-17,13,-12,14,-18,15,-16,16,-13,12,-17,18,-16,17,-18,17,-18,16,-15,15,-17,19,-12,16,-8,16,-9,14,-4,8,-4,6,-3,7,-5,-1,-4,-2,-3,-7,-3,-11,-8,-16,-5,-19,-13,-24,-13,-30,-18,-29,-23,-31,-28,-31,-33,-32,-37,-30,-40,-30,-41,-33,-47,-35,-45,-36,-46,-34,-50,-33,-54,-36,-53,-36,-56,-38,-58,-37,-57,-40,-64,-37,-61,-38,-64,-36,-71,-40,-69,-37,-74,-34,-72,-36,-78,-36,-79,-28,-74,0,0]",1
CSI_DATA,53256,1a:00:00:00:00:00,-31,11,1,0,1,1,1,0,0,0,1,-97,0,11,2,717190497,0,44,0,384,0,"[0,0,0,0,0,0,0,0,0,0,0,0,11,6,11,5,11,5,11,5,11,5,10,5,10,5,10,4,9,4,9,4,9,3,9,3,9,2,9,1,9,1,9,0,9,0,9,-1,9,-1,10,-2,10,-2,10,-2,11,-2,11,-3,11,-3,11,-3,0,0,12,-2,12,-2,11,-2,12,-2,11,-1,11,-1,11,-2,10,-2,10,-2,10,-3,10,-3,11,-2,11,-2,11,-2,11,-2,11,-2,11,-1,11,-1,11,0,11,0,11,1,10,2,10,3,9,3,9,4,8,4,0,0,0,0,0,0,0,0,0,0,0,0,0,0,-28,-71,-31,-64,-29,-65,-28,-65,-34,-59,-32,-59,-31,-59,-32,-60,-34,-58,-31,-54,-33,-54,-35,-52,-35,-48,-32,-47,-32,-45,-33,-42,-35,-36,-39,-34,-41,-30,-41,-28,-44,-28,-47,-27,-51,-25,-52,-24,-52,-21,-57,-27,-53,-23,-60,-24,-59,-27,-62,-28,-61,-28,-63,-31,-60,-29,-61,-27,-54,-29,-55,-27,-52,-28,-48,-28,-53,-22,-53,-18,-50,-26,-55,-21,-58,-24,-61,-24,-55,-25,-60,-25,-55,-29,-57,-32,-51,-31,-52,-30,-50,-36,-48,-38,-44,-43,-37,-41,-36,-44,-29,-42,-25,-41,0,0,0,0,0,0,0,0,0,0,0,0,0,0,0,0,0,0,0,0,0,0,20,10,20,12,20,15,19,12,18,13,14,16,17,15,15,13,16,12,17,14,15,12,16,14,16,13,18,18,13,18,13,17,15,15,13,18,11,14,8,13,5,16,5,13,3,3,2,2,4,2,6,-3,3,-7,3,-13,5,-18,7,-22,13,-22,14,-29,19,-29,24,-29,29,-33,33,-35,32,-33,39,-36,44,-37,48,-36,46,-39,48,-37,49,-37,54,-39,53,-39,57,-37,54,-43,56,-41,62,-45,62,-41,65,-41,65,-41,69,-38,69,-39,74,-36,74,-36,70,-38,0,0]",1
CSI_DATA,53257,1a:00:00:00:00:00,-31,11,1,0,1,1,1,0,0,0,1,-97,0,11,2,717200479,0,44,0,384,0,"[0,0,0,0,0,0,0,0,0,0,0,0,-2,13,-2,13,-2,12,-2,12,-2,12,-2,12,-2,11,-2,11,-2,10,-1,10,-1,10,0,9,0,9,1,9,1,9,2,8,3,8,3,8,4,9,4,9,4,9,5,9,5,9,5,9,6,10,6,10,0,0,5,11,5,10,5,11,4,10,4,10,4,10,4,10,4,9,5,9,5,9,5,9,5,9,5,10,5,10,4,10,4,10,4,10,4,10,3,11,2,11,1,11,1,11,0,10,0,10,-1,10,-2,9,0,0,0,0,0,0,0,0,0,0,0,0,0,0,59,-47,56,-38,53,-43,53,-43,53,-42,50,-46,52,-45,53,-46,51,-43,46,-43,46,-40,44,-40,43,-44,37,-42,37,-41,36,-39,28,-42,25,-43,25,-46,22,-45,21,-47,22,-53,15,-54,20,-52,16,-53,18,-59,16,-63,17,-62,15,-63,16,-64,19,-65,25,-64,22,-62,23,-62,23,-57,25,-59,22,-51,23,-55,19,-54,14,-58,16,-55,16,-56,17,-57,16,-60,19,-57,20,-60,25,-57,25,-61,26,-54,31,-51,35,-51,34,-50,38,-46,42,-42,37,-38,38,-31,39,-28,0,0,0,0,0,0,0,0,0,0,0,0,0,0,0,0,0,0,0,0,0,0,2,25,-5,24,-4,23,-5,22,-3,20,-6,19,-7,18,-8,19,-9,19,-5,18,-11,22,-7,20,-4,20,-8,20,-11,22,-9,20,-10,17,-14,15,-14,15,-13,14,-13,13,-8,11,-9,7,-2,6,-1,4,4,3,5,4,11,3,16,3,23,3,27,3,30,6,34,7,35,15,37,16,44,20,45,25,46,24,45,29,49,30,48,35,48,35,49,38,49,39,50,39,56,42,59,38,55,47,59,50,56,50,58,54,60,55,54,57,54,58,56,60,53,60,53,60,0,0]",1
CSI_DATA,53258,1a:00:00:00:00:00,-31,11,1,0,1,1,1,0,0,0,1,-97,0,11,2,717220501,0,44,0,384,0,"[0,0,0,0,0,0,0,0,0,0,0,0,-3,-13,-4,-13,-4,-13,-3,-13,-3,-13,-3,-13,-3,-12,-3,-11,-3,-11,-4,-10,-4,-10,-4,-10,-4,-9,-5,-8,-5,-8,-6,-8,-7,-8,-7,-7,-8,-7,-8,-8,-8,-8,-9,-8,-9,-8,-10,-8,-10,-8,-10,-8,0,0,-10,-9,-10,-9,-10,-9,-9,-9,-9,-8,-9,-9,-9,-8,-9,-8,-9,-7,-9,-7,-10,-7,-10,-7,-9,-7,-10,-8,-9,-8,-9,-8,-9,-9,-9,-9,-8,-9,-7,-9,-7,-10,-6,-10,-6,-10,-5,-10,-4,-10,-3,-9,0,0,0,0,0,0,0,0,0,0,0,0,0,0,-46,57,-44,58,-37,60,-39,61,-33,63,-33,58,-32,61,-32,61,-30,58,-30,55,-31,53,-33,54,-25,51,-22,49,-21,51,-18,51,-11,51,-9,49,-7,45,-4,48,-2,51,2,50,6,54,5,56,6,55,10,55,12,58,14,62,12,62,13,64,12,68,5,67,9,60,8,65,3,65,8,61,4,58,4,56,7,57,9,60,8,55,11,58,7,62,15,59,13,60,8,62,7,64,7,62,0,60,-1,57,-4,60,-8,55,-11,58,-13,53,-18,53,-20,48,-22,42,0,0,0,0,0,0,0,0,0,0,0,0,0,0,0,0,0,0,0,0,0,0,-3,-25,0,-25,-1,-24,5,-23,3,-24,3,-21,5,-22,3,-21,7,-22,2,-22,4,-22,3,-21,6,-26,2,-21,8,-22,6,-22,9,-23,10,-21,5,-14,11,-16,9,-11,5,-8,2,-10,0,-4,1,-6,-2,-2,-7,1,-12,1,-16,-2,-24,-1,-29,3,-33,-1,-33,-5,-41,-5,-45,-7,-46,-12,-46,-9,-54,-15,-52,-19,-54,-18,-55,-19,-56,-22,-62,-23,-61,-23,-63,-26,-58,-21,-65,-25,-65,-28,-67,-30,-68,-33,-70,-30,-74,-35,-71,-39,-69,-38,-73,-41,-71,-42,-69,-42,0,0]",1
CSI_DATA,53259,1a:00:00:00:00:00,-31,11,1,0,1,1,1,0,0,0,1,-97,0,11,2,717230505,0,44,0,384,0,"[0,0,0,0,0,0,0,0,0,0,0,0,12,-3,12,-3,12,-3,12,-3,12,-3,11,-3,11,-3,11,-3,10,-3,10,-3,9,-3,9,-4,8,-4,8,-4,8,-5,8,-6,7,-6,7,-7,7,-7,7,-8,7,-8,7,-8,8,-8,8,-9,8,-9,8,-9,0,0,9,-9,9,-9,8,-8,9,-8,8,-8,8,-8,8,-8,8,-8,7,-8,8,-8,7,-9,7,-9,8,-8,8,-8,8,-8,8,-8,9,-8,9,-7,9,-7,10,-6,10,-5,10,-5,10,-4,10,-3,10,-2,9,-1,0,0,0,0,0,0,0,0,0,0,0,0,0,0,-70,-34,-67,-32,-68,-35,-67,-29,-64,-24,-65,-23,-64,-20,-65,-24,-61,-20,-62,-22,-60,-19,-56,-21,-59,-19,-54,-14,-54,-15,-55,-9,-50,-4,-50,-3,-52,-5,-50,6,-54,5,-48,8,-52,16,-54,14,-57,16,-56,16,-57,19,-60,22,-65,17,-64,20,-61,17,-68,19,-65,17,-63,16,-60,15,-64,14,-57,11,-54,14,-57,16,-54,19,-58,14,-59,17,-55,17,-59,21,-60,18,-58,20,-62,13,-62,16,-59,11,-58,6,-61,6,-59,-2,-57,-1,-57,-11,-54,-8,-51,-13,-49,-18,0,0,0,0,0,0,0,0,0,0,0,0,0,0,0,0,0,0,0,0,0,0,22,-9,25,-5,22,-2,22,-1,19,-1,22,0,22,-2,20,1,19,1,20,1,22,2,22,-1,22,-3,21,1,23,2,23,2,23,2,21,3,18,7,17,9,12,7,11,5,10,3,1,1,2,-1,0,-2,-5,-7,-5,-14,-6,-15,-7,-20,-7,-26,-9,-34,-6,-37,-3,-41,0,-45,4,-48,4,-46,0,-55,5,-54,7,-57,12,-57,10,-60,15,-64,15,-63,13,-66,13,-68,14,-66,15,-73,16,-69,20,-72,20,-74,19,-79,29,-77,26,-73,29,-81,31,-79,33,-74,0,0]",1
CSI_DATA,53260,1a:00:00:00:00:00,-31,11,1,0,1,1,1,0,0,0,1,-97,0,11,2,717240505,0,44,0,384,0,"[0,0,0,0,0,0,0,0,0,0,0,0,5,11,5,11,6,10,6,11,5,10,5,10,5,10,5,9,5,9,5,8,5,8,6,7,5,7,6,6,6,6,7,5,7,5,7,4,8,4,8,4,9,4,9,4,9,4,10,4,10,4,10,4,0,0,10,5,10,5,10,5,10,5,9,5,9,5,9,5,9,4,9,4,9,4,10,3,10,4,10,4,10,4,10,5,10,5,9,5,9,6,9,6,8,6,8,7,7,8,6,8,6,7,5,8,4,8,0,0,0,0,0,0,0,0,0,0,0,0,0,0,24,-73,32,-73,26,-69,25,-63,21,-70,16,-67,17,-69,19,-65,18,-62,17,-64,17,-62,11,-58,12,-60,8,-54,11,-54,5,-54,1,-54,-1,-51,-2,-50,-8,-48,-10,-53,-17,-49,-17,-52,-19,-53,-21,-51,-20,-57,-18,-59,-22,-58,-21,-63,-23,-62,-20,-63,-19,-64,-18,-64,-20,-62,-18,-61,-15,-63,-17,-53,-16,-60,-15,-56,-20,-56,-19,-53,-20,-55,-20,-60,-21,-60,-23,-61,-19,-60,-16,-62,-16,-64,-14,-64,-12,-55,-6,-62,-2,-58,-1,-59,6,-56,11,-56,15,-50,13,-48,0,0,0,0,0,0,0,0,0,0,0,0,0,0,0,0,0,0,0,0,0,0,8,25,3,20,5,23,3,22,3,21,3,20,1,17,4,19,1,23,4,23,1,20,2,20,0,23,2,25,0,23,-2,22,-4,21,-4,19,-7,20,-6,17,-4,10,-3,13,-1,7,0,5,2,4,-1,-1,8,-3,12,-4,17,-10,19,-10,24,-12,29,-6,34,-12,41,-3,41,-4,49,-4,47,-1,53,4,53,5,57,9,61,8,60,7,61,11,64,9,63,9,62,10,66,12,72,15,74,14,73,18,76,18,74,19,79,26,73,22,78,26,79,31,76,30,0,0]",1
CSI_DATA,53261,1a:00:00:00:00:00,-31,11,1,0,1,1,1,0,0,0,1,-97,0,11,2,717260542,0,44,0,384,0,"[0,0,0,0,0,0,0,0,0,0,0,0,-10,-10,-9,-10,-10,-10,-9,-10,-9,-10,-9,-9,-9,-9,-8,-9,-8,-8,-8,-8,-8,-7,-8,-6,-8,-6,-8,-5,-8,-5,-9,-4,-9,-4,-10,-3,-10,-3,-11,-3,-11,-3,-11,-3,-12,-3,-12,-3,-12,-3,-12,-3,0,0,-12,-3,-13,-4,-12,-3,-12,-3,-11,-4,-12,-4,-11,-3,-11,-3,-11,-3,-11,-3,-12,-2,-12,-3,-12,-3,-12,-3,-12,-4,-12,-4,-12,-4,-11,-4,-11,-5,-11,-5,-10,-6,-10,-7,-9,-7,-8,-7,-8,-8,-7,-7,0,0,0,0,0,0,0,0,0,0,0,0,0,0,2,72,-3,73,3,72,4,66,5,66,9,66,5,67,7,66,9,64,7,63,8,60,6,57,8,56,8,55,10,52,15,50,18,48,19,44,20,41,25,37,29,40,34,37,32,41,36,39,37,39,41,39,40,42,42,45,43,51,41,46,44,47,42,51,40,48,40,47,41,48,38,49,35,49,36,43,35,44,40,39,38,38,39,37,39,42,44,39,40,45,42,44,35,44,38,49,35,49,34,46,28,50,24,50,23,50,17,51,10,47,10,50,6,48,0,0,0,0,0,0,0,0,0,0,0,0,0,0,0,0,0,0,0,0,0,0,-15,-21,-15,-19,-13,-21,-14,-22,-7,-17,-5,-18,-13,-19,-12,-16,-11,-18,-9,-15,-9,-21,-11,-19,-9,-22,-8,-19,-6,-22,-6,-23,-7,-23,-8,-19,-2,-20,-1,-17,-2,-16,-1,-9,-1,-8,-1,-6,-3,-4,-6,1,-6,2,-11,6,-13,10,-14,15,-19,16,-24,18,-32,17,-36,18,-41,18,-44,15,-49,15,-51,17,-55,12,-55,16,-54,14,-56,14,-62,11,-63,15,-60,12,-67,12,-69,14,-69,12,-76,13,-74,11,-75,10,-77,11,-79,5,-81,5,-86,6,-82,4,-80,0,0,0]",1
CSI_DATA,53262,1a:00:00:00:00:00,-31,11,1,0,1,1,1,0,0,0,1,-97,0,11,2,717270510,0,44,0,384,0,"[0,0,0,0,0,0,0,0,0,0,0,0,6,-12,5,-12,5,-12,6,-12,5,-11,5,-11,5,-10,5,-10,5,-10,4,-9,4,-10,3,-9,2,-9,2,-9,1,-9,0,-10,0,-9,-1,-10,-1,-10,-1,-11,-1,-11,-2,-11,-2,-11,-2,-12,-2,-12,-2,-12,0,0,-1,-13,-1,-13,-1,-13,-1,-12,-1,-12,-1,-12,-1,-11,-1,-11,-1,-11,-1,-11,-2,-11,-2,-11,-2,-12,-2,-12,-1,-12,-1,-12,0,-12,0,-12,1,-12,1,-11,2,-11,3,-11,3,-10,3,-10,4,-9,4,-8,0,0,0,0,0,0,0,0,0,0,0,0,0,0,-77,6,-74,8,-70,9,-69,9,-70,8,-65,11,-67,11,-65,10,-67,12,-61,12,-62,13,-60,12,-60,13,-53,16,-51,16,-48,20,-47,25,-45,26,-41,25,-41,30,-39,33,-41,36,-38,36,-40,38,-45,40,-39,44,-41,45,-41,46,-45,46,-42,50,-48,47,-48,46,-51,46,-46,43,-51,43,-48,38,-47,39,-45,40,-43,38,-40,41,-41,42,-38,41,-42,44,-42,46,-41,42,-46,42,-47,36,-49,40,-46,35,-47,32,-50,32,-52,28,-55,26,-57,20,-52,16,-49,10,-50,5,0,0,0,0,0,0,0,0,0,0,0,0,0,0,0,0,0,0,0,0,0,0,13,-19,16,-20,15,-19,13,-14,17,-15,17,-12,17,-11,15,-16,16,-16,15,-17,16,-11,17,-14,18,-18,16,-16,19,-11,20,-15,21,-11,20,-10,18,-5,16,-3,13,-7,7,-3,9,-4,4,-5,0,-3,-5,-3,-8,-5,-11,-9,-13,-11,-20,-13,-18,-17,-24,-21,-23,-26,-24,-33,-26,-37,-24,-38,-30,-44,-25,-47,-28,-52,-26,-55,-23,-59,-25,-55,-24,-61,-22,-63,-23,-60,-25,-60,-27,-65,-25,-69,-27,-70,-22,-72,-24,-73,-26,-76,-18,-78,-19,-77,-20,-83,-16,-79,-14,-80,0,0]",1
CSI_DATA,53263,1a:00:00:00:00:00,-31,11,1,0,1,1,1,0,0,0,1,-97,0,11,2,717280504,0,44,0,384,0,"[0,0,0,0,0,0,0,0,0,0,0,0,13,4,13,3,12,3,12,3,12,3,12,3,11,3,11,3,10,3,10,2,10,1,10,1,10,0,9,0,9,-1,9,-2,9,-2,9,-2,9,-3,10,-3,10,-3,10,-4,11,-4,11,-5,11,-5,12,-5,0,0,12,-4,12,-4,12,-4,12,-3,11,-3,11,-3,11,-3,10,-3,10,-3,10,-4,10,-4,11,-4,11,-4,11,-4,11,-4,11,-3,12,-3,11,-2,11,-2,11,-1,11,0,11,1,11,1,10,2,9,3,9,3,0,0,0,0,0,0,0,0,0,0,0,0,0,0,-32,-70,-32,-68,-33,-66,-36,-60,-38,-58,-36,-65,-33,-58,-36,-60,-34,-58,-39,-56,-33,-53,-35,-53,-31,-47,-32,-44,-35,-41,-36,-39,-38,-38,-38,-32,-40,-34,-39,-25,-46,-27,-49,-24,-50,-23,-54,-23,-50,-27,-58,-25,-63,-22,-64,-23,-61,-24,-65,-22,-61,-23,-62,-30,-56,-33,-59,-29,-60,-28,-57,-31,-53,-29,-53,-29,-52,-25,-54,-24,-54,-23,-57,-20,-57,-25,-58,-22,-60,-26,-57,-24,-54,-27,-55,-28,-53,-32,-53,-32,-50,-36,-45,-40,-43,-42,-37,-43,-37,-40,-31,-43,-28,-44,0,0,0,0,0,0,0,0,0,0,0,0,0,0,0,0,0,0,0,0,0,0,22,5,23,11,19,12,19,12,17,12,18,13,19,10,19,10,17,10,15,9,19,15,20,15,18,12,15,13,15,16,14,15,15,15,13,13,9,12,9,12,5,12,7,8,5,4,5,3,2,0,3,-5,0,-6,2,-12,6,-17,8,-22,10,-24,18,-28,20,-33,24,-34,23,-35,30,-37,32,-37,38,-41,39,-39,41,-40,43,-40,47,-43,50,-41,48,-43,50,-41,55,-41,53,-44,54,-44,60,-44,61,-47,63,-42,62,-48,68,-44,68,-38,70,-44,72,-37,70,-35,0,0]",1
CSI_DATA,53264,1a:00:00:00:00:00,-31,11,1,0,1,1,1,0,0,0,1,-97,0,11,2,717300479,0,44,0,384,0,"[0,0,0,0,0,0,0,0,0,0,0,0,-14,2,-14,2,-14,2,-14,2,-13,2,-13,2,-12,2,-12,2,-12,2,-11,2,-11,3,-10,3,-10,3,-9,4,-9,4,-9,5,-8,5,-8,6,-8,7,-8,7,-8,7,-9,8,-9,8,-9,9,-9,9,-9,9,0,0,-10,9,-10,8,-10,8,-10,8,-9,8,-9,8,-9,7,-8,7,-8,8,-8,8,-8,8,-8,8,-8,8,-8,9,-9,8,-9,8,-9,8,-10,7,-10,7,-10,6,-11,5,-11,5,-11,4,-11,3,-11,2,-10,2,0,0,0,0,0,0,0,0,0,0,0,0,0,0,55,48,51,51,47,47,51,45,57,46,53,39,50,41,52,42,51,37,52,37,43,37,44,37,47,34,46,30,43,25,46,22,47,19,49,12,46,14,45,12,51,11,49,4,49,2,51,8,54,6,58,0,62,-1,59,2,63,1,64,-1,65,3,68,9,66,9,61,5,62,8,58,9,53,6,56,12,57,9,58,2,56,6,62,1,58,4,58,1,60,5,60,1,59,9,61,8,52,9,55,16,57,21,52,20,53,22,53,29,47,28,43,28,35,32,0,0,0,0,0,0,0,0,0,0,0,0,0,0,0,0,0,0,0,0,0,0,-23,3,-22,-3,-22,-2,-20,-3,-21,-5,-19,-3,-19,-5,-18,-3,-19,-5,-18,-3,-21,-4,-22,-5,-21,-1,-22,-5,-20,-8,-21,-7,-19,-10,-21,-12,-19,-11,-17,-8,-8,-7,-8,-7,-8,-4,-6,-2,-3,2,-5,3,3,6,-3,11,2,18,-1,22,-3,26,-5,32,-4,34,-10,41,-10,40,-18,45,-18,46,-17,46,-22,51,-21,53,-26,51,-29,53,-31,55,-32,54,-30,58,-37,57,-38,57,-38,57,-41,65,-39,63,-42,66,-41,64,-44,68,-47,64,-48,67,-51,61,-53,58,0,0]",1
CSI_DATA,53265,1a:00:00:00:00:00,-31,11,1,0,1,1,1,0,0,0,1,-97,0,11,2,717310486,0,44,0,384,0,"[0,0,0,0,0,0,0,0,0,0,0,0,-5,-12,-5,-12,-5,-12,-5,-12,-5,-12,-5,-11,-5,-11,-5,-11,-5,-10,-5,-10,-5,-10,-6,-9,-6,-8,-6,-8,-6,-7,-7,-7,-8,-6,-8,-6,-8,-6,-9,-6,-9,-6,-10,-6,-10,-7,-11,-6,-11,-7,-11,-7,0,0,-11,-8,-11,-7,-10,-7,-10,-7,-10,-7,-9,-7,-9,-7,-9,-7,-9,-6,-10,-6,-10,-6,-10,-6,-10,-6,-10,-6,-10,-7,-10,-7,-10,-8,-9,-7,-9,-8,-8,-8,-8,-9,-7,-9,-7,-10,-6,-9,-5,-9,-4,-9,0,0,0,0,0,0,0,0,0,0,0,0,0,0,-30,67,-32,63,-30,67,-27,64,-24,61,-22,63,-21,63,-24,68,-18,62,-21,60,-20,57,-19,54,-16,52,-15,53,-14,51,-11,54,-7,51,2,44,1,50,4,50,6,52,7,51,13,51,12,53,12,54,16,58,18,58,21,60,18,63,21,63,16,62,16,64,15,59,13,63,13,64,12,60,14,59,12,55,16,55,16,55,15,53,18,57,20,55,18,58,19,58,16,57,14,62,10,59,8,56,6,61,1,61,-2,57,-2,56,-6,57,-11,52,-13,47,-16,44,0,0,0,0,0,0,0,0,0,0,0,0,0,0,0,0,0,0,0,0,0,0,-8,-22,-5,-23,-5,-22,-5,-22,-4,-19,-2,-19,1,-19,-4,-23,-3,-22,0,-20,-2,-21,-5,-25,1,-23,-2,-24,1,-25,2,-19,4,-24,4,-19,5,-19,4,-13,2,-13,3,-12,0,-9,-1,-4,-4,-6,-5,-2,-8,2,-13,3,-16,6,-24,7,-29,5,-33,3,-37,2,-42,2,-43,1,-49,-4,-53,-1,-53,-4,-55,-8,-55,-9,-61,-13,-59,-11,-61,-13,-66,-13,-65,-14,-65,-14,-65,-16,-68,-18,-70,-17,-70,-21,-74,-25,-71,-20,-80,-26,-72,-28,-78,-30,-80,-29,-72,-31,0,0]",1
CSI_DATA,53266,1a:00:00:00:00:00,-31,11,1,0,1,1,1,0,0,0,1,-97,0,11,2,717330509,0,44,0,384,0,"[0,0,0,0,0,0,0,0,0,0,0,0,4,12,5,11,4,11,4,11,4,11,4,11,4,10,4,10,4,9,4,9,4,8,4,8,5,7,5,7,5,6,6,6,7,6,7,5,7,5,8,5,8,6,9,6,9,6,9,6,10,6,10,6,0,0,10,7,9,7,9,7,9,7,9,7,8,7,8,6,8,6,8,6,8,5,9,5,9,5,9,6,9,6,9,6,9,6,8,7,8,7,7,7,7,8,6,8,6,9,5,9,4,8,3,9,3,8,0,0,0,0,0,0,0,0,0,0,0,0,0,0,33,-67,29,-64,27,-65,26,-63,23,-61,23,-61,20,-63,22,-65,25,-60,23,-61,17,-58,19,-58,14,-54,13,-53,13,-52,7,-54,4,-50,0,-50,1,-50,-6,-51,-9,-51,-11,-52,-15,-58,-13,-55,-14,-54,-17,-55,-16,-61,-18,-61,-19,-62,-22,-62,-20,-64,-13,-63,-14,-63,-15,-63,-15,-62,-9,-62,-8,-59,-11,-55,-6,-58,-15,-58,-15,-55,-21,-55,-15,-59,-18,-56,-18,-58,-13,-60,-9,-64,-12,-59,-7,-60,-2,-59,1,-58,4,-59,7,-53,10,-58,11,-53,16,-50,19,-44,0,0,0,0,0,0,0,0,0,0,0,0,0,0,0,0,0,0,0,0,0,0,8,22,4,22,4,21,2,24,2,20,0,19,1,19,3,20,2,20,5,21,2,18,3,20,5,23,0,22,-1,23,-1,23,-1,21,-4,18,-4,18,-1,11,-6,12,-1,10,0,5,-1,6,2,4,6,1,6,-5,15,-9,15,-6,22,-12,27,-7,29,-9,32,-5,42,-4,41,1,46,-1,50,-1,51,3,55,3,57,4,59,9,60,10,61,11,63,13,62,11,63,16,67,15,70,14,69,21,73,15,74,16,74,17,74,22,74,23,80,24,71,33,73,30,0,0]",1
CSI_DATA,53267,1a:00:00:00:00:00,-31,11,1,0,1,1,1,0,0,0,1,-97,0,11,2,717340476,0,44,0,384,0,"[0,0,0,0,0,0,0,0,0,0,0,0,-10,9,-9,9,-9,9,-9,9,-9,9,-9,8,-8,8,-8,7,-8,8,-7,7,-6,7,-6,8,-5,7,-5,8,-5,8,-4,8,-3,8,-3,9,-2,9,-3,10,-2,10,-2,10,-2,10,-2,11,-2,12,-2,12,0,0,-3,12,-3,11,-3,11,-3,11,-3,11,-3,10,-3,10,-3,10,-3,10,-2,10,-2,10,-2,10,-2,11,-2,11,-3,10,-3,11,-3,11,-4,10,-4,10,-5,9,-6,9,-6,9,-7,8,-6,8,-7,7,-7,6,0,0,0,0,0,0,0,0,0,0,0,0,0,0,74,3,68,5,67,0,68,-1,71,-1,70,-2,63,-3,68,-4,60,-3,65,-3,62,-4,55,-6,58,-5,53,-7,51,-10,50,-12,52,-16,45,-20,49,-20,42,-20,47,-27,43,-28,45,-30,46,-30,43,-35,48,-34,46,-36,49,-38,53,-40,52,-43,52,-41,56,-37,53,-31,55,-37,53,-32,55,-33,47,-29,50,-30,50,-32,48,-33,43,-33,48,-37,45,-34,48,-38,50,-35,48,-35,53,-33,52,-34,52,-27,54,-24,56,-21,57,-17,55,-13,57,-6,51,-8,53,-5,48,5,0,0,0,0,0,0,0,0,0,0,0,0,0,0,0,0,0,0,0,0,0,0,-16,14,-17,13,-19,8,-19,9,-19,11,-21,9,-18,10,-19,11,-13,8,-17,8,-17,9,-21,11,-18,10,-18,12,-21,10,-21,4,-22,5,-19,6,-16,4,-13,0,-14,1,-11,-2,-7,1,-2,1,0,4,3,1,2,9,6,9,12,12,15,18,17,21,19,25,18,33,18,36,19,43,15,45,16,45,15,50,14,52,16,53,14,56,13,58,11,60,8,59,9,63,16,64,13,64,10,71,9,74,11,71,8,73,11,78,5,83,1,78,3,78,1,86,-1,77,0,0]",1
CSI_DATA,53268,1a:00:00:00:00:00,-31,11,1,0,1,1,1,0,0,0,1,-97,0,11,2,717350481,0,44,0,384,0,"[0,0,0,0,0,0,0,0,0,0,0,0,-12,-6,-12,-5,-12,-5,-12,-5,-12,-5,-11,-5,-11,-5,-11,-5,-11,-4,-10,-4,-10,-4,-10,-3,-10,-2,-10,-2,-9,-1,-10,0,-10,0,-10,1,-10,1,-11,2,-11,2,-11,2,-12,2,-12,2,-12,2,-12,2,0,0,-13,2,-13,2,-12,2,-12,2,-12,1,-12,1,-11,2,-11,2,-11,2,-11,2,-11,3,-11,2,-11,2,-11,2,-12,2,-11,2,-12,2,-11,1,-12,1,-12,0,-12,-1,-12,-1,-11,-2,-10,-3,-10,-3,-9,-4,0,0,0,0,0,0,0,0,0,0,0,0,0,0,26,69,22,64,21,65,28,64,25,67,25,62,26,59,24,62,26,62,25,58,24,52,22,53,27,53,28,48,30,47,27,44,31,41,32,37,36,37,38,32,42,33,41,30,43,29,48,25,46,30,49,32,54,31,51,31,54,33,58,35,58,35,57,37,56,37,53,33,50,38,49,36,46,35,47,32,46,33,51,30,47,31,50,28,51,30,50,31,50,32,52,28,50,34,51,34,46,37,47,38,40,42,41,40,37,40,30,48,29,43,22,42,19,45,0,0,0,0,0,0,0,0,0,0,0,0,0,0,0,0,0,0,0,0,0,0,-24,-11,-20,-11,-19,-14,-17,-14,-17,-16,-14,-15,-15,-14,-16,-12,-18,-13,-17,-16,-17,-13,-16,-17,-16,-14,-18,-15,-15,-17,-16,-14,-15,-17,-12,-17,-8,-16,-9,-16,-5,-12,-6,-11,-4,-5,-5,-2,-4,0,-4,4,-5,5,-11,11,-9,14,-10,20,-15,22,-20,25,-22,29,-26,30,-32,31,-37,35,-42,32,-44,28,-46,32,-48,36,-50,34,-49,34,-51,29,-58,36,-55,33,-60,33,-62,32,-60,36,-67,35,-67,37,-66,37,-68,36,-72,33,-73,34,-77,34,-79,28,-75,28,0,0]",1
CSI_DATA,53269,1a:00:00:00:00:00,-31,11,1,0,1,1,1,0,0,0,1,-97,0,11,2,717370510,0,44,0,384,0,"[0,0,0,0,0,0,0,0,0,0,0,0,12,1,12,1,12,1,12,1,12,1,11,1,11,1,11,1,10,0,10,0,10,0,9,-1,9,-1,9,-2,9,-2,8,-4,8,-4,8,-4,8,-5,9,-5,9,-5,9,-6,9,-6,10,-7,10,-7,10,-7,0,0,11,-6,10,-6,10,-6,10,-6,10,-5,10,-5,9,-5,9,-5,9,-6,9,-6,9,-6,9,-6,9,-6,9,-6,9,-6,10,-6,10,-5,10,-5,10,-4,10,-4,11,-3,10,-2,10,-1,9,-1,9,0,8,0,0,0,0,0,0,0,0,0,0,0,0,0,0,0,-48,-58,-48,-54,-50,-55,-48,-52,-47,-52,-47,-50,-49,-50,-48,-49,-46,-48,-46,-45,-43,-45,-43,-45,-44,-42,-43,-37,-40,-37,-42,-33,-46,-29,-44,-25,-48,-26,-48,-17,-50,-16,-53,-16,-53,-15,-57,-10,-56,-11,-60,-10,-62,-13,-64,-9,-64,-13,-66,-10,-62,-17,-64,-17,-65,-18,-63,-18,-65,-18,-60,-20,-54,-18,-57,-16,-55,-16,-51,-10,-56,-13,-57,-10,-56,-11,-57,-10,-60,-15,-63,-12,-57,-17,-57,-19,-53,-24,-52,-20,-53,-25,-55,-29,-47,-26,-45,-36,-41,-35,-37,-33,-31,-37,0,0,0,0,0,0,0,0,0,0,0,0,0,0,0,0,0,0,0,0,0,0,24,-2,19,3,19,4,21,6,21,7,20,3,20,3,19,6,19,2,20,5,19,6,20,7,18,10,18,4,18,7,15,9,18,12,18,10,12,8,9,8,9,7,10,5,6,2,5,1,2,-5,2,-9,5,-9,4,-12,4,-20,4,-26,4,-27,9,-34,10,-35,13,-40,20,-41,21,-42,23,-45,27,-47,29,-48,31,-51,34,-49,38,-50,36,-49,35,-50,37,-52,40,-56,41,-55,40,-57,45,-57,46,-60,49,-57,49,-56,54,-61,57,-58,59,-55,61,-61,57,-53,0,0]",1
CSI_DATA,53270,1a:00:00:00:00:00,-31,11,1,0,1,1,1,0,0,0,1,-97,0,11,2,717380488,0,44,0,384,0,"[0,0,0,0,0,0,0,0,0,0,0,0,2,12,2,12,3,12,2,12,2,12,2,11,2,11,2,10,2,10,3,9,3,9,3,9,3,8,4,8,4,7,5,7,5,7,6,7,6,6,7,7,7,7,8,7,8,7,8,7,9,8,9,8,0,0,8,8,8,8,8,8,8,8,7,8,7,8,7,8,7,7,7,7,7,7,8,6,8,7,8,7,8,7,8,8,7,8,7,8,7,8,6,8,6,9,5,9,4,9,4,9,3,9,2,9,1,8,0,0,0,0,0,0,0,0,0,0,0,0,0,0,60,-56,56,-49,48,-52,48,-50,47,-49,46,-47,47,-51,47,-52,47,-50,40,-47,40,-48,41,-46,37,-43,34,-44,29,-45,30,-44,26,-44,20,-48,17,-48,13,-49,12,-50,10,-49,7,-54,7,-56,10,-57,7,-60,8,-63,7,-63,7,-66,4,-67,8,-70,10,-65,14,-64,10,-62,13,-66,16,-63,13,-59,12,-55,6,-58,6,-53,11,-60,4,-56,2,-59,2,-58,8,-59,7,-61,13,-60,15,-65,14,-53,14,-56,23,-58,26,-54,26,-50,31,-46,30,-45,28,-41,35,-34,0,0,0,0,0,0,0,0,0,0,0,0,0,0,0,0,0,0,0,0,0,0,-1,24,-4,22,-2,22,-6,17,-7,21,-4,16,-8,17,-5,18,-7,18,-8,19,-5,18,-6,17,-7,22,-8,20,-11,17,-9,18,-8,17,-14,16,-8,12,-11,11,-10,9,-6,7,-6,3,-1,4,2,1,8,2,8,1,12,2,21,0,21,6,26,1,32,9,37,11,37,14,40,17,38,21,47,25,46,23,50,30,52,32,49,30,51,32,48,35,52,35,52,37,52,36,54,40,56,44,58,44,58,45,60,47,59,47,60,52,59,52,62,51,59,53,57,61,0,0]",1
CSI_DATA,53271,1a:00:00:00:00:00,-31,11,1,0,1,1,1,0,0,0,1,-97,0,11,2,717390487,0,44,0,384,0,"[0,0,0,0,0,0,0,0,0,0,0,0,-13,4,-13,4,-13,4,-13,4,-12,3,-12,3,-12,3,-11,3,-11,3,-10,4,-10,4,-9,4,-9,4,-8,5,-8,5,-7,6,-7,6,-7,7,-7,7,-7,8,-7,8,-7,8,-7,9,-7,9,-8,9,-8,10,0,0,-9,9,-8,9,-8,9,-8,9,-8,8,-8,8,-8,8,-7,8,-7,8,-7,8,-7,9,-7,9,-7,9,-7,8,-8,8,-8,8,-8,8,-8,8,-9,7,-9,7,-10,6,-10,5,-10,5,-9,4,-10,3,-9,2,0,0,0,0,0,0,0,0,0,0,0,0,0,0,68,32,63,31,62,33,65,32,61,27,63,27,65,20,65,24,64,27,61,23,57,20,55,23,57,17,54,18,51,15,51,12,50,9,46,6,47,5,52,-1,50,-6,54,-6,54,-7,56,-16,58,-13,55,-13,62,-15,63,-13,63,-14,64,-15,64,-14,66,-12,65,-12,65,-12,63,-8,61,-7,58,-4,55,-9,56,-10,52,-13,55,-11,55,-13,54,-11,57,-16,57,-12,61,-13,58,-11,64,-8,60,-8,58,-3,56,3,58,4,56,6,56,9,47,15,48,16,42,17,0,0,0,0,0,0,0,0,0,0,0,0,0,0,0,0,0,0,0,0,0,0,-24,9,-24,4,-23,0,-23,3,-20,-1,-19,5,-19,2,-21,1,-21,0,-20,1,-22,2,-23,0,-20,-1,-22,2,-22,-3,-22,-5,-21,-3,-20,-3,-17,-5,-15,-4,-12,-3,-8,-3,-7,-2,-2,3,-4,3,-3,4,3,7,3,11,7,20,5,24,4,26,4,33,3,37,0,43,-1,44,-3,43,-9,52,-11,54,-10,54,-12,56,-8,60,-13,58,-18,61,-14,63,-15,62,-17,69,-15,69,-22,70,-22,72,-24,69,-22,70,-21,74,-30,73,-30,74,-29,76,-30,75,-34,74,0,0]",1
CSI_DATA,53272,1a:00:00:00:00:00,-31,11,1,0,1,1,1,0,0,0,1,-97,0,11,2,717410509,0,44,0,384,0,"[0,0,0,0,0,0,0,0,0,0,0,0,9,-8,9,-8,9,-9,9,-8,9,-8,9,-8,8,-8,8,-7,8,-7,7,-7,7,-7,6,-8,5,-8,5,-8,4,-8,4,-8,3,-9,3,-9,3,-10,3,-10,3,-10,3,-11,3,-11,3,-12,3,-12,3,-12,0,0,4,-12,4,-11,4,-11,4,-11,4,-11,4,-11,4,-10,3,-10,3,-10,3,-10,2,-11,3,-11,3,-11,3,-11,3,-11,4,-11,4,-11,4,-11,5,-10,5,-10,6,-9,6,-9,7,-8,6,-7,7,-6,7,-5,0,0,0,0,0,0,0,0,0,0,0,0,0,0,-79,-9,-69,-10,-75,-3,-72,-4,-69,-7,-72,-3,-68,0,-72,-3,-68,-1,-64,0,-63,-3,-58,-3,-62,2,-52,1,-50,7,-55,8,-52,11,-51,12,-52,15,-47,19,-48,26,-45,23,-50,28,-50,28,-51,27,-51,35,-50,34,-52,34,-56,32,-59,36,-59,32,-63,34,-55,30,-56,30,-53,27,-58,27,-51,27,-54,26,-50,26,-50,27,-49,27,-51,33,-52,28,-51,32,-55,33,-51,30,-54,30,-55,29,-55,23,-55,20,-61,14,-53,13,-55,10,-57,3,-51,1,-51,-1,-49,-5,0,0,0,0,0,0,0,0,0,0,0,0,0,0,0,0,0,0,0,0,0,0,19,-19,19,-14,16,-11,19,-9,15,-11,19,-12,14,-10,18,-12,17,-11,17,-10,19,-10,16,-12,19,-12,18,-11,19,-10,20,-4,19,-5,16,-7,15,-2,16,-5,13,-4,7,-1,5,-1,2,-3,0,-8,-3,-7,-7,-8,-10,-12,-11,-16,-15,-20,-15,-27,-20,-30,-19,-35,-19,-40,-17,-41,-17,-43,-14,-45,-14,-49,-13,-54,-14,-56,-13,-59,-13,-59,-10,-67,-9,-60,-10,-61,-12,-69,-10,-73,-6,-70,-4,-73,-6,-73,-6,-77,-6,-80,-4,-86,0,-78,-1,-82,2,-83,5,-84,0,0]",1
CSI_DATA,53273,1a:00:00:00:00:00,-31,11,1,0,1,1,1,0,0,0,1,-97,0,11,2,717420484,0,44,0,384,0,"[0,0,0,0,0,0,0,0,0,0,0,0,12,5,12,4,11,4,12,4,11,4,11,4,10,4,10,4,10,4,9,3,9,2,9,2,9,1,9,1,9,0,9,-1,9,-1,9,-1,10,-2,10,-2,10,-2,11,-2,11,-3,11,-3,12,-3,12,-3,0,0,12,-2,12,-2,12,-2,11,-2,11,-1,11,-1,10,-1,10,-2,10,-2,10,-2,10,-3,10,-2,10,-2,11,-2,11,-2,11,-2,11,-1,11,-1,11,0,10,1,10,1,10,2,10,2,9,3,8,3,7,4,0,0,0,0,0,0,0,0,0,0,0,0,0,0,-27,-75,-28,-69,-29,-66,-27,-65,-33,-64,-30,-64,-28,-64,-29,-63,-30,-59,-28,-58,-27,-55,-26,-55,-28,-56,-29,-46,-29,-45,-32,-43,-34,-39,-41,-36,-38,-35,-38,-35,-47,-30,-43,-32,-46,-28,-45,-32,-49,-30,-53,-33,-55,-31,-57,-29,-55,-31,-60,-35,-58,-34,-54,-39,-53,-39,-54,-35,-56,-37,-52,-36,-45,-34,-45,-36,-47,-33,-48,-33,-49,-32,-52,-30,-51,-31,-54,-28,-54,-32,-53,-31,-52,-36,-50,-38,-46,-35,-46,-37,-42,-43,-37,-41,-39,-43,-33,-48,-27,-44,-24,-44,-17,-42,0,0,0,0,0,0,0,0,0,0,0,0,0,0,0,0,0,0,0,0,0,0,24,10,20,9,20,12,19,14,18,14,14,12,16,10,14,11,16,13,14,11,16,13,16,11,16,12,14,15,17,13,11,14,14,13,10,14,11,13,7,11,4,11,2,7,4,5,4,2,6,-3,5,-8,6,-11,8,-15,10,-15,12,-20,16,-26,19,-28,27,-28,26,-28,31,-31,35,-33,37,-31,41,-35,45,-36,43,-39,49,-39,51,-36,49,-34,58,-36,55,-35,55,-34,58,-34,64,-32,64,-40,66,-37,60,-42,70,-40,74,-36,72,-32,70,-36,75,-31,72,-32,0,0]",1
CSI_DATA,53274,1a:00:00:00:00:00,-31,11,1,0,1,1,1,0,0,0,1,-97,0,11,2,717430483,0,44,0,384,0,"[0,0,0,0,0,0,0,0,0,0,0,0,-3,12,-2,12,-2,12,-2,12,-2,12,-2,12,-2,11,-2,11,-2,10,-2,10,-1,10,-1,9,0,9,0,9,1,9,2,9,2,9,3,9,3,9,3,9,4,10,4,10,4,10,5,10,5,11,5,11,0,0,4,11,4,11,4,11,3,11,3,10,3,10,3,10,3,9,3,9,4,10,4,9,4,10,4,10,4,10,3,10,3,10,3,11,2,10,2,11,1,10,0,11,-1,10,-1,10,-2,9,-3,9,-3,8,0,0,0,0,0,0,0,0,0,0,0,0,0,0,64,-41,61,-37,57,-41,60,-42,55,-42,56,-42,51,-40,53,-46,52,-41,53,-39,49,-41,45,-36,43,-37,40,-38,35,-36,35,-37,31,-40,24,-42,32,-44,23,-41,24,-50,21,-49,21,-53,19,-55,21,-56,20,-60,18,-61,18,-62,19,-63,20,-62,20,-65,28,-66,23,-61,22,-63,28,-56,23,-57,24,-54,24,-53,22,-50,18,-55,16,-56,16,-55,18,-58,14,-58,21,-62,19,-56,20,-57,25,-55,24,-53,27,-51,32,-51,33,-48,37,-45,38,-42,37,-37,38,-34,41,-27,0,0,0,0,0,0,0,0,0,0,0,0,0,0,0,0,0,0,0,0,0,0,-5,22,-7,20,-8,20,-9,18,-8,21,-11,17,-11,14,-7,16,-8,18,-9,19,-12,18,-11,17,-9,19,-8,18,-13,19,-12,16,-12,15,-14,13,-13,14,-10,13,-10,9,-5,7,-4,3,2,3,2,4,7,5,11,3,16,4,13,6,24,7,27,9,31,10,31,15,36,20,39,20,37,27,41,28,42,31,45,37,47,36,48,40,44,42,46,43,44,43,47,41,53,46,46,47,51,52,55,53,50,53,50,58,53,58,52,63,51,61,51,59,46,61,46,62,0,0]",1
CSI_DATA,53275,1a:00:00:00:00:00,-31,11,1,0,1,1,1,0,0,0,1,-97,0,11,2,717450506,0,44,0,384,0,"[0,0,0,0,0,0,0,0,0,0,0,0,1,-14,1,-13,1,-14,1,-13,1,-13,1,-12,1,-12,1,-12,1,-11,0,-11,0,-11,-1,-10,-1,-10,-2,-10,-2,-10,-3,-10,-3,-9,-4,-10,-4,-10,-4,-10,-4,-11,-5,-11,-5,-11,-5,-11,-5,-12,-5,-12,0,0,-5,-12,-5,-12,-4,-12,-4,-12,-4,-11,-4,-11,-3,-11,-4,-11,-4,-10,-4,-10,-5,-10,-5,-11,-5,-11,-5,-11,-4,-11,-4,-11,-3,-12,-3,-11,-2,-12,-2,-11,-1,-12,0,-11,1,-11,1,-10,2,-10,2,-9,0,0,0,0,0,0,0,0,0,0,0,0,0,0,-56,57,-54,55,-50,52,-49,48,-45,51,-45,53,-42,51,-44,52,-42,50,-40,50,-39,47,-39,48,-35,48,-31,44,-32,44,-26,47,-24,47,-20,44,-18,47,-15,49,-14,51,-12,52,-10,58,-8,56,-8,56,-9,58,-7,62,-7,62,-5,68,-6,67,-13,66,-13,68,-13,62,-13,61,-18,59,-16,57,-11,57,-15,56,-13,54,-10,57,-12,55,-6,51,-10,59,-6,58,-9,60,-11,58,-14,59,-16,60,-17,54,-20,52,-23,55,-24,50,-26,49,-32,47,-31,41,-34,37,-36,32,0,0,0,0,0,0,0,0,0,0,0,0,0,0,0,0,0,0,0,0,0,0,-1,-26,-1,-23,1,-23,2,-20,1,-18,4,-20,4,-21,-2,-22,4,-19,0,-23,5,-20,6,-20,6,-21,5,-22,4,-23,5,-22,5,-23,11,-17,7,-18,7,-13,6,-10,4,-10,1,-6,1,-4,-4,-6,-6,-1,-10,0,-14,-3,-22,-1,-24,-2,-29,1,-36,-8,-37,-7,-40,-11,-42,-14,-46,-18,-45,-16,-51,-20,-51,-23,-53,-29,-54,-30,-53,-32,-56,-38,-60,-35,-56,-31,-58,-31,-62,-35,-63,-38,-64,-45,-61,-41,-64,-46,-66,-48,-64,-46,-62,-49,-66,-55,-64,-56,-63,-55,0,0]",1
CSI_DATA,53276,1a:00:00:00:00:00,-31,11,1,0,1,1,1,0,0,0,1,-97,0,11,2,717460476,0,44,0,384,0,"[0,0,0,0,0,0,0,0,0,0,0,0,12,-4,12,-4,12,-4,12,-4,12,-4,11,-3,11,-3,11,-3,10,-3,9,-4,9,-4,9,-4,8,-5,8,-5,8,-6,7,-6,7,-7,7,-7,7,-8,7,-8,7,-8,7,-9,7,-9,7,-10,7,-10,7,-10,0,0,8,-9,8,-9,8,-9,8,-9,8,-9,8,-8,7,-8,7,-8,7,-8,7,-8,6,-9,6,-9,7,-9,7,-9,7,-9,8,-9,8,-8,8,-8,8,-7,9,-7,9,-6,9,-6,9,-5,9,-4,9,-3,8,-2,0,0,0,0,0,0,0,0,0,0,0,0,0,0,-63,-38,-65,-39,-60,-32,-61,-31,-63,-33,-62,-31,-63,-32,-62,-30,-61,-28,-59,-25,-55,-22,-59,-23,-55,-19,-56,-19,-52,-20,-49,-14,-50,-10,-49,-5,-53,-7,-50,-3,-48,3,-57,8,-55,6,-55,8,-56,9,-61,11,-62,11,-63,14,-63,9,-66,10,-65,7,-66,7,-64,4,-64,4,-62,4,-64,5,-60,6,-57,6,-58,4,-54,8,-56,12,-54,10,-57,8,-58,11,-59,7,-61,10,-58,5,-61,4,-58,1,-60,-2,-61,-4,-58,-5,-52,-11,-53,-12,-52,-17,-47,-20,-43,-20,0,0,0,0,0,0,0,0,0,0,0,0,0,0,0,0,0,0,0,0,0,0,23,-11,22,-3,20,1,20,-2,23,-1,20,1,18,-3,20,-2,20,-3,25,-2,21,0,21,0,19,0,19,-2,21,2,22,0,23,0,20,3,15,5,15,4,9,5,11,3,5,1,5,-4,0,-5,1,-9,0,-12,-6,-14,-4,-21,-4,-25,-4,-30,-4,-34,-2,-35,-3,-37,1,-45,5,-50,8,-51,9,-55,8,-53,15,-57,14,-60,16,-60,18,-61,17,-64,18,-62,20,-63,17,-66,19,-70,24,-72,24,-74,26,-74,28,-75,32,-74,33,-76,33,-76,37,-71,34,-73,0,0]",1
CSI_DATA,53277,1a:00:00:00:00:00,-31,11,1,0,1,1,1,0,0,0,1,-97,0,11,2,717470496,0,44,0,384,0,"[0,0,0,0,0,0,0,0,0,0,0,0,4,13,4,12,4,12,3,12,3,12,3,12,3,11,3,11,3,10,3,10,4,9,4,8,4,8,5,8,5,7,6,7,6,7,7,6,7,6,8,6,8,7,8,7,9,7,9,7,10,7,10,7,0,0,9,8,9,8,9,8,8,8,8,7,8,7,8,7,8,7,8,7,8,6,9,6,9,6,9,7,9,7,8,7,8,7,8,8,8,8,7,8,6,9,6,9,5,9,4,9,4,9,3,9,2,8,0,0,0,0,0,0,0,0,0,0,0,0,0,0,44,-71,39,-58,44,-62,37,-60,35,-56,38,-61,33,-58,35,-64,34,-60,36,-57,31,-55,29,-54,26,-53,21,-52,23,-49,17,-49,14,-52,13,-48,9,-51,4,-49,2,-55,0,-55,-3,-56,-4,-59,-4,-60,-5,-57,-3,-63,-6,-63,-3,-65,-6,-66,0,-65,-2,-72,2,-63,0,-68,2,-63,3,-62,1,-58,1,-55,-2,-58,-5,-59,-3,-54,-3,-58,-4,-61,-5,-59,-4,-63,0,-61,-1,-63,3,-61,6,-61,7,-58,12,-58,10,-57,16,-54,19,-53,22,-47,26,-45,23,-40,0,0,0,0,0,0,0,0,0,0,0,0,0,0,0,0,0,0,0,0,0,0,6,22,1,20,3,21,-2,19,-3,19,0,21,-2,19,-2,20,0,18,0,18,2,21,0,22,0,21,-1,20,-5,23,-5,19,-2,21,-6,17,-7,18,-5,16,-5,8,-2,8,-2,5,2,4,5,4,9,0,11,-2,13,0,18,-4,24,-4,27,-4,33,0,40,0,39,2,44,7,48,8,46,10,53,13,53,17,55,14,56,19,57,20,58,22,61,25,64,21,63,25,66,23,67,26,65,27,72,32,71,36,73,30,74,38,69,39,73,40,71,48,74,46,0,0]",1
CSI_DATA,53278,1a:00:00:00:00:00,-31,11,1,0,1,1,1,0,0,0,1,-97,0,11,2,717490506,0,44,0,384,0,"[0,0,0,0,0,0,0,0,0,0,0,0,-10,-10,-10,-10,-10,-10,-9,-9,-10,-10,-9,-9,-9,-9,-8,-9,-8,-8,-8,-8,-9,-7,-9,-6,-8,-6,-9,-5,-9,-5,-9,-4,-9,-4,-10,-3,-10,-3,-11,-3,-11,-3,-11,-3,-12,-3,-12,-2,-13,-3,-12,-3,0,0,-12,-4,-12,-4,-12,-4,-12,-4,-11,-4,-11,-4,-11,-4,-11,-4,-11,-3,-11,-3,-11,-2,-11,-3,-11,-3,-11,-3,-12,-3,-11,-4,-11,-4,-11,-4,-11,-5,-10,-6,-10,-6,-9,-7,-9,-7,-8,-7,-7,-7,-6,-7,0,0,0,0,0,0,0,0,0,0,0,0,0,0,-3,77,-4,74,4,68,0,69,2,68,4,70,3,69,6,69,6,64,3,64,7,61,6,54,5,60,4,53,11,53,14,53,14,48,17,46,21,46,24,44,27,45,28,43,31,42,33,43,36,47,39,45,42,50,42,48,42,50,41,51,38,55,41,58,36,52,38,50,35,52,33,52,33,49,31,46,33,44,35,44,33,45,35,42,37,45,40,44,34,49,34,45,35,45,32,49,28,48,27,48,24,55,21,48,15,55,12,53,12,49,11,48,3,49,0,0,0,0,0,0,0,0,0,0,0,0,0,0,0,0,0,0,0,0,0,0,-18,-15,-13,-16,-15,-18,-9,-21,-14,-18,-9,-15,-8,-14,-11,-17,-14,-17,-9,-16,-13,-17,-7,-19,-13,-18,-11,-18,-9,-21,-11,-20,-10,-15,-6,-17,-2,-17,-1,-12,-2,-12,-6,-9,-1,-6,-7,-2,-7,-1,-9,3,-7,2,-12,9,-15,12,-20,14,-25,17,-29,16,-32,20,-37,21,-41,19,-48,18,-48,19,-51,17,-52,17,-59,16,-58,15,-60,14,-61,12,-65,17,-66,16,-65,11,-67,13,-72,14,-74,14,-72,12,-76,13,-82,14,-85,7,-78,4,-80,8,-82,5,-80,-1,0,0]",1
CSI_DATA,53279,1a:00:00:00:00:00,-31,11,1,0,1,1,1,0,0,0,1,-97,0,11,2,717500503,0,44,0,384,0,"[0,0,0,0,0,0,0,0,0,0,0,0,4,-12,4,-13,4,-12,4,-12,4,-12,3,-12,3,-11,3,-11,3,-11,2,-10,2,-10,1,-10,1,-10,0,-10,0,-10,-1,-10,-1,-10,-2,-10,-2,-10,-2,-11,-3,-11,-3,-11,-3,-11,-3,-12,-3,-12,-3,-12,0,0,-3,-13,-2,-12,-2,-12,-2,-12,-2,-12,-2,-11,-2,-11,-2,-11,-2,-11,-2,-11,-3,-11,-3,-11,-3,-11,-3,-11,-2,-11,-2,-11,-2,-12,-1,-11,-1,-11,0,-11,1,-11,2,-11,2,-10,2,-10,3,-9,3,-8,0,0,0,0,0,0,0,0,0,0,0,0,0,0,-80,18,-71,19,-71,22,-67,24,-66,26,-67,23,-65,24,-66,22,-58,23,-60,23,-60,20,-56,22,-54,25,-49,24,-47,24,-48,26,-41,28,-38,34,-40,33,-37,30,-36,38,-32,39,-36,47,-34,43,-34,47,-34,52,-36,50,-33,52,-37,56,-38,56,-41,55,-43,56,-38,48,-42,52,-41,47,-43,44,-37,48,-37,41,-36,44,-37,43,-31,45,-30,49,-36,48,-35,51,-33,51,-34,47,-41,48,-40,51,-42,46,-41,41,-41,38,-46,38,-43,34,-47,28,-45,23,-45,24,-48,16,0,0,0,0,0,0,0,0,0,0,0,0,0,0,0,0,0,0,0,0,0,0,8,-22,14,-17,10,-19,13,-18,8,-17,12,-14,12,-15,11,-18,15,-16,10,-17,15,-15,14,-12,12,-16,16,-18,14,-16,13,-13,18,-13,16,-11,16,-6,13,-8,10,-8,10,-9,3,-3,0,-3,0,-3,-4,-4,-11,-6,-17,-9,-14,-10,-24,-14,-20,-18,-25,-20,-29,-23,-31,-30,-32,-32,-29,-40,-33,-40,-33,-43,-31,-48,-36,-49,-35,-50,-32,-54,-33,-57,-34,-55,-36,-58,-36,-56,-38,-63,-38,-66,-36,-66,-36,-69,-34,-70,-39,-75,-29,-78,-30,-70,-34,-82,-26,-80,-28,-76,0,0]",1
CSI_DATA,53280,1a:00:00:00:00:00,-31,11,1,0,1,1,1,0,0,0,1,-97,0,11,2,717510522,0,44,0,384,0,"[0,0,0,0,0,0,0,0,0,0,0,0,12,2,12,1,12,1,12,1,11,1,11,2,11,1,10,1,10,1,9,1,10,0,9,0,9,-1,8,-1,8,-2,9,-3,9,-3,8,-3,9,-4,9,-4,9,-4,9,-5,10,-5,10,-5,10,-5,10,-5,0,0,11,-5,11,-4,11,-4,10,-4,10,-4,10,-3,10,-3,9,-4,9,-4,9,-4,9,-5,9,-4,9,-4,10,-4,10,-4,10,-4,10,-3,10,-3,10,-2,10,-2,10,-1,10,0,10,0,9,1,9,2,8,2,0,0,0,0,0,0,0,0,0,0,0,0,0,0,-49,-59,-43,-57,-45,-56,-48,-55,-46,-51,-51,-52,-47,-48,-50,-50,-48,-48,-44,-48,-46,-44,-48,-45,-44,-41,-42,-39,-39,-36,-44,-31,-43,-30,-46,-25,-49,-25,-49,-19,-53,-17,-54,-16,-53,-13,-55,-12,-57,-15,-57,-12,-60,-15,-60,-16,-64,-16,-63,-16,-61,-14,-67,-19,-63,-18,-62,-15,-59,-22,-61,-23,-58,-18,-55,-16,-55,-13,-57,-16,-56,-10,-58,-12,-56,-16,-60,-13,-60,-15,-60,-15,-59,-20,-57,-21,-57,-24,-52,-20,-54,-29,-48,-30,-51,-31,-44,-34,-41,-35,-37,-36,-34,-37,0,0,0,0,0,0,0,0,0,0,0,0,0,0,0,0,0,0,0,0,0,0,21,0,22,2,23,4,19,7,20,8,20,6,18,-1,18,2,19,3,20,5,20,8,21,6,17,6,22,8,19,9,17,8,17,11,16,9,17,9,8,8,7,5,8,4,4,-1,5,-3,0,-5,1,-8,1,-13,3,-19,3,-23,2,-26,6,-25,9,-34,9,-37,14,-40,18,-43,17,-43,26,-46,27,-48,30,-49,32,-50,32,-52,30,-53,38,-53,37,-54,40,-56,43,-52,42,-55,45,-60,49,-59,46,-60,53,-62,51,-61,55,-61,57,-59,62,-62,65,-61,62,-51,0,0]",1
CSI_DATA,53281,1a:00:00:00:00:00,-31,11,1,0,1,1,1,0,0,0,1,-97,0,11,2,717530502,0,44,0,384,0,"[0,0,0,0,0,0,0,0,0,0,0,0,-10,8,-10,8,-9,8,-10,8,-9,8,-9,8,-9,7,-9,7,-8,7,-7,7,-7,7,-6,7,-6,7,-5,7,-5,8,-4,8,-4,8,-4,9,-3,9,-3,10,-3,10,-3,10,-3,10,-3,11,-3,11,-3,11,0,0,-4,11,-3,11,-4,11,-4,11,-4,10,-4,10,-4,10,-3,10,-3,10,-3,9,-2,10,-3,10,-3,10,-3,10,-3,10,-4,10,-4,10,-4,10,-5,10,-5,9,-6,9,-6,8,-7,8,-7,7,-7,6,-7,5,0,0,0,0,0,0,0,0,0,0,0,0,0,0,81,12,72,14,71,10,71,5,71,-1,71,5,67,4,71,5,66,0,69,3,65,4,60,0,60,-2,53,-8,54,-3,52,-6,50,-11,51,-15,48,-16,47,-18,50,-24,46,-27,48,-31,49,-30,46,-34,50,-34,51,-35,53,-37,54,-38,55,-39,58,-36,58,-37,59,-33,57,-38,55,-34,57,-30,54,-29,47,-29,50,-32,50,-32,45,-30,48,-33,46,-35,46,-36,49,-36,49,-33,53,-32,52,-34,53,-27,55,-28,57,-21,49,-19,54,-15,52,-13,51,-7,50,-5,49,-1,0,0,0,0,0,0,0,0,0,0,0,0,0,0,0,0,0,0,0,0,0,0,-19,12,-21,7,-25,8,-19,9,-19,9,-20,7,-19,6,-20,7,-20,8,-17,8,-19,4,-18,5,-19,9,-22,10,-20,5,-21,2,-22,4,-21,4,-18,0,-16,-1,-13,-1,-8,0,-7,1,-3,0,-2,6,3,7,8,8,8,12,8,17,14,21,13,24,15,29,13,35,13,41,13,45,12,49,9,50,8,54,7,58,7,61,5,63,8,60,4,63,3,65,6,68,6,69,5,73,6,77,3,77,2,81,0,79,1,82,-4,84,-6,79,-5,85,-8,83,-10,81,0,0]",1
CSI_DATA,53282,1a:00:00:00:00:00,-31,11,1,0,1,1,1,0,0,0,1,-97,0,11,2,717540484,0,44,0,384,0,"[0,0,0,0,0,0,0,0,0,0,0,0,-12,-7,-12,-7,-12,-7,-12,-7,-12,-7,-11,-7,-11,-6,-10,-6,-10,-6,-10,-5,-10,-5,-10,-4,-9,-4,-10,-3,-10,-3,-10,-1,-10,-1,-10,-1,-11,0,-11,0,-11,0,-12,0,-12,0,-12,1,-13,1,-13,1,0,0,-13,0,-13,0,-13,0,-13,0,-12,0,-12,-1,-12,-1,-11,-1,-11,0,-11,0,-12,1,-11,0,-12,0,-12,0,-12,0,-12,0,-12,-1,-12,-1,-12,-2,-11,-2,-11,-3,-11,-4,-10,-4,-10,-4,-9,-5,-8,-5,0,0,0,0,0,0,0,0,0,0,0,0,0,0,20,70,19,72,20,69,21,68,25,61,27,68,27,62,24,65,22,62,23,60,26,56,23,55,22,51,27,52,25,50,24,42,30,43,29,42,35,39,36,33,41,34,41,38,43,32,45,34,45,35,50,35,52,33,52,32,55,38,56,37,53,37,50,41,52,39,50,39,47,40,47,39,46,37,43,38,41,36,43,32,44,31,47,32,47,34,49,32,45,35,52,35,46,36,47,40,43,39,39,38,39,48,33,45,35,45,27,47,24,44,17,45,16,44,0,0,0,0,0,0,0,0,0,0,0,0,0,0,0,0,0,0,0,0,0,0,-22,-8,-21,-11,-19,-15,-16,-15,-17,-13,-16,-16,-16,-10,-15,-13,-14,-11,-16,-15,-18,-14,-18,-13,-17,-13,-16,-14,-17,-12,-18,-15,-14,-14,-12,-17,-10,-16,-8,-12,-5,-11,-7,-9,-5,-7,-6,-4,-5,0,-6,8,-5,8,-9,14,-12,19,-14,19,-16,28,-22,27,-25,30,-28,28,-34,31,-38,30,-38,32,-42,33,-50,35,-51,39,-53,35,-48,33,-55,33,-55,33,-59,35,-57,37,-63,36,-65,34,-69,34,-72,37,-68,40,-71,42,-72,33,-76,34,-79,33,-80,33,-77,31,0,0]",1
CSI_DATA,53283,1a:00:00:00:00:00,-31,11,1,0,1,1,1,0,0,0,1,-97,0,11,2,717550478,0,44,0,384,0,"[0,0,0,0,0,0,0,0,0,0,0,0,0,-14,0,-14,0,-14,0,-14,0,-14,0,-13,0,-13,0,-12,0,-12,-1,-11,-1,-11,-2,-10,-2,-10,-3,-10,-3,-10,-4,-10,-4,-9,-5,-9,-5,-9,-6,-10,-6,-10,-6,-10,-6,-10,-7,-10,-7,-11,-7,-11,0,0,-6,-11,-7,-12,-6,-11,-6,-11,-6,-11,-5,-11,-5,-11,-5,-10,-6,-10,-6,-10,-7,-10,-6,-10,-6,-10,-6,-10,-6,-10,-6,-10,-6,-11,-5,-11,-4,-11,-4,-11,-3,-11,-2,-11,-1,-11,-1,-10,0,-10,0,-9,0,0,0,0,0,0,0,0,0,0,0,0,0,0,-61,55,-54,48,-52,49,-53,46,-48,48,-45,51,-47,46,-47,51,-42,49,-44,47,-42,40,-38,42,-38,44,-34,40,-33,41,-29,44,-24,41,-21,45,-20,44,-17,45,-17,50,-13,50,-12,55,-11,55,-10,56,-9,58,-8,58,-7,63,-8,60,-13,62,-13,64,-17,65,-15,61,-13,58,-15,59,-18,60,-15,54,-15,55,-15,55,-11,59,-9,50,-10,54,-13,56,-9,61,-10,59,-10,56,-13,57,-17,56,-19,55,-20,49,-24,54,-26,49,-27,48,-30,44,-29,42,-34,37,-35,32,0,0,0,0,0,0,0,0,0,0,0,0,0,0,0,0,0,0,0,0,0,0,-4,-22,1,-21,2,-18,-1,-21,3,-20,5,-17,1,-18,4,-17,4,-16,2,-22,4,-19,6,-20,3,-25,6,-20,3,-20,6,-23,7,-19,9,-16,7,-14,5,-12,2,-9,2,-9,0,-5,-2,-4,-6,-6,-10,-4,-10,-3,-16,-2,-21,1,-25,-4,-32,-4,-36,-7,-34,-11,-40,-13,-46,-16,-44,-15,-45,-18,-51,-24,-53,-24,-52,-29,-54,-27,-48,-31,-55,-34,-59,-33,-57,-37,-52,-37,-62,-40,-60,-40,-62,-45,-57,-44,-62,-48,-65,-50,-67,-54,-62,-50,-63,-56,-64,-61,-57,-59,0,0]",1
CSI_DATA,53284,1a:00:00:00:00:00,-31,11,1,0,1,1,1,0,0,0,1,-97,0,11,2,717570503,0,44,0,384,0,"[0,0,0,0,0,0,0,0,0,0,0,0,7,10,7,10,7,10,7,10,7,10,6,9,6,9,6,9,6,8,6,8,6,7,6,7,6,6,6,5,7,5,8,4,8,4,8,4,9,4,9,4,9,4,9,4,10,4,10,4,11,4,10,4,0,0,11,5,11,5,10,5,10,5,9,5,9,5,9,4,9,4,9,4,9,4,9,3,9,4,9,4,10,4,10,4,9,4,9,5,9,5,9,6,8,6,7,7,7,7,6,7,6,7,5,7,4,7,0,0,0,0,0,0,0,0,0,0,0,0,0,0,13,-74,18,-76,13,-70,13,-72,11,-71,8,-68,6,-70,6,-68,7,-66,6,-66,5,-61,7,-57,1,-58,4,-57,4,-57,2,-51,-2,-52,-9,-52,-9,-50,-16,-48,-19,-44,-17,-51,-21,-54,-24,-52,-21,-50,-22,-56,-27,-56,-29,-55,-26,-59,-29,-60,-26,-60,-23,-65,-22,-61,-25,-56,-20,-58,-17,-55,-21,-54,-19,-54,-17,-54,-24,-56,-23,-48,-23,-54,-24,-54,-24,-54,-22,-52,-23,-55,-21,-59,-22,-56,-13,-60,-12,-57,-10,-59,-6,-56,-2,-54,3,-57,1,-52,8,-47,13,-44,0,0,0,0,0,0,0,0,0,0,0,0,0,0,0,0,0,0,0,0,0,0,14,13,9,16,9,17,11,19,12,16,8,14,7,12,7,14,8,11,7,15,4,18,9,14,10,18,11,20,7,17,8,20,4,18,6,17,1,15,3,13,2,12,1,12,2,5,3,4,3,2,7,-4,13,-5,11,-9,15,-9,22,-16,24,-17,29,-14,31,-15,39,-18,46,-15,46,-16,52,-14,53,-10,55,-10,53,-9,60,-11,58,-11,61,-7,63,-5,64,-7,68,-5,69,-7,70,-4,75,-2,76,-3,80,1,77,-2,79,6,84,8,86,5,85,9,80,11,0,0]",1
CSI_DATA,53285,1a:00:00:00:00:00,-31,11,1,0,1,1,1,0,0,0,1,-97,0,11,2,717580494,0,44,0,384,0,"[0,0,0,0,0,0,0,0,0,0,0,0,-8,10,-8,10,-8,10,-8,10,-8,10,-7,9,-7,9,-7,9,-6,8,-6,8,-6,8,-5,8,-4,8,-4,8,-3,8,-3,9,-2,8,-2,9,-1,9,-1,9,-1,10,-1,10,-1,10,-1,11,-1,11,-1,11,0,0,-2,11,-2,11,-2,11,-2,11,-2,10,-2,10,-2,10,-1,10,-1,10,-1,10,-1,10,-1,10,-1,10,-1,10,-2,10,-2,10,-2,10,-3,10,-3,10,-4,9,-5,9,-5,9,-5,8,-6,7,-6,7,-6,6,0,0,0,0,0,0,0,0,0,0,0,0,0,0,79,-16,73,-17,67,-21,70,-18,71,-22,64,-24,68,-21,63,-20,66,-23,64,-23,60,-17,61,-21,57,-19,54,-22,49,-24,48,-25,43,-28,41,-31,43,-29,42,-37,39,-35,38,-42,37,-39,38,-43,40,-43,38,-46,40,-48,40,-51,40,-51,43,-53,44,-53,51,-48,45,-49,42,-49,45,-49,45,-41,43,-41,41,-38,42,-43,42,-42,41,-42,37,-47,40,-43,37,-46,39,-43,39,-46,44,-39,49,-42,45,-36,48,-34,53,-35,51,-29,48,-25,51,-24,49,-21,50,-13,47,-10,0,0,0,0,0,0,0,0,0,0,0,0,0,0,0,0,0,0,0,0,0,0,-12,19,-10,17,-11,18,-13,16,-9,16,-15,16,-12,11,-13,11,-10,14,-11,14,-13,17,-12,16,-9,13,-11,18,-13,16,-15,14,-15,11,-16,11,-14,8,-12,8,-11,7,-8,4,-8,2,1,4,3,5,5,3,6,6,12,7,18,8,22,13,27,19,26,21,27,26,31,32,33,31,29,37,34,41,34,40,30,47,37,50,31,51,33,56,29,55,36,59,33,56,30,58,33,61,33,68,32,68,34,71,37,70,37,74,32,78,30,79,35,80,29,81,22,83,0,0]",1
CSI_DATA,53286,1a:00:00:00:00:00,-31,11,1,0,1,1,1,0,0,0,1,-97,0,11,2,717590477,0,44,0,384,0,"[0,0,0,0,0,0,0,0,0,0,0,0,-13,-3,-13,-3,-13,-3,-13,-3,-12,-3,-12,-3,-12,-3,-11,-3,-11,-3,-11,-2,-10,-2,-10,-1,-10,-1,-10,0,-9,0,-10,1,-9,1,-10,2,-10,3,-10,3,-10,3,-11,3,-11,3,-11,4,-11,4,-11,4,0,0,-12,3,-12,3,-12,3,-11,2,-11,2,-11,2,-10,2,-10,2,-10,2,-10,3,-10,3,-10,3,-10,3,-11,3,-11,2,-11,2,-11,2,-11,2,-11,1,-11,0,-11,-1,-11,-1,-11,-2,-10,-2,-10,-3,-8,-3,0,0,0,0,0,0,0,0,0,0,0,0,0,0,44,63,37,60,42,58,43,55,41,53,42,52,44,51,40,53,40,55,39,52,40,49,36,45,39,42,38,40,38,41,35,36,39,32,40,28,40,30,41,22,45,20,47,22,50,20,49,18,52,17,54,17,58,17,61,19,59,21,60,18,60,23,59,25,57,26,55,23,53,30,56,26,53,24,50,28,52,24,50,19,49,22,54,21,52,20,52,21,53,22,53,22,51,25,53,28,49,29,47,29,46,33,41,35,39,36,34,39,33,40,28,37,22,41,0,0,0,0,0,0,0,0,0,0,0,0,0,0,0,0,0,0,0,0,0,0,-21,2,-20,-2,-20,-5,-19,-7,-18,-7,-20,-3,-17,-5,-18,-5,-19,-6,-19,-7,-24,-5,-20,-6,-20,-8,-20,-4,-18,-5,-20,-9,-19,-9,-16,-11,-15,-9,-9,-6,-7,-3,-10,-4,-8,-3,-4,0,-7,3,-4,8,-2,9,-4,14,-3,20,-3,29,-7,29,-7,32,-12,36,-13,35,-18,41,-20,42,-23,44,-27,47,-33,46,-33,49,-33,47,-40,47,-42,48,-41,49,-41,53,-47,55,-48,54,-48,53,-50,54,-54,55,-56,54,-56,58,-58,53,-61,54,-64,54,-65,48,-65,50,0,0]",1
CSI_DATA,53287,1a:00:00:00:00:00,-31,11,1,0,1,1,1,0,0,0,1,-97,0,11,2,717610490,0,44,0,384,0,"[0,0,0,0,0,0,0,0,0,0,0,0,11,-8,10,-8,10,-8,10,-8,10,-7,10,-7,10,-7,9,-6,9,-6,8,-7,8,-7,7,-7,6,-7,6,-7,6,-8,5,-8,5,-8,5,-9,4,-9,5,-10,5,-10,5,-10,5,-11,4,-11,5,-11,5,-11,0,0,6,-11,6,-11,6,-11,6,-11,6,-10,6,-10,6,-10,5,-9,5,-10,5,-10,4,-10,5,-10,5,-10,5,-10,6,-10,6,-10,6,-10,6,-9,7,-9,7,-8,8,-8,8,-7,8,-6,8,-6,8,-5,8,-4,0,0,0,0,0,0,0,0,0,0,0,0,0,0,-75,-27,-68,-26,-71,-23,-69,-25,-66,-21,-67,-20,-64,-20,-66,-21,-66,-17,-60,-16,-59,-18,-58,-13,-60,-14,-55,-14,-53,-12,-55,-6,-53,-5,-49,-2,-54,-2,-50,2,-54,6,-56,7,-51,10,-53,10,-57,12,-56,14,-56,15,-61,17,-63,15,-61,17,-64,16,-68,12,-61,10,-62,11,-64,7,-63,8,-60,7,-57,8,-54,11,-54,7,-56,11,-55,13,-57,9,-58,15,-58,11,-61,10,-59,7,-60,5,-60,2,-57,-1,-57,-6,-56,-8,-53,-10,-55,-15,-50,-15,-46,-16,-42,-19,0,0,0,0,0,0,0,0,0,0,0,0,0,0,0,0,0,0,0,0,0,0,18,-16,14,-12,15,-11,18,-10,15,-9,16,-12,17,-9,19,-10,16,-8,18,-6,18,-9,15,-9,19,-10,19,-6,19,-9,22,-4,22,-5,20,-3,16,-3,17,-1,11,0,9,-4,5,0,2,-4,-1,-7,-2,-8,-8,-10,-9,-14,-9,-18,-14,-23,-13,-28,-13,-34,-13,-35,-9,-41,-10,-47,-7,-45,-7,-51,-7,-53,-5,-55,-4,-59,-4,-57,-2,-62,3,-66,2,-66,1,-65,3,-69,2,-68,8,-73,5,-76,10,-76,6,-77,8,-83,14,-81,16,-79,18,-84,20,-79,22,-80,0,0]",1
CSI_DATA,53288,1a:00:00:00:00:00,-31,11,1,0,1,1,1,0,0,0,1,-97,0,11,2,717620582,0,44,0,384,0,"[0,0,0,0,0,0,0,0,0,0,0,0,2,13,3,12,3,13,2,12,2,13,2,12,2,11,2,11,2,11,2,10,3,9,3,9,4,8,4,8,4,8,5,7,5,7,6,7,6,7,7,7,7,7,8,7,8,8,8,7,9,8,9,8,0,0,8,9,8,9,8,8,8,9,7,8,7,8,7,8,7,7,7,7,7,7,8,7,8,7,8,7,8,8,8,8,7,8,7,9,6,8,6,9,5,9,5,10,4,10,3,10,3,9,2,9,1,9,0,0,0,0,0,0,0,0,0,0,0,0,0,0,40,-67,39,-66,36,-63,33,-62,32,-59,33,-61,29,-59,31,-62,30,-58,27,-59,29,-56,28,-55,22,-55,21,-53,17,-49,15,-51,12,-53,8,-50,11,-51,7,-47,1,-55,-4,-53,-3,-52,-4,-56,-4,-59,-7,-59,-8,-59,-8,-61,-8,-63,-9,-65,-6,-65,-3,-67,-1,-62,-3,-65,-4,-61,0,-61,0,-58,-2,-56,0,-59,-5,-59,-7,-55,-5,-56,-4,-57,-9,-58,-4,-60,-6,-57,-3,-60,-2,-59,1,-58,3,-57,8,-57,9,-55,15,-52,21,-52,20,-46,23,-45,24,-40,0,0,0,0,0,0,0,0,0,0,0,0,0,0,0,0,0,0,0,0,0,0,7,18,4,18,6,22,0,24,1,19,2,20,2,17,1,18,0,19,3,18,3,16,1,20,4,20,3,20,1,24,-2,20,-3,19,-5,15,-7,19,-3,12,-3,11,-2,7,-1,6,4,3,4,2,10,-2,12,-1,16,-1,19,-6,25,-8,28,-5,35,-5,37,0,40,1,45,1,48,4,51,7,53,8,55,10,58,14,57,13,60,14,58,17,64,20,62,16,62,21,64,19,70,21,70,24,71,24,73,26,76,29,73,33,73,34,77,35,74,36,71,41,0,0]",1
CSI_DATA,53289,1a:00:00:00:00:00,-31,11,1,0,1,1,1,0,0,0,1,-97,0,11,2,717640492,0,44,0,384,0,"[0,0,0,0,0,0,0,0,0,0,0,0,-14,-1,-14,-1,-13,-1,-13,-1,-13,-1,-13,-1,-12,-1,-12,-1,-11,-1,-11,0,-11,0,-10,1,-10,1,-10,2,-10,2,-9,3,-9,3,-9,4,-9,4,-10,5,-10,5,-10,5,-10,5,-10,6,-11,6,-11,6,0,0,-11,5,-11,5,-11,5,-11,5,-11,5,-11,4,-10,4,-10,4,-10,4,-10,5,-10,5,-10,5,-10,5,-10,5,-10,5,-11,4,-11,4,-11,4,-11,3,-11,2,-11,2,-11,1,-11,0,-10,0,-10,-1,-9,-2,0,0,0,0,0,0,0,0,0,0,0,0,0,0,47,60,46,55,50,55,50,52,47,50,47,51,48,48,48,51,44,47,45,45,43,44,40,43,43,38,43,35,42,35,41,28,43,27,42,23,44,25,45,18,51,19,47,16,51,12,49,12,54,11,55,13,56,11,62,12,62,11,61,10,64,13,64,16,61,17,61,17,59,19,58,19,52,16,54,14,55,13,54,10,52,9,55,8,54,10,55,8,57,12,59,12,55,18,58,14,54,21,55,22,52,21,48,26,48,27,45,30,41,31,36,31,35,35,0,0,0,0,0,0,0,0,0,0,0,0,0,0,0,0,0,0,0,0,0,0,-23,0,-26,-2,-20,-3,-22,-5,-18,-4,-19,-5,-20,-9,-22,-3,-19,-4,-20,-4,-17,-6,-20,-4,-21,-6,-23,-7,-23,-8,-21,-9,-19,-10,-22,-13,-18,-11,-13,-9,-9,-6,-11,-8,-7,-2,-4,1,-3,4,-3,9,-3,11,-5,17,-4,20,-1,23,-7,25,-10,32,-12,33,-15,38,-18,39,-23,43,-23,42,-25,47,-30,49,-32,47,-35,52,-37,50,-40,53,-33,51,-38,53,-42,52,-40,53,-44,57,-48,57,-48,57,-51,58,-55,63,-56,59,-55,54,-59,59,-61,56,-56,54,0,0]",1
CSI_DATA,53290,1a:00:00:00:00:00,-31,11,1,0,1,1,1,0,0,0,1,-97,0,11,2,717650497,0,44,0,384,0,"[0,0,0,0,0,0,0,0,0,0,0,0,-3,-14,-3,-13,-3,-13,-3,-13,-3,-13,-3,-13,-3,-12,-2,-12,-3,-11,-3,-11,-3,-11,-4,-10,-4,-10,-4,-9,-5,-9,-5,-9,-6,-8,-6,-8,-7,-8,-7,-9,-7,-9,-8,-9,-8,-9,-8,-9,-9,-9,-9,-10,0,0,-8,-10,-8,-10,-8,-10,-8,-10,-7,-10,-7,-10,-7,-9,-7,-9,-7,-9,-7,-9,-8,-8,-8,-9,-8,-9,-7,-9,-7,-9,-7,-9,-7,-10,-7,-10,-6,-10,-5,-10,-5,-11,-4,-11,-3,-11,-3,-10,-2,-10,-1,-9,0,0,0,0,0,0,0,0,0,0,0,0,0,0,-44,62,-45,60,-41,59,-39,60,-36,55,-36,59,-37,60,-37,60,-33,59,-34,57,-33,52,-29,49,-27,54,-23,48,-22,48,-19,51,-18,50,-14,48,-11,47,-8,49,-5,51,-5,50,1,51,1,53,0,55,4,58,5,62,6,59,3,64,5,63,2,64,-1,65,3,60,-1,63,-2,64,-2,58,-1,58,0,56,-1,57,2,56,1,54,3,57,4,55,7,57,2,59,3,57,-4,60,-2,58,-6,59,-6,54,-13,58,-13,52,-19,53,-22,49,-22,48,-23,44,-28,36,0,0,0,0,0,0,0,0,0,0,0,0,0,0,0,0,0,0,0,0,0,0,-4,-20,-3,-21,-4,-19,-1,-21,0,-21,0,-20,0,-19,-2,-21,0,-19,1,-20,0,-17,1,-22,0,-21,-2,-24,3,-23,1,-23,3,-23,2,-22,4,-17,6,-15,6,-13,0,-9,0,-8,-1,-9,-5,-3,-8,-2,-10,-1,-14,1,-22,2,-28,3,-30,3,-36,1,-37,-2,-43,-3,-45,-8,-44,-8,-51,-14,-51,-13,-52,-18,-57,-16,-59,-18,-57,-17,-63,-21,-60,-23,-62,-23,-62,-22,-66,-26,-68,-29,-73,-29,-67,-33,-71,-31,-75,-32,-74,-37,-73,-37,-74,-39,-73,-44,-71,-46,0,0]",1
CSI_DATA,53291,1a:00:00:00:00:00,-31,11,1,0,1,1,1,0,0,0,1,-97,0,11,2,717660506,0,44,0,384,0,"[0,0,0,0,0,0,0,0,0,0,0,0,12,-4,12,-4,12,-4,12,-4,12,-3,11,-3,11,-3,11,-3,10,-3,10,-4,9,-4,9,-4,8,-4,8,-5,8,-5,8,-6,7,-6,7,-7,7,-7,7,-8,7,-8,7,-8,7,-8,7,-9,8,-9,8,-9,0,0,9,-9,8,-8,8,-8,9,-8,8,-8,8,-8,8,-7,7,-7,7,-7,7,-8,7,-8,7,-8,7,-8,7,-8,8,-8,8,-8,8,-7,8,-7,9,-7,9,-6,9,-5,9,-4,9,-4,9,-3,9,-2,8,-1,0,0,0,0,0,0,0,0,0,0,0,0,0,0,-63,-50,-58,-49,-58,-42,-57,-43,-57,-41,-57,-40,-59,-42,-58,-39,-57,-35,-54,-36,-51,-33,-50,-32,-53,-28,-49,-26,-47,-25,-47,-23,-49,-22,-51,-17,-51,-14,-47,-8,-53,-12,-54,-6,-56,-5,-56,-4,-55,-1,-60,-1,-60,-3,-62,-1,-64,0,-66,-1,-63,-1,-67,-1,-66,-8,-64,-6,-63,-9,-64,-6,-56,-5,-57,-5,-54,-5,-56,-2,-57,-1,-57,2,-59,-6,-63,1,-62,-3,-58,1,-58,-4,-60,-9,-59,-9,-54,-12,-55,-16,-53,-16,-51,-22,-52,-23,-47,-26,-42,-28,-42,-30,0,0,0,0,0,0,0,0,0,0,0,0,0,0,0,0,0,0,0,0,0,0,20,-9,22,-4,20,-2,20,-1,20,-1,16,-1,20,-1,18,-2,21,-2,18,-1,21,-1,22,-2,22,-3,20,0,21,0,20,3,19,3,17,3,17,3,14,3,12,4,7,3,7,0,5,0,2,-1,0,-8,1,-11,-5,-16,-3,-22,-1,-24,1,-28,0,-37,1,-38,7,-42,5,-43,13,-48,12,-48,13,-53,17,-53,19,-54,22,-60,21,-60,26,-58,23,-59,23,-62,27,-64,29,-65,31,-65,36,-68,33,-68,35,-67,36,-74,43,-76,42,-70,43,-71,47,-71,41,-65,0,0]",1
CSI_DATA,53292,1a:00:00:00:00:00,-31,11,1,0,1,1,1,0,0,0,1,-97,0,11,2,717680700,0,44,0,384,0,"[0,0,0,0,0,0,0,0,0,0,0,0,-13,-5,-12,-4,-12,-4,-12,-4,-12,-5,-12,-4,-11,-4,-11,-4,-11,-4,-11,-3,-10,-3,-10,-2,-10,-2,-10,-1,-10,-1,-10,0,-10,0,-10,1,-10,1,-10,2,-11,2,-11,2,-11,2,-11,3,-12,3,-12,3,0,0,-12,2,-12,2,-12,2,-12,2,-11,1,-11,1,-11,1,-11,2,-10,2,-11,2,-10,3,-11,2,-11,2,-11,2,-11,2,-11,2,-11,1,-11,1,-11,0,-11,0,-11,-1,-11,-2,-11,-2,-10,-3,-10,-3,-8,-4,0,0,0,0,0,0,0,0,0,0,0,0,0,0,38,70,35,64,38,60,39,59,41,56,39,58,40,55,42,55,38,55,38,54,37,48,36,49,38,47,35,39,34,42,37,40,39,35,40,29,40,29,41,26,46,24,48,24,48,23,48,21,51,22,54,19,54,21,59,19,60,20,59,21,59,23,62,29,59,27,59,23,55,25,57,27,52,25,48,22,52,23,53,18,51,21,53,18,57,18,57,16,53,19,53,18,53,24,56,24,50,28,46,29,47,31,44,33,42,36,38,37,36,40,32,36,27,38,0,0,0,0,0,0,0,0,0,0,0,0,0,0,0,0,0,0,0,0,0,0,-22,-2,-22,-4,-19,-8,-19,-8,-21,-7,-17,-8,-18,-6,-17,-6,-18,-8,-19,-9,-20,-9,-20,-8,-19,-10,-23,-8,-22,-9,-22,-12,-18,-14,-16,-14,-13,-13,-10,-11,-9,-6,-10,-10,-6,-3,-7,-1,-5,2,-5,7,-6,12,-7,11,-7,18,-11,23,-9,27,-14,31,-16,32,-21,35,-24,39,-29,41,-29,40,-31,44,-37,44,-37,46,-37,45,-41,48,-43,46,-46,46,-46,46,-47,53,-50,51,-54,49,-53,50,-58,51,-60,52,-60,55,-64,50,-64,47,-64,50,-70,48,-71,46,0,0]",1
CSI_DATA,53293,1a:00:00:00:00:00,-31,11,1,0,1,1,1,0,0,0,1,-97,0,11,2,717700494,0,44,0,384,0,"[0,0,0,0,0,0,0,0,0,0,0,0,5,-13,4,-13,4,-13,4,-13,4,-12,4,-12,4,-11,4,-11,3,-11,3,-10,2,-10,2,-10,1,-10,1,-10,0,-10,0,-10,-1,-10,-1,-10,-2,-11,-2,-11,-2,-11,-2,-11,-3,-11,-3,-12,-3,-12,-3,-12,0,0,-2,-13,-2,-12,-2,-12,-2,-12,-2,-12,-2,-12,-2,-11,-2,-11,-2,-11,-2,-11,-3,-11,-3,-11,-3,-11,-3,-11,-2,-12,-2,-12,-1,-12,-1,-12,0,-12,0,-11,1,-11,2,-11,2,-11,2,-10,3,-9,3,-9,0,0,0,0,0,0,0,0,0,0,0,0,0,0,-77,23,-67,20,-71,26,-64,25,-63,26,-66,27,-61,26,-67,26,-63,26,-59,24,-60,25,-53,23,-53,22,-47,25,-48,25,-44,29,-44,29,-41,28,-39,33,-36,36,-36,38,-32,38,-34,41,-33,45,-32,46,-32,49,-31,49,-35,53,-33,53,-34,53,-36,53,-41,56,-39,51,-38,49,-40,46,-39,45,-36,43,-36,43,-34,45,-31,43,-32,45,-32,45,-32,48,-31,50,-31,46,-35,48,-40,44,-37,46,-42,47,-37,41,-45,38,-43,34,-47,35,-43,24,-45,25,-45,20,-46,15,0,0,0,0,0,0,0,0,0,0,0,0,0,0,0,0,0,0,0,0,0,0,4,-20,10,-20,8,-21,11,-20,7,-18,11,-20,9,-15,10,-16,9,-14,10,-17,13,-18,11,-19,12,-20,11,-20,14,-19,15,-18,15,-18,14,-14,12,-15,11,-10,6,-9,7,-7,3,-7,3,-5,0,-6,-5,-8,-8,-4,-14,-9,-18,-11,-21,-15,-24,-16,-29,-18,-30,-24,-32,-28,-32,-31,-32,-37,-36,-37,-35,-41,-37,-45,-39,-48,-40,-49,-36,-48,-41,-55,-36,-56,-36,-55,-42,-58,-37,-56,-40,-61,-40,-63,-40,-66,-42,-67,-39,-70,-38,-76,-32,-71,-37,-77,-36,-78,-32,-78,0,0]",1
CSI_DATA,53294,1a:00:00:00:00:00,-31,11,1,0,1,1,1,0,0,0,1,-97,0,11,2,717720490,0,44,0,384,0,"[0,0,0,0,0,0,0,0,0,0,0,0,1,13,1,13,1,12,1,12,0,12,0,12,0,11,0,11,0,10,1,10,1,10,2,9,2,9,3,9,3,8,4,8,4,8,4,8,5,8,5,8,5,8,6,8,6,8,7,8,7,9,7,9,0,0,6,10,6,9,6,10,6,9,5,9,5,9,5,9,5,8,5,8,6,8,6,8,6,8,6,9,6,9,6,9,5,9,5,9,5,9,4,10,3,9,3,10,2,10,1,10,1,9,0,9,-1,9,0,0,0,0,0,0,0,0,0,0,0,0,0,0,52,-58,51,-53,52,-53,49,-56,49,-55,45,-52,39,-52,44,-54,42,-57,38,-49,39,-48,38,-49,34,-51,31,-45,30,-43,29,-47,22,-46,22,-46,22,-47,18,-49,13,-53,14,-52,11,-52,12,-53,8,-53,13,-57,7,-58,7,-59,10,-63,8,-66,9,-67,13,-66,15,-59,12,-62,13,-60,12,-62,17,-56,13,-54,11,-54,11,-55,8,-56,9,-56,9,-60,8,-61,10,-60,12,-59,12,-57,15,-61,18,-58,20,-52,26,-50,26,-50,30,-47,32,-44,31,-38,36,-36,34,-36,0,0,0,0,0,0,0,0,0,0,0,0,0,0,0,0,0,0,0,0,0,0,2,21,-1,23,1,23,-4,17,1,18,-4,19,-1,18,-3,18,-1,18,-3,19,-3,17,1,22,-1,23,-1,22,-4,19,-4,20,-6,21,-7,17,-8,16,-5,13,-6,11,-5,11,-4,7,2,5,3,1,7,2,11,-1,15,-1,18,-1,26,-1,27,0,33,5,33,5,37,8,43,10,50,15,44,16,49,19,48,22,55,24,55,27,55,28,57,31,55,31,57,30,59,30,62,35,62,41,65,41,63,41,63,41,68,44,67,44,58,48,67,52,60,53,58,50,0,0]",1
CSI_DATA,53295,1a:00:00:00:00:00,-31,11,1,0,1,1,1,0,0,0,1,-97,0,11,2,717730510,0,44,0,384,0,"[0,0,0,0,0,0,0,0,0,0,0,0,-12,5,-12,5,-12,5,-12,5,-12,5,-11,5,-11,4,-11,4,-10,4,-9,4,-9,5,-9,5,-8,5,-8,5,-7,6,-7,6,-7,6,-6,7,-6,7,-6,8,-6,8,-6,8,-7,8,-6,9,-7,9,-7,9,0,0,-8,9,-7,9,-7,9,-7,9,-7,8,-7,8,-7,8,-7,8,-6,8,-6,8,-6,8,-7,8,-6,8,-7,8,-7,8,-7,8,-8,8,-8,8,-8,7,-9,6,-9,6,-9,5,-10,4,-9,4,-9,3,-9,2,0,0,0,0,0,0,0,0,0,0,0,0,0,0,72,14,71,12,70,13,67,11,67,10,69,9,66,8,68,7,67,5,65,5,60,5,55,7,58,4,53,-2,53,0,52,-3,54,-7,51,-10,49,-10,46,-14,48,-19,47,-22,48,-20,50,-23,48,-26,51,-27,56,-27,54,-33,57,-33,55,-33,58,-30,58,-30,56,-25,57,-26,58,-24,55,-24,54,-22,52,-23,53,-26,52,-26,49,-27,47,-29,53,-26,49,-28,51,-26,56,-25,54,-25,56,-23,58,-18,56,-15,55,-13,57,-11,53,-7,54,-2,49,3,50,1,46,9,0,0,0,0,0,0,0,0,0,0,0,0,0,0,0,0,0,0,0,0,0,0,-19,15,-19,14,-19,11,-19,7,-20,9,-19,5,-17,7,-20,9,-19,10,-16,10,-20,11,-19,5,-21,8,-24,7,-23,8,-21,7,-23,9,-21,5,-18,1,-16,0,-18,1,-13,0,-8,0,-3,4,0,3,1,7,6,7,3,12,10,17,13,19,16,27,13,29,13,35,12,39,15,41,9,46,11,48,11,55,9,55,6,55,7,62,4,59,3,61,4,64,1,63,-2,64,7,69,-1,72,-1,74,0,78,-3,77,-1,78,-4,79,-11,81,-7,81,-9,84,-13,79,0,0]",1
CSI_DATA,53296,1a:00:00:00:00:00,-31,11,1,0,1,1,1,0,0,0,1,-97,0,11,2,717740695,0,44,0,384,0,"[0,0,0,0,0,0,0,0,0,0,0,0,3,-13,2,-13,2,-13,2,-13,2,-13,2,-12,2,-12,2,-11,2,-11,1,-11,1,-11,0,-10,0,-10,-1,-10,-1,-10,-2,-10,-3,-10,-3,-10,-4,-10,-4,-10,-4,-10,-4,-11,-4,-11,-5,-11,-5,-11,-5,-12,0,0,-5,-12,-4,-12,-4,-12,-4,-12,-4,-11,-4,-11,-4,-11,-4,-11,-4,-10,-4,-10,-5,-10,-5,-11,-4,-11,-5,-11,-4,-11,-4,-11,-4,-11,-3,-12,-3,-11,-2,-11,-1,-11,-1,-11,0,-11,0,-10,1,-10,2,-9,0,0,0,0,0,0,0,0,0,0,0,0,0,0,-68,38,-66,39,-65,35,-61,34,-58,41,-60,39,-60,40,-56,39,-54,39,-53,38,-52,37,-50,32,-49,36,-42,34,-40,33,-38,37,-38,39,-33,40,-31,39,-27,42,-26,45,-23,45,-21,49,-23,49,-22,51,-23,55,-23,55,-21,58,-24,57,-21,63,-23,63,-26,61,-27,61,-23,58,-28,59,-26,54,-25,54,-26,50,-24,51,-24,51,-21,48,-20,52,-23,54,-22,57,-24,51,-22,57,-27,50,-28,50,-25,51,-31,51,-35,51,-36,43,-38,40,-39,37,-42,35,-39,30,-41,24,0,0,0,0,0,0,0,0,0,0,0,0,0,0,0,0,0,0,0,0,0,0,4,-22,8,-18,7,-22,5,-19,3,-19,7,-15,5,-16,8,-18,8,-18,5,-19,9,-17,7,-19,9,-21,12,-23,11,-21,12,-20,11,-15,13,-15,12,-17,11,-11,13,-11,5,-7,5,-10,2,-5,-2,-5,-6,-7,-9,-6,-15,-5,-18,-5,-19,-8,-24,-11,-29,-15,-33,-18,-37,-23,-39,-22,-39,-32,-38,-35,-41,-33,-41,-37,-43,-41,-44,-42,-42,-44,-41,-44,-46,-51,-43,-46,-44,-46,-49,-51,-49,-56,-50,-57,-50,-60,-48,-60,-51,-61,-49,-64,-49,-67,-51,-69,-46,-69,-42,-71,0,0]",1
CSI_DATA,53297,1a:00:00:00:00:00,-31,11,1,0,1,1,1,0,0,0,1,-97,0,11,2,717760483,0,44,0,384,0,"[0,0,0,0,0,0,0,0,0,0,0,0,12,1,12,1,12,1,12,1,12,1,11,1,11,1,11,1,10,1,10,0,10,0,9,-1,9,-1,9,-2,8,-2,9,-3,8,-3,8,-4,8,-4,8,-5,9,-5,9,-5,9,-5,9,-6,10,-6,10,-6,0,0,10,-6,10,-5,10,-5,10,-5,10,-5,9,-5,9,-5,9,-5,9,-5,9,-5,9,-6,9,-5,9,-5,9,-6,10,-5,10,-5,10,-5,10,-4,10,-4,10,-3,10,-2,10,-1,10,-1,9,0,9,0,8,1,0,0,0,0,0,0,0,0,0,0,0,0,0,0,-43,-64,-46,-54,-47,-55,-44,-54,-48,-51,-46,-51,-47,-48,-46,-51,-48,-49,-46,-49,-44,-43,-44,-42,-47,-40,-43,-34,-41,-33,-41,-34,-46,-29,-47,-25,-42,-23,-46,-19,-48,-17,-50,-16,-52,-16,-53,-13,-50,-13,-58,-11,-56,-12,-60,-13,-63,-12,-64,-13,-62,-13,-65,-15,-61,-14,-64,-14,-61,-15,-60,-19,-56,-16,-53,-14,-54,-13,-56,-11,-54,-12,-57,-10,-58,-13,-57,-9,-60,-13,-60,-8,-60,-15,-57,-15,-57,-14,-54,-23,-53,-25,-52,-25,-50,-27,-42,-31,-43,-33,-39,-33,-33,-33,0,0,0,0,0,0,0,0,0,0,0,0,0,0,0,0,0,0,0,0,0,0,21,2,21,3,20,7,18,7,18,5,18,4,17,8,18,5,17,4,18,6,18,8,19,6,19,4,19,6,21,9,18,8,20,10,17,12,14,10,12,6,9,8,9,4,6,2,2,2,3,-4,5,-8,2,-11,3,-15,2,-18,2,-26,6,-28,13,-33,15,-33,13,-40,20,-39,23,-43,25,-41,29,-45,29,-46,35,-49,35,-51,35,-50,41,-50,40,-48,38,-53,41,-54,42,-54,44,-56,48,-56,51,-54,50,-54,54,-58,59,-60,56,-53,59,-58,61,-55,61,-54,0,0]",1
CSI_DATA,53298,1a:00:00:00:00:00,-31,11,1,0,1,1,1,0,0,0,1,-97,0,11,2,717770476,0,44,0,384,0,"[0,0,0,0,0,0,0,0,0,0,0,0,1,13,1,12,1,12,1,12,1,12,1,12,1,11,1,11,1,10,1,10,2,10,2,9,2,9,3,8,3,8,4,8,4,7,5,8,5,8,6,8,6,8,6,8,6,8,7,8,7,9,7,8,0,0,7,9,7,9,7,9,7,9,6,9,6,8,6,8,6,8,6,7,6,8,7,8,7,8,7,8,7,8,6,8,6,9,6,9,6,9,5,9,4,9,4,10,3,10,2,10,1,9,1,9,0,8,0,0,0,0,0,0,0,0,0,0,0,0,0,0,44,-67,43,-60,34,-63,38,-59,34,-61,37,-63,32,-57,33,-59,32,-59,32,-58,33,-54,29,-54,24,-54,20,-52,22,-53,19,-51,15,-51,10,-49,9,-54,7,-50,-2,-50,2,-54,-1,-54,-3,-55,-2,-56,-1,-62,-5,-61,-8,-59,-5,-61,-8,-65,-6,-66,0,-71,-2,-67,-5,-67,0,-60,2,-63,3,-62,3,-57,0,-57,-2,-59,-4,-61,-5,-54,-4,-60,-7,-58,-4,-60,-1,-61,1,-63,3,-64,7,-58,12,-56,14,-58,13,-56,18,-54,20,-50,20,-52,23,-45,24,-44,0,0,0,0,0,0,0,0,0,0,0,0,0,0,0,0,0,0,0,0,0,0,8,21,7,21,4,22,0,20,5,20,3,19,2,18,-1,21,0,18,2,20,3,21,1,20,4,20,1,23,-1,23,-1,20,-3,23,-8,18,-5,20,-8,11,-6,12,-5,9,0,10,0,4,0,3,7,-1,10,-4,15,-2,18,-4,25,-6,30,-4,33,0,34,1,41,4,41,4,42,5,47,8,52,10,55,12,59,11,59,14,60,19,57,19,62,20,64,17,60,30,63,26,69,25,72,27,71,25,76,28,74,28,74,34,71,36,75,34,75,43,71,43,0,0]",1
CSI_DATA,53299,1a:00:00:00:00:00,-31,11,1,0,1,1,1,0,0,0,1,-97,0,11,2,717780512,0,44,0,384,0,"[0,0,0,0,0,0,0,0,0,0,0,0,-13,4,-13,4,-13,4,-13,4,-12,4,-12,4,-12,4,-11,3,-11,3,-10,4,-10,4,-9,4,-9,4,-8,5,-8,5,-8,6,-7,6,-7,7,-7,7,-7,7,-7,8,-7,8,-7,8,-7,9,-7,9,-7,9,0,0,-8,9,-8,9,-8,9,-8,9,-8,8,-8,8,-8,7,-7,7,-7,8,-7,8,-7,8,-7,8,-7,8,-7,8,-8,8,-8,8,-9,8,-9,7,-9,7,-9,6,-10,5,-10,5,-10,4,-9,4,-10,3,-9,2,0,0,0,0,0,0,0,0,0,0,0,0,0,0,66,38,63,35,66,32,62,31,63,29,64,27,57,27,61,28,59,28,58,25,55,26,53,20,55,22,53,16,48,17,51,11,51,10,50,9,48,6,51,5,52,-1,54,-2,53,-6,54,-5,54,-9,55,-7,56,-12,62,-10,65,-11,63,-9,63,-12,67,-4,61,-5,67,-8,60,-5,61,-2,57,-2,58,-6,57,-4,56,-4,52,-8,56,-10,55,-6,60,-10,61,-6,57,-9,59,-2,63,-4,60,1,57,1,59,6,53,10,52,12,51,16,51,15,44,23,43,23,0,0,0,0,0,0,0,0,0,0,0,0,0,0,0,0,0,0,0,0,0,0,-19,9,-22,5,-21,6,-22,2,-22,5,-20,5,-24,6,-22,4,-23,3,-19,0,-21,4,-23,4,-22,2,-23,3,-23,1,-22,1,-22,-2,-19,-4,-17,-4,-16,-2,-15,-4,-10,-1,-9,0,-6,4,-5,1,-1,5,1,10,1,14,4,20,6,24,5,27,3,35,5,35,4,41,-1,44,-5,46,-8,52,-7,54,-7,58,-8,58,-11,56,-11,60,-14,58,-12,64,-17,65,-15,62,-16,67,-18,68,-21,69,-24,69,-23,72,-25,78,-30,77,-31,76,-33,76,-32,73,-35,72,0,0]",1
CSI_DATA,53300,1a:00:00:00:00:00,-31,11,1,0,1,1,1,0,0,0,1,-97,0,11,2,717800489,0,44,0,384,0,"[0,0,0,0,0,0,0,0,0,0,0,0,8,-11,8,-11,8,-11,8,-11,8,-10,8,-10,8,-9,7,-9,7,-9,6,-9,5,-9,5,-9,4,-9,4,-9,4,-9,3,-10,2,-10,2,-10,1,-10,2,-11,2,-11,1,-12,1,-12,1,-12,1,-13,1,-13,0,0,2,-13,2,-13,2,-12,2,-12,2,-12,3,-12,2,-11,2,-11,2,-11,2,-11,1,-11,1,-12,1,-12,2,-12,2,-12,3,-12,3,-12,3,-12,4,-11,5,-11,5,-10,6,-10,6,-9,6,-8,6,-8,6,-7,0,0,0,0,0,0,0,0,0,0,0,0,0,0,-78,-9,-72,-7,-72,-5,-70,-2,-70,-1,-68,-2,-71,1,-69,0,-67,3,-63,2,-62,1,-60,1,-59,7,-55,6,-54,3,-53,6,-53,10,-50,14,-47,14,-46,16,-49,21,-49,22,-46,28,-48,28,-47,29,-50,32,-48,35,-49,34,-54,35,-52,37,-54,32,-58,36,-57,31,-55,31,-55,29,-55,27,-52,32,-51,26,-46,27,-50,31,-47,30,-49,34,-49,32,-50,32,-49,31,-51,31,-54,26,-51,31,-52,24,-53,20,-57,18,-54,15,-55,12,-54,8,-51,3,-49,1,-46,-4,0,0,0,0,0,0,0,0,0,0,0,0,0,0,0,0,0,0,0,0,0,0,14,-16,20,-16,11,-13,17,-9,15,-11,14,-10,15,-9,14,-12,15,-11,17,-12,16,-14,16,-13,20,-13,20,-9,21,-12,21,-11,23,-6,22,-7,18,-7,16,-3,12,-2,8,-5,5,-4,7,-4,0,-4,-4,-6,-10,-10,-11,-13,-8,-14,-13,-21,-17,-21,-16,-26,-20,-32,-20,-37,-16,-40,-17,-46,-17,-45,-16,-51,-15,-56,-14,-57,-15,-62,-13,-61,-13,-60,-12,-65,-14,-65,-12,-62,-12,-65,-11,-72,-12,-72,-11,-77,-6,-81,-9,-82,-7,-84,-4,-80,-2,-82,1,-83,1,-78,0,0]",1
CSI_DATA,53301,1a:00:00:00:00:00,-31,11,1,0,1,1,1,0,0,0,1,-97,0,11,2,717810476,0,44,0,384,0,"[0,0,0,0,0,0,0,0,0,0,0,0,12,5,11,4,11,4,11,4,11,4,11,4,10,4,10,4,10,4,9,3,9,2,9,2,9,1,9,1,9,0,9,0,9,-1,9,-1,9,-2,9,-2,10,-2,10,-2,10,-3,11,-3,11,-3,11,-3,0,0,11,-3,11,-2,11,-2,11,-2,11,-2,11,-2,10,-2,10,-2,10,-2,10,-3,10,-3,10,-3,10,-3,11,-3,11,-2,11,-2,11,-2,11,-2,11,-1,10,0,11,1,10,1,10,2,9,2,9,3,8,3,0,0,0,0,0,0,0,0,0,0,0,0,0,0,-22,-75,-24,-70,-23,-65,-23,-66,-27,-66,-24,-66,-24,-63,-30,-64,-28,-61,-27,-58,-24,-54,-30,-52,-25,-55,-27,-49,-25,-45,-28,-46,-30,-44,-32,-37,-34,-37,-34,-38,-39,-35,-41,-33,-43,-34,-43,-35,-47,-33,-49,-33,-51,-31,-53,-32,-57,-34,-58,-34,-54,-35,-59,-39,-48,-39,-53,-36,-53,-38,-47,-39,-48,-38,-46,-36,-46,-30,-49,-35,-47,-33,-47,-29,-50,-31,-50,-30,-49,-34,-52,-35,-47,-38,-49,-40,-44,-38,-39,-43,-40,-44,-38,-43,-35,-44,-30,-48,-27,-45,-24,-40,-17,-45,0,0,0,0,0,0,0,0,0,0,0,0,0,0,0,0,0,0,0,0,0,0,19,13,19,9,17,11,18,12,16,11,14,12,15,9,16,11,15,13,17,11,16,11,16,13,17,12,17,15,17,17,14,17,16,18,12,17,8,14,9,11,5,17,2,11,3,5,3,4,1,-3,7,-2,5,-7,6,-13,9,-14,12,-19,20,-23,20,-26,23,-28,27,-28,31,-28,36,-31,38,-29,42,-32,46,-35,47,-35,51,-32,51,-34,54,-30,58,-32,51,-36,59,-35,60,-34,61,-34,64,-35,69,-32,67,-32,72,-35,78,-34,71,-33,77,-35,76,-27,73,-28,0,0]",1
CSI_DATA,53302,1a:00:00:00:00:00,-31,11,1,0,1,1,1,0,0,0,1,-97,0,11,2,717820511,0,44,0,384,0,"[0,0,0,0,0,0,0,0,0,0,0,0,-5,11,-5,11,-5,11,-5,11,-5,11,-5,10,-4,10,-4,10,-4,9,-4,9,-3,9,-3,9,-2,9,-2,8,-1,9,0,9,0,8,1,9,1,9,1,9,1,9,2,10,2,10,2,10,2,11,2,11,0,0,2,11,2,11,2,11,1,11,1,10,1,10,1,10,1,9,2,9,2,10,2,10,2,10,2,10,2,10,2,10,1,10,1,11,1,10,0,10,-1,10,-1,10,-2,10,-3,10,-3,9,-4,8,-4,7,0,0,0,0,0,0,0,0,0,0,0,0,0,0,75,-24,69,-26,68,-25,65,-28,58,-28,64,-28,61,-26,64,-27,57,-26,59,-29,56,-27,56,-24,53,-29,46,-24,45,-28,42,-29,38,-32,35,-31,35,-35,30,-36,32,-42,31,-36,31,-47,28,-46,31,-47,28,-49,31,-51,32,-56,33,-57,31,-56,31,-57,36,-57,34,-54,35,-54,36,-51,35,-50,38,-47,35,-47,33,-47,33,-49,29,-46,30,-48,26,-52,32,-50,31,-51,33,-52,33,-48,34,-48,37,-43,42,-41,42,-40,43,-36,44,-36,47,-31,44,-26,45,-25,43,-20,0,0,0,0,0,0,0,0,0,0,0,0,0,0,0,0,0,0,0,0,0,0,-9,20,-11,21,-13,16,-10,18,-9,15,-14,17,-11,13,-13,18,-10,14,-11,18,-11,16,-14,17,-17,22,-14,17,-19,18,-14,16,-17,15,-19,11,-15,10,-15,6,-13,6,-9,4,-4,3,-2,3,2,6,4,4,9,7,11,4,15,9,19,11,21,13,26,20,30,21,31,24,30,28,31,33,28,35,35,39,33,45,35,45,34,51,36,49,34,51,33,54,36,54,31,53,33,55,38,60,39,63,36,66,36,66,38,66,35,71,30,69,35,73,34,80,29,74,0,0]",1
CSI_DATA,53303,1a:00:00:00:00:00,-31,11,1,0,1,1,1,0,0,0,1,-97,0,11,2,717830500,0,44,0,384,0,"[0,0,0,0,0,0,0,0,0,0,0,0,-13,-4,-13,-4,-13,-4,-13,-4,-13,-4,-12,-4,-12,-4,-11,-4,-11,-4,-11,-3,-11,-2,-10,-2,-10,-1,-10,-1,-10,0,-10,0,-10,1,-10,1,-10,2,-10,2,-10,2,-11,3,-11,3,-11,3,-12,3,-12,3,0,0,-12,3,-12,3,-12,3,-12,2,-11,2,-11,2,-11,2,-11,2,-11,2,-10,3,-11,3,-11,3,-11,3,-11,3,-12,2,-12,2,-12,2,-11,2,-12,1,-11,0,-11,-1,-11,-1,-11,-2,-10,-2,-10,-3,-9,-3,0,0,0,0,0,0,0,0,0,0,0,0,0,0,35,69,33,67,33,60,34,62,34,62,34,60,34,55,33,57,33,58,33,56,31,53,32,50,31,50,31,44,32,41,36,39,35,37,35,33,39,32,41,29,43,27,45,27,45,24,47,23,47,25,52,24,53,26,55,21,56,26,61,26,62,28,59,30,56,31,54,27,56,30,54,29,47,32,52,29,47,29,52,22,47,24,51,24,54,25,54,23,52,24,54,26,53,29,52,32,48,32,44,33,46,37,42,35,39,41,33,43,29,43,28,40,23,40,0,0,0,0,0,0,0,0,0,0,0,0,0,0,0,0,0,0,0,0,0,0,-22,-3,-20,-7,-19,-8,-19,-9,-19,-9,-18,-8,-19,-9,-18,-7,-21,-9,-18,-10,-20,-13,-20,-10,-18,-12,-20,-11,-16,-12,-20,-12,-17,-13,-17,-16,-13,-16,-9,-14,-9,-11,-6,-8,-4,-4,-8,-1,-5,2,-7,4,-4,10,-6,14,-4,17,-7,23,-10,25,-16,29,-18,30,-22,32,-25,34,-30,37,-34,34,-33,41,-38,40,-41,44,-46,37,-44,41,-50,40,-48,39,-48,39,-52,45,-54,46,-56,45,-59,47,-64,43,-63,45,-62,51,-70,44,-65,41,-70,47,-71,39,-73,40,0,0]",1
CSI_DATA,53304,1a:00:00:00:00:00,-31,11,1,0,1,1,1,0,0,0,1,-97,0,11,2,717840510,0,44,0,384,0,"[0,0,0,0,0,0,0,0,0,0,0,0,1,-14,1,-14,1,-14,1,-14,1,-13,1,-13,1,-12,1,-12,1,-12,0,-11,0,-11,-1,-11,-1,-10,-2,-10,-2,-10,-3,-10,-4,-10,-4,-9,-5,-10,-5,-10,-5,-10,-6,-10,-6,-11,-7,-11,-7,-11,-7,-11,0,0,-6,-12,-6,-12,-6,-11,-6,-11,-6,-11,-6,-11,-5,-10,-6,-10,-6,-10,-6,-10,-7,-10,-6,-10,-7,-10,-7,-10,-6,-11,-6,-11,-6,-11,-5,-11,-5,-11,-4,-11,-3,-12,-3,-11,-2,-11,-2,-11,-1,-11,0,-10,0,0,0,0,0,0,0,0,0,0,0,0,0,0,-57,51,-55,49,-52,55,-48,45,-50,51,-43,50,-43,49,-44,51,-45,50,-45,48,-41,47,-38,44,-35,42,-33,43,-32,44,-30,46,-26,43,-20,48,-17,46,-17,47,-14,48,-8,48,-12,52,-8,52,-11,55,-5,61,-7,62,-6,63,-7,62,-6,65,-7,64,-11,66,-10,63,-8,63,-13,62,-15,58,-12,57,-11,55,-10,57,-6,53,-5,55,-3,58,-7,60,-3,57,-4,58,-5,58,-10,60,-14,59,-14,53,-15,55,-18,54,-24,55,-22,52,-25,49,-29,41,-30,39,-30,34,0,0,0,0,0,0,0,0,0,0,0,0,0,0,0,0,0,0,0,0,0,0,-3,-23,-4,-25,1,-24,5,-22,3,-22,7,-20,0,-19,4,-21,3,-21,3,-22,4,-20,2,-22,6,-22,7,-23,9,-20,8,-23,7,-22,8,-14,7,-20,13,-10,11,-12,8,-11,6,-7,0,-9,-4,-5,-5,-1,-11,-2,-16,-1,-19,-4,-23,-2,-25,-6,-32,-9,-38,-11,-43,-10,-44,-16,-44,-18,-41,-20,-45,-19,-51,-29,-51,-32,-53,-27,-53,-33,-53,-35,-56,-36,-53,-35,-60,-38,-59,-37,-57,-43,-60,-42,-62,-49,-65,-48,-64,-50,-61,-48,-63,-51,-67,-52,-61,-55,-59,-56,0,0]",1
CSI_DATA,53305,1a:00:00:00:00:00,-31,11,1,0,1,1,1,0,0,0,1,-97,0,11,2,717850487,0,44,0,384,0,"[0,0,0,0,0,0,0,0,0,0,0,0,12,-4,12,-4,12,-4,12,-4,12,-4,11,-3,11,-3,11,-3,10,-3,10,-4,9,-4,9,-4,8,-5,8,-5,7,-5,7,-6,7,-6,7,-7,7,-7,7,-8,7,-8,7,-8,7,-9,7,-9,7,-9,8,-9,0,0,8,-9,8,-9,8,-9,8,-8,8,-8,8,-8,8,-8,7,-8,7,-8,7,-8,7,-9,7,-9,7,-9,7,-8,8,-8,8,-8,8,-8,8,-7,9,-7,9,-6,10,-5,9,-4,9,-4,9,-4,9,-2,8,-2,0,0,0,0,0,0,0,0,0,0,0,0,0,0,-64,-44,-61,-44,-60,-39,-61,-38,-59,-36,-55,-33,-59,-32,-58,-33,-58,-34,-56,-30,-55,-29,-53,-29,-55,-26,-52,-24,-47,-24,-50,-19,-49,-14,-51,-13,-49,-8,-51,-4,-52,-1,-56,-2,-54,1,-52,2,-54,3,-59,5,-61,4,-60,4,-63,4,-65,5,-65,4,-65,5,-63,3,-63,3,-63,1,-61,-1,-57,-1,-56,0,-57,1,-56,5,-53,6,-59,10,-59,4,-60,4,-61,2,-60,3,-58,2,-62,1,-56,-5,-59,-5,-60,-11,-58,-11,-56,-16,-53,-18,-48,-22,-44,-23,-42,-25,0,0,0,0,0,0,0,0,0,0,0,0,0,0,0,0,0,0,0,0,0,0,21,-7,23,-4,22,-3,19,-1,21,-1,18,-1,19,-2,20,-2,19,1,16,3,20,-3,20,1,23,3,24,0,21,4,22,5,23,5,21,6,16,7,16,6,12,3,10,3,7,4,3,0,2,-4,1,-6,1,-9,-2,-14,0,-18,-4,-24,-4,-29,-3,-31,2,-34,2,-39,4,-46,7,-45,10,-48,12,-50,15,-53,15,-54,16,-56,16,-57,20,-60,24,-61,20,-60,22,-62,21,-65,26,-67,32,-68,32,-71,34,-70,32,-70,34,-73,34,-70,38,-76,43,-71,42,-74,0,0]",1
CSI_DATA,53306,1a:00:00:00:00:00,-31,11,1,0,1,1,1,0,0,0,1,-97,0,11,2,717870505,0,44,0,384,0,"[0,0,0,0,0,0,0,0,0,0,0,0,-13,5,-12,5,-12,5,-12,5,-12,5,-11,4,-11,4,-11,4,-10,4,-10,4,-9,5,-9,5,-8,5,-8,5,-7,6,-7,6,-7,6,-6,7,-6,8,-6,8,-6,8,-6,9,-6,9,-6,10,-6,10,-6,10,0,0,-7,10,-7,10,-7,9,-7,9,-7,9,-7,9,-7,8,-6,8,-6,9,-6,9,-5,9,-6,9,-6,9,-6,9,-7,9,-7,9,-7,9,-7,8,-8,8,-8,7,-9,7,-9,6,-9,6,-9,5,-9,4,-9,3,0,0,0,0,0,0,0,0,0,0,0,0,0,0,67,31,64,28,68,25,64,30,63,26,64,24,62,24,61,25,57,22,61,25,56,22,56,18,57,19,50,13,51,13,50,10,50,6,51,1,53,1,47,0,48,-9,50,-7,54,-9,52,-11,50,-11,56,-15,54,-16,60,-17,61,-18,60,-18,63,-17,66,-17,59,-13,62,-13,60,-12,58,-11,54,-10,55,-10,55,-12,54,-11,50,-14,54,-16,53,-16,54,-20,60,-17,56,-16,60,-11,59,-12,60,-5,57,-6,59,2,57,2,56,6,55,8,48,10,47,13,44,17,0,0,0,0,0,0,0,0,0,0,0,0,0,0,0,0,0,0,0,0,0,0,-22,8,-24,6,-20,4,-25,2,-20,4,-22,3,-19,2,-17,0,-24,4,-20,4,-19,4,-24,4,-22,0,-24,2,-26,-3,-25,-3,-23,-1,-22,-4,-18,-6,-19,-7,-11,-5,-11,-6,-7,-1,-6,-1,-2,1,1,8,0,8,3,13,4,15,6,22,6,28,5,32,2,34,-2,41,-4,43,-4,47,-3,48,-7,52,-8,55,-6,59,-13,60,-8,58,-14,61,-11,62,-14,64,-18,59,-16,62,-20,71,-19,69,-19,69,-20,71,-20,78,-27,78,-27,73,-26,78,-27,75,-32,72,0,0]",1
CSI_DATA,53307,1a:00:00:00:00:00,-31,11,1,0,1,1,1,0,0,0,1,-97,0,11,2,717880476,0,44,0,384,0,"[0,0,0,0,0,0,0,0,0,0,0,0,-10,-9,-10,-9,-10,-9,-10,-9,-10,-9,-9,-9,-9,-8,-9,-8,-9,-8,-9,-7,-9,-6,-9,-6,-9,-5,-9,-5,-9,-4,-9,-4,-9,-3,-10,-3,-10,-2,-10,-2,-11,-2,-11,-2,-12,-2,-12,-1,-12,-1,-12,-1,0,0,-12,-3,-13,-2,-12,-2,-12,-3,-11,-3,-11,-3,-11,-3,-11,-2,-11,-2,-11,-2,-11,-1,-11,-1,-11,-1,-12,-2,-12,-2,-12,-2,-12,-3,-11,-3,-11,-4,-11,-5,-10,-5,-10,-6,-9,-6,-9,-6,-8,-6,-7,-7,0,0,0,0,0,0,0,0,0,0,0,0,0,0,0,78,-3,72,3,70,5,75,5,71,6,71,6,64,4,66,6,64,5,65,5,59,7,58,8,58,14,53,10,51,11,52,15,49,21,44,21,46,25,42,27,41,27,42,32,42,34,39,34,43,37,44,40,47,40,47,40,49,44,46,41,51,41,55,37,50,39,52,37,50,34,48,35,43,34,43,35,43,38,45,34,42,36,44,37,44,40,40,39,45,41,46,38,49,36,51,30,50,28,48,24,54,23,50,19,52,13,55,10,48,5,48,4,49,0,0,0,0,0,0,0,0,0,0,0,0,0,0,0,0,0,0,0,0,0,0,-20,-16,-13,-18,-17,-20,-11,-20,-12,-17,-13,-16,-11,-21,-11,-17,-12,-18,-8,-18,-15,-16,-13,-21,-16,-23,-14,-20,-13,-23,-9,-22,-14,-19,-7,-19,-2,-22,-4,-15,0,-16,-2,-10,-1,-10,-2,-1,-4,-1,-4,-2,-9,6,-12,6,-15,13,-17,13,-23,18,-26,18,-31,19,-33,17,-38,23,-45,20,-45,18,-50,21,-53,20,-56,20,-59,19,-57,19,-62,18,-60,15,-62,17,-65,17,-70,18,-70,17,-75,16,-73,16,-80,13,-77,13,-82,14,-77,11,-85,9,-86,8,-77,5,0,0]",1
CSI_DATA,53308,1a:00:00:00:00:00,-31,11,1,0,1,1,1,0,0,0,1,-97,0,11,2,717890477,0,44,0,384,0,"[0,0,0,0,0,0,0,0,0,0,0,0,6,-12,6,-12,5,-12,5,-12,5,-12,5,-11,5,-11,5,-10,4,-10,4,-10,3,-10,3,-10,2,-10,1,-10,1,-10,0,-10,0,-10,-1,-10,-1,-10,-1,-11,-1,-11,-2,-11,-2,-11,-2,-12,-2,-12,-2,-12,0,0,-1,-13,-1,-12,-1,-13,-1,-12,-1,-12,-1,-12,-1,-11,-1,-11,-1,-11,-2,-11,-2,-11,-2,-11,-2,-11,-2,-12,-1,-12,-1,-12,-1,-12,0,-12,0,-12,1,-11,2,-11,2,-11,3,-10,3,-10,4,-9,4,-8,0,0,0,0,0,0,0,0,0,0,0,0,0,0,-73,8,-75,11,-73,14,-68,10,-71,16,-67,14,-65,15,-67,16,-64,17,-61,15,-62,13,-57,15,-60,14,-54,16,-46,16,-50,19,-47,25,-39,25,-41,26,-42,27,-39,30,-37,34,-35,39,-38,41,-39,38,-41,43,-43,43,-42,48,-42,47,-45,48,-47,50,-49,45,-47,48,-45,46,-45,45,-48,40,-42,39,-44,38,-42,39,-43,37,-40,42,-35,44,-39,41,-41,47,-42,44,-44,44,-46,43,-46,42,-44,34,-50,32,-53,30,-51,27,-50,24,-53,20,-49,14,-49,12,-49,6,0,0,0,0,0,0,0,0,0,0,0,0,0,0,0,0,0,0,0,0,0,0,13,-19,14,-16,16,-17,13,-19,12,-16,12,-14,12,-15,14,-14,16,-15,14,-15,16,-13,18,-14,18,-17,19,-16,18,-13,19,-13,20,-12,17,-10,17,-6,13,-6,13,-3,10,-6,7,-4,4,-3,0,-5,-4,-5,-6,-9,-7,-10,-12,-13,-19,-15,-19,-19,-21,-23,-26,-26,-24,-32,-27,-36,-24,-39,-23,-44,-27,-46,-25,-51,-27,-50,-26,-52,-25,-56,-24,-57,-24,-60,-25,-61,-25,-59,-27,-66,-26,-72,-22,-69,-27,-71,-23,-74,-26,-81,-24,-76,-21,-80,-25,-81,-19,-81,-14,-73,0,0]",1
CSI_DATA,53309,1a:00:00:00:00:00,-31,11,1,0,1,1,1,0,0,0,1,-97,0,11,2,717900484,0,44,0,384,0,"[0,0,0,0,0,0,0,0,0,0,0,0,13,2,12,1,12,1,12,2,12,1,11,1,11,1,11,1,10,1,10,1,10,0,9,0,9,-1,9,-1,9,-2,9,-3,9,-3,9,-3,8,-4,9,-4,9,-5,9,-5,10,-5,10,-6,10,-6,10,-6,0,0,11,-5,11,-5,11,-5,11,-5,10,-4,10,-4,10,-4,9,-4,9,-5,9,-5,9,-5,9,-5,10,-5,10,-5,10,-5,10,-4,11,-4,10,-3,10,-3,10,-2,11,-1,10,-1,10,0,9,0,9,1,8,2,0,0,0,0,0,0,0,0,0,0,0,0,0,0,-42,-68,-38,-61,-41,-61,-36,-58,-38,-59,-41,-58,-38,-56,-40,-57,-38,-51,-38,-48,-36,-50,-35,-45,-39,-44,-39,-40,-37,-40,-36,-39,-41,-35,-40,-31,-43,-29,-43,-26,-47,-23,-49,-20,-53,-22,-51,-18,-54,-19,-54,-19,-56,-16,-59,-15,-61,-19,-67,-20,-63,-20,-66,-25,-63,-20,-60,-22,-58,-21,-58,-24,-56,-24,-55,-22,-54,-22,-55,-19,-53,-17,-55,-18,-58,-18,-59,-18,-57,-21,-60,-17,-58,-24,-57,-25,-49,-24,-52,-29,-50,-34,-45,-33,-44,-35,-40,-37,-35,-36,-34,-35,-25,-42,0,0,0,0,0,0,0,0,0,0,0,0,0,0,0,0,0,0,0,0,0,0,20,3,19,6,18,8,18,10,18,8,18,11,16,10,16,6,20,7,18,8,18,10,20,6,20,8,20,13,23,14,17,13,17,12,16,12,13,15,8,12,7,10,6,8,4,6,5,1,4,-1,3,-5,5,-9,7,-14,7,-22,6,-20,9,-25,15,-30,18,-30,20,-34,21,-34,24,-39,27,-38,34,-39,37,-41,37,-45,37,-42,42,-46,44,-44,43,-46,46,-47,48,-47,51,-48,51,-47,56,-51,56,-50,57,-50,60,-51,65,-48,61,-48,65,-48,67,-50,65,-43,0,0]",1
CSI_DATA,53310,1a:00:00:00:00:00,-31,11,1,0,1,1,1,0,0,0,1,-97,0,11,2,717920504,0,44,0,384,0,"[0,0,0,0,0,0,0,0,0,0,0,0,-14,1,-14,1,-13,1,-14,1,-13,1,-13,1,-12,1,-12,1,-11,1,-11,2,-11,2,-10,2,-10,3,-9,3,-9,3,-9,4,-8,5,-8,5,-8,6,-8,6,-9,7,-8,7,-9,7,-9,8,-9,8,-9,8,0,0,-10,8,-10,8,-10,7,-10,7,-9,7,-9,7,-9,7,-8,7,-8,7,-8,7,-8,8,-8,7,-8,7,-9,8,-9,7,-9,7,-10,7,-10,7,-10,6,-10,5,-11,5,-11,4,-10,3,-10,3,-10,2,-10,1,0,0,0,0,0,0,0,0,0,0,0,0,0,0,62,46,54,40,58,35,58,36,61,36,56,35,56,34,57,35,57,31,58,27,51,27,52,28,48,26,53,18,47,22,48,18,50,14,46,11,48,10,48,7,50,2,52,1,55,-3,54,-4,53,0,54,-4,61,-6,62,-8,64,-7,62,-9,63,-4,65,-3,64,-5,62,-3,62,0,62,2,57,0,54,-2,55,-1,57,-9,57,-7,57,-8,57,-7,55,-9,60,-1,61,-3,62,-2,62,-1,56,7,60,4,57,9,55,11,52,14,52,21,49,22,45,18,38,23,0,0,0,0,0,0,0,0,0,0,0,0,0,0,0,0,0,0,0,0,0,0,-22,9,-23,0,-25,1,-21,-3,-19,-2,-20,0,-19,1,-21,-1,-20,-2,-21,3,-19,-1,-21,0,-24,-2,-25,-3,-24,-5,-21,-4,-21,-8,-22,-9,-17,-8,-16,-6,-13,-8,-10,-9,-7,-4,-4,-1,-1,0,-3,5,2,9,-2,11,3,17,4,19,0,24,1,29,-4,33,-3,41,-7,44,-6,48,-12,47,-16,53,-14,51,-15,54,-17,57,-21,55,-21,59,-22,62,-22,59,-20,65,-26,63,-26,66,-32,66,-32,70,-35,71,-30,71,-35,70,-38,74,-39,73,-42,70,-43,70,0,0]",1
CSI_DATA,53311,1a:00:00:00:00:00,-31,11,1,0,1,1,1,0,0,0,1,-97,0,11,2,717930505,0,44,0,384,0,"[0,0,0,0,0,0,0,0,0,0,0,0,-7,-12,-7,-12,-7,-11,-7,-11,-7,-11,-7,-11,-7,-10,-6,-10,-6,-10,-7,-9,-6,-9,-7,-8,-7,-8,-7,-7,-7,-6,-8,-6,-8,-5,-9,-5,-9,-5,-10,-5,-10,-5,-11,-4,-11,-5,-11,-5,-12,-5,-11,-5,0,0,-12,-6,-12,-6,-11,-5,-11,-6,-11,-5,-10,-5,-10,-5,-10,-5,-10,-4,-10,-5,-11,-4,-11,-5,-11,-5,-11,-5,-11,-5,-11,-5,-11,-6,-10,-6,-10,-6,-10,-7,-9,-8,-8,-8,-8,-8,-7,-8,-6,-8,-5,-8,0,0,0,0,0,0,0,0,0,0,0,0,0,0,-23,71,-21,67,-18,66,-14,66,-16,65,-10,65,-13,66,-16,65,-12,64,-10,63,-11,59,-10,57,-4,56,-5,53,-4,53,-4,49,1,47,6,49,5,50,13,46,15,49,16,49,18,45,23,46,21,51,26,53,24,58,26,54,27,60,30,57,25,61,28,62,23,58,25,59,22,56,22,60,22,52,21,54,22,53,21,50,21,48,22,52,23,53,27,51,25,51,23,58,21,54,21,56,19,58,14,53,13,59,8,56,4,54,0,56,-2,55,-5,48,-8,44,0,0,0,0,0,0,0,0,0,0,0,0,0,0,0,0,0,0,0,0,0,0,-10,-20,-9,-21,-10,-24,-6,-22,-6,-23,-7,-17,-4,-18,-8,-21,-5,-19,-5,-22,-7,-22,-6,-25,-6,-24,-5,-24,0,-26,-3,-22,-3,-23,1,-21,5,-21,6,-14,2,-13,3,-12,0,-6,-4,-6,-6,-2,-4,1,-10,4,-11,7,-16,6,-23,9,-23,11,-28,8,-35,9,-37,8,-44,5,-47,6,-50,4,-51,0,-53,1,-60,3,-58,-3,-60,-1,-63,-4,-68,-5,-63,-4,-66,-6,-71,-3,-68,-4,-74,-6,-79,-11,-75,-11,-82,-8,-80,-12,-79,-11,-80,-15,-80,-19,-81,-18,0,0]",1
CSI_DATA,53312,1a:00:00:00:00:00,-31,11,1,0,1,1,1,0,0,0,1,-97,0,11,2,717940508,0,44,0,384,0,"[0,0,0,0,0,0,0,0,0,0,0,0,7,-12,6,-11,6,-11,6,-11,6,-11,6,-11,6,-10,5,-10,5,-10,4,-10,4,-10,3,-10,3,-9,2,-9,2,-10,1,-10,1,-10,0,-10,-1,-10,0,-11,-1,-11,-1,-11,-1,-12,-2,-12,-1,-12,-2,-13,0,0,-1,-13,0,-13,0,-13,0,-12,0,-12,0,-12,0,-11,0,-11,-1,-11,-1,-11,-2,-11,-1,-11,-1,-12,-1,-12,0,-12,0,-12,0,-12,0,-12,1,-12,2,-11,2,-11,3,-11,3,-10,3,-9,4,-9,4,-8,0,0,0,0,0,0,0,0,0,0,0,0,0,0,-81,-6,-78,-6,-72,-1,-73,1,-74,1,-68,4,-71,4,-67,3,-70,3,-65,6,-62,8,-64,7,-62,6,-58,7,-57,7,-52,12,-51,14,-50,17,-47,19,-47,21,-47,24,-46,32,-42,35,-42,34,-45,34,-47,38,-50,43,-51,41,-52,43,-53,44,-53,42,-54,39,-53,37,-53,38,-55,38,-52,35,-50,34,-48,34,-47,36,-45,38,-46,36,-49,38,-51,37,-50,39,-47,36,-51,38,-53,33,-52,34,-53,30,-55,29,-54,28,-53,25,-57,22,-56,11,-53,9,-50,4,-51,3,0,0,0,0,0,0,0,0,0,0,0,0,0,0,0,0,0,0,0,0,0,0,17,-15,18,-15,16,-14,16,-13,18,-13,17,-10,19,-13,16,-12,14,-11,19,-13,18,-11,19,-10,22,-11,20,-11,21,-10,21,-10,22,-7,22,-5,18,-1,17,-3,14,-2,9,-2,7,-4,8,-5,4,-4,-2,-6,-5,-9,-10,-13,-14,-18,-13,-16,-16,-22,-20,-27,-19,-32,-18,-39,-20,-42,-18,-44,-21,-47,-18,-51,-16,-56,-20,-59,-19,-55,-16,-63,-15,-58,-15,-66,-14,-64,-18,-64,-16,-67,-17,-72,-14,-75,-13,-78,-13,-77,-11,-83,-11,-82,-5,-83,-2,-90,-2,-83,-6,-80,0,0]",1
CSI_DATA,53313,1a:00:00:00:00:00,-31,11,1,0,1,1,1,0,0,0,1,-97,0,11,2,717960484,0,44,0,384,0,"[0,0,0,0,0,0,0,0,0,0,0,0,1,13,1,13,1,13,1,13,1,12,1,12,0,11,0,11,0,11,1,10,2,10,2,9,2,9,3,8,3,8,4,8,4,8,5,8,5,8,6,8,6,8,7,8,7,8,8,8,8,9,8,9,0,0,7,10,7,9,7,9,7,9,6,9,6,9,6,9,6,8,6,8,6,8,7,8,7,8,7,8,7,8,7,9,6,9,6,10,5,9,5,10,4,10,3,10,3,10,2,10,2,9,1,9,0,9,0,0,0,0,0,0,0,0,0,0,0,0,0,0,47,-66,42,-59,42,-58,44,-59,41,-60,39,-59,36,-59,37,-60,37,-58,33,-56,35,-56,32,-50,27,-53,26,-50,23,-49,20,-48,14,-54,11,-50,13,-51,7,-49,6,-53,2,-54,-2,-53,-2,-58,0,-58,-6,-60,-4,-60,-4,-63,-4,-67,-4,-67,-6,-68,-2,-65,0,-67,-1,-66,1,-65,6,-62,6,-62,5,-59,0,-57,1,-57,0,-54,-1,-60,-4,-60,-2,-63,-1,-60,-2,-63,3,-63,2,-60,3,-59,10,-57,14,-59,18,-57,21,-52,25,-51,24,-50,26,-43,27,-41,0,0,0,0,0,0,0,0,0,0,0,0,0,0,0,0,0,0,0,0,0,0,4,22,0,23,1,24,-1,23,0,23,-1,21,-2,18,-3,21,0,22,0,19,-4,22,-5,23,-3,27,-4,24,-8,23,-6,23,-5,20,-7,16,-6,15,-13,12,-9,10,-7,10,-3,7,-1,8,1,5,5,0,11,0,14,-2,14,-3,19,-7,27,-2,35,0,32,2,39,3,43,6,43,10,44,13,50,11,52,15,55,18,55,18,56,18,59,23,60,23,58,24,61,22,64,24,66,31,68,32,67,34,72,32,73,32,74,39,69,36,74,41,67,47,69,50,0,0]",1
CSI_DATA,53314,1a:00:00:00:00:00,-31,11,1,0,1,1,1,0,0,0,1,-97,0,11,2,717970477,0,44,0,384,0,"[0,0,0,0,0,0,0,0,0,0,0,0,-13,5,-12,5,-12,5,-12,5,-12,5,-11,4,-11,4,-11,4,-11,4,-10,4,-9,4,-9,5,-8,5,-8,5,-7,5,-7,6,-7,6,-6,7,-6,7,-6,8,-6,8,-6,9,-6,9,-6,10,-6,10,-7,10,0,0,-7,9,-8,10,-7,9,-8,9,-7,9,-7,8,-7,8,-7,8,-7,8,-6,9,-6,9,-6,9,-6,9,-7,9,-7,9,-7,9,-8,8,-8,8,-9,7,-9,7,-9,6,-9,5,-10,5,-9,4,-9,3,-9,3,0,0,0,0,0,0,0,0,0,0,0,0,0,0,71,37,61,30,65,27,66,27,64,24,66,22,62,23,63,23,61,17,58,27,57,19,54,22,59,16,53,16,52,13,54,14,52,5,52,1,48,2,47,-2,53,-5,52,-10,52,-12,51,-14,52,-12,57,-17,56,-14,58,-18,65,-15,65,-18,64,-14,64,-13,64,-11,64,-11,61,-13,60,-6,54,-7,53,-8,53,-8,54,-13,52,-13,57,-15,56,-12,57,-14,58,-14,60,-15,61,-7,60,-9,57,-5,57,0,57,2,56,5,58,10,50,12,51,17,47,18,42,20,0,0,0,0,0,0,0,0,0,0,0,0,0,0,0,0,0,0,0,0,0,0,-21,8,-23,7,-21,6,-21,3,-17,2,-17,2,-21,1,-19,7,-20,1,-21,5,-22,3,-25,1,-23,1,-24,2,-22,0,-24,-1,-22,-3,-19,-1,-20,-6,-16,-5,-11,-4,-14,-4,-6,-3,-5,0,-2,-1,-1,3,3,9,1,12,8,16,6,18,6,24,6,32,4,35,6,38,1,43,0,46,0,47,0,51,-5,56,-3,60,-6,60,-9,60,-8,59,-11,61,-12,62,-15,67,-10,68,-15,71,-18,70,-18,74,-18,73,-19,78,-26,77,-25,73,-29,76,-31,81,-28,73,0,0]",1
CSI_DATA,53315,1a:00:00:00:00:00,-31,11,1,0,1,1,1,0,0,0,1,-97,0,11,2,717990511,0,44,0,384,0,"[0,0,0,0,0,0,0,0,0,0,0,0,5,-13,5,-12,5,-12,5,-12,5,-12,5,-11,5,-11,4,-11,4,-10,3,-10,3,-10,2,-10,2,-10,1,-10,1,-10,0,-10,-1,-10,-1,-10,-2,-10,-2,-11,-2,-11,-2,-11,-2,-12,-3,-12,-3,-12,-3,-12,0,0,-2,-13,-2,-13,-2,-12,-2,-12,-2,-12,-2,-12,-2,-11,-2,-11,-2,-11,-2,-11,-3,-11,-3,-11,-3,-11,-3,-11,-2,-12,-2,-12,-2,-12,-1,-12,-1,-12,0,-11,1,-11,1,-11,2,-11,2,-10,3,-10,3,-9,0,0,0,0,0,0,0,0,0,0,0,0,0,0,-73,19,-72,18,-71,17,-67,17,-72,21,-65,14,-63,18,-66,20,-60,18,-62,22,-58,20,-55,18,-55,21,-50,20,-51,20,-45,20,-43,25,-39,26,-40,28,-38,29,-39,35,-34,33,-36,38,-35,41,-35,43,-36,48,-36,48,-38,49,-37,51,-37,51,-38,50,-44,48,-40,48,-39,48,-41,45,-44,46,-40,43,-36,42,-38,43,-37,47,-33,41,-31,48,-36,46,-36,49,-38,47,-36,47,-38,45,-42,44,-42,41,-44,38,-50,38,-47,31,-48,32,-48,27,-45,22,-49,13,-45,13,0,0,0,0,0,0,0,0,0,0,0,0,0,0,0,0,0,0,0,0,0,0,10,-19,15,-21,11,-20,13,-18,14,-13,15,-15,14,-17,14,-14,15,-14,14,-15,12,-17,16,-14,16,-18,13,-17,15,-15,15,-15,20,-11,18,-11,14,-10,14,-6,13,-5,8,-7,8,-5,7,-4,-1,-5,-5,-7,-8,-4,-13,-8,-15,-9,-19,-14,-19,-15,-23,-20,-23,-27,-27,-32,-28,-30,-29,-38,-29,-37,-29,-40,-31,-48,-29,-49,-34,-51,-31,-51,-29,-57,-29,-55,-35,-58,-31,-60,-33,-63,-31,-64,-32,-68,-29,-67,-33,-72,-31,-72,-30,-79,-29,-73,-31,-79,-26,-85,-24,-76,0,0]",1
CSI_DATA,53316,1a:00:00:00:00:00,-31,11,1,0,1,1,1,0,0,0,1,-97,0,11,2,718000486,0,44,0,384,0,"[0,0,0,0,0,0,0,0,0,0,0,0,13,2,13,1,13,1,13,1,12,1,12,1,11,1,11,1,11,1,10,0,10,0,10,-1,9,-1,9,-2,9,-2,9,-3,9,-3,9,-4,9,-5,9,-5,9,-5,9,-6,10,-6,10,-7,10,-7,10,-7,0,0,11,-6,11,-6,11,-6,11,-5,10,-5,10,-5,10,-5,9,-5,9,-5,9,-6,9,-7,9,-6,9,-6,10,-6,10,-6,10,-5,10,-5,10,-5,11,-4,10,-3,11,-2,11,-2,10,-1,10,-1,10,0,9,1,0,0,0,0,0,0,0,0,0,0,0,0,0,0,-36,-70,-30,-66,-36,-66,-37,-66,-33,-60,-33,-61,-32,-61,-37,-63,-35,-55,-34,-50,-34,-52,-32,-51,-34,-53,-32,-44,-32,-41,-32,-41,-35,-35,-36,-34,-38,-33,-39,-30,-42,-26,-48,-25,-47,-23,-50,-25,-53,-19,-53,-26,-58,-22,-58,-24,-57,-25,-60,-26,-60,-25,-63,-28,-56,-31,-57,-29,-57,-29,-56,-32,-50,-24,-51,-27,-50,-23,-53,-23,-53,-20,-54,-23,-56,-26,-56,-23,-57,-24,-55,-26,-51,-28,-55,-28,-49,-32,-49,-31,-48,-35,-43,-36,-43,-40,-40,-42,-32,-40,-28,-43,-24,-37,0,0,0,0,0,0,0,0,0,0,0,0,0,0,0,0,0,0,0,0,0,0,19,9,19,9,17,13,15,15,16,8,16,13,18,10,17,9,18,9,15,12,16,10,17,11,14,12,19,14,15,17,17,16,13,17,11,14,12,13,10,14,8,14,8,10,5,7,6,2,5,1,6,-4,6,-8,6,-11,6,-15,7,-21,13,-23,15,-27,19,-31,22,-30,25,-30,28,-36,33,-33,36,-38,40,-37,41,-38,46,-41,45,-39,48,-40,49,-40,49,-39,49,-39,52,-39,53,-44,61,-48,60,-43,63,-43,66,-47,69,-46,63,-41,71,-40,72,-41,68,-39,0,0]",1
CSI_DATA,53317,1a:00:00:00:00:00,-31,11,1,0,1,1,1,0,0,0,1,-97,0,11,2,718010509,0,44,0,384,0,"[0,0,0,0,0,0,0,0,0,0,0,0,0,13,1,13,1,12,1,12,0,12,0,12,1,11,1,11,1,10,1,10,1,9,2,9,2,9,3,8,3,8,4,8,4,7,5,7,5,7,6,7,6,8,6,8,7,8,7,8,7,8,7,8,0,0,7,9,7,9,7,9,7,9,6,9,6,9,6,8,6,8,6,8,7,8,7,8,7,8,7,8,7,8,7,9,6,9,6,9,6,9,5,9,5,9,4,10,3,10,2,10,2,9,1,9,0,8,0,0,0,0,0,0,0,0,0,0,0,0,0,0,55,-57,50,-58,46,-61,45,-58,46,-54,47,-56,42,-52,41,-53,41,-52,38,-51,39,-47,37,-49,34,-44,28,-47,26,-45,21,-47,22,-48,15,-50,14,-50,11,-50,8,-54,4,-53,5,-56,3,-56,1,-59,1,-59,3,-62,1,-63,1,-64,2,-64,5,-67,7,-65,5,-64,5,-64,7,-64,5,-64,6,-58,4,-58,5,-58,5,-59,2,-58,0,-58,4,-58,0,-60,1,-61,2,-59,6,-61,7,-58,11,-57,11,-58,18,-59,17,-55,20,-54,25,-51,25,-48,28,-44,31,-39,0,0,0,0,0,0,0,0,0,0,0,0,0,0,0,0,0,0,0,0,0,0,-1,22,-5,22,-3,23,-8,22,-5,22,-3,21,-1,20,-5,19,-5,18,-2,20,-6,20,-6,20,-5,25,-9,19,-7,22,-11,21,-12,20,-11,14,-12,16,-10,14,-8,10,-7,8,-3,4,-4,5,0,2,4,1,11,2,15,-1,14,-1,21,1,27,0,28,1,36,6,38,10,41,13,43,13,46,17,45,18,47,17,52,20,50,23,51,25,54,30,57,27,53,31,59,30,60,33,60,37,61,39,62,41,64,40,63,42,66,44,64,51,66,46,64,52,60,53,0,0]",1
CSI_DATA,53318,1a:00:00:00:00:00,-31,11,1,0,1,1,1,0,0,0,1,-97,0,11,2,718030504,0,44,0,384,0,"[0,0,0,0,0,0,0,0,0,0,0,0,-8,-11,-8,-11,-8,-11,-8,-11,-8,-11,-8,-10,-8,-10,-7,-9,-7,-9,-7,-8,-7,-8,-7,-7,-7,-7,-8,-6,-8,-6,-9,-5,-9,-5,-9,-5,-10,-4,-10,-4,-10,-4,-11,-4,-11,-4,-11,-4,-12,-4,-12,-4,0,0,-12,-5,-12,-5,-12,-5,-12,-5,-11,-5,-11,-5,-11,-4,-10,-4,-11,-4,-11,-4,-11,-4,-11,-4,-11,-4,-11,-4,-11,-5,-11,-5,-11,-6,-11,-6,-10,-6,-10,-6,-9,-7,-9,-7,-8,-8,-7,-8,-6,-8,-5,-8,0,0,0,0,0,0,0,0,0,0,0,0,0,0,-10,76,-12,74,-9,70,-7,70,-8,72,-9,68,-5,70,-3,65,-2,65,-7,64,-6,62,-7,61,-3,60,-1,59,0,51,4,51,9,52,10,51,11,45,17,44,19,47,26,47,24,42,24,50,27,51,27,50,33,52,33,49,32,56,34,55,36,54,28,57,29,59,28,53,28,57,23,56,25,52,25,53,26,52,25,52,27,48,29,47,28,52,29,51,27,52,28,52,25,54,24,58,18,49,17,55,12,57,11,52,7,53,7,55,3,51,-1,48,-8,48,0,0,0,0,0,0,0,0,0,0,0,0,0,0,0,0,0,0,0,0,0,0,-15,-19,-11,-21,-6,-16,-8,-22,-8,-19,-5,-22,-9,-22,-7,-20,-12,-19,-9,-17,-8,-20,-7,-19,-8,-26,-9,-26,-6,-22,-7,-22,-6,-23,-2,-21,-1,-18,-1,-16,1,-14,2,-13,0,-9,0,-6,-2,-5,-7,0,-7,3,-11,6,-14,10,-19,10,-21,12,-27,9,-31,13,-37,11,-41,14,-42,12,-48,13,-49,12,-54,11,-57,12,-54,7,-59,13,-57,5,-64,8,-60,6,-65,10,-67,6,-71,5,-74,2,-80,6,-74,6,-82,6,-78,1,-83,-3,-85,0,-81,-4,-81,-5,0,0]",1
CSI_DATA,53319,1a:00:00:00:00:00,-31,11,1,0,1,1,1,0,0,0,1,-97,0,11,2,718040726,0,44,0,384,0,"[0,0,0,0,0,0,0,0,0,0,0,0,13,2,12,2,12,2,12,2,12,2,11,2,11,2,10,2,10,2,10,1,10,1,9,0,9,0,9,-1,9,-1,9,-2,9,-3,9,-3,9,-4,9,-4,9,-4,10,-4,10,-5,10,-5,11,-5,11,-5,0,0,11,-5,11,-4,11,-4,11,-4,10,-4,10,-4,10,-4,10,-4,10,-4,10,-4,10,-5,10,-4,10,-4,10,-4,11,-4,11,-4,11,-3,11,-3,10,-2,10,-1,11,-1,10,0,10,0,9,1,9,2,8,2,0,0,0,0,0,0,0,0,0,0,0,0,0,0,-38,-68,-30,-65,-37,-65,-37,-62,-36,-56,-35,-60,-38,-57,-37,-59,-35,-55,-35,-57,-35,-51,-34,-51,-36,-47,-33,-43,-31,-42,-35,-40,-36,-39,-36,-30,-42,-33,-40,-28,-44,-28,-46,-28,-51,-25,-53,-22,-50,-22,-53,-22,-55,-26,-58,-26,-59,-26,-60,-24,-57,-28,-63,-32,-59,-31,-58,-30,-51,-29,-57,-31,-53,-28,-51,-27,-54,-25,-51,-22,-52,-23,-55,-25,-56,-26,-53,-24,-55,-26,-54,-29,-55,-31,-51,-30,-52,-32,-46,-37,-44,-36,-45,-37,-41,-37,-38,-41,-29,-42,-23,-44,-24,-43,0,0,0,0,0,0,0,0,0,0,0,0,0,0,0,0,0,0,0,0,0,0,20,4,19,6,20,8,20,10,21,9,19,7,15,8,19,7,18,7,17,10,19,9,20,11,19,13,17,10,17,13,19,12,19,15,14,14,12,14,9,13,6,11,5,10,6,6,2,2,2,-2,3,-5,2,-9,2,-12,5,-15,8,-22,7,-23,11,-30,15,-31,19,-34,21,-36,25,-39,28,-38,34,-42,35,-42,36,-41,37,-42,41,-42,45,-50,45,-43,47,-46,51,-47,50,-50,50,-49,53,-50,56,-44,60,-47,64,-45,68,-49,64,-45,68,-49,70,-45,65,-46,0,0]",1
CSI_DATA,53320,1a:00:00:00:00:00,-31,11,1,0,1,1,1,0,0,0,1,-97,0,11,2,718050480,0,44,0,384,0,"[0,0,0,0,0,0,0,0,0,0,0,0,11,6,11,5,11,5,11,5,11,5,10,5,10,5,10,5,9,4,9,3,9,3,9,2,9,2,9,1,8,1,9,0,9,-1,9,-1,9,-2,10,-2,10,-2,10,-2,11,-2,11,-3,11,-3,11,-3,0,0,12,-2,12,-2,11,-2,11,-2,11,-2,11,-2,10,-2,10,-2,10,-2,10,-3,10,-3,10,-3,10,-3,11,-3,11,-2,11,-2,11,-2,11,-1,11,-1,11,0,11,1,10,1,10,2,9,2,9,3,8,3,0,0,0,0,0,0,0,0,0,0,0,0,0,0,-26,-75,-24,-70,-23,-68,-26,-69,-27,-68,-26,-65,-27,-65,-23,-64,-28,-62,-19,-57,-25,-59,-27,-58,-25,-53,-27,-50,-27,-49,-28,-47,-29,-42,-33,-38,-36,-36,-38,-31,-39,-28,-40,-31,-45,-33,-45,-30,-49,-31,-54,-32,-50,-33,-55,-31,-54,-34,-57,-32,-56,-38,-55,-40,-60,-37,-53,-35,-54,-37,-49,-36,-51,-35,-48,-32,-49,-31,-50,-29,-51,-30,-50,-32,-51,-29,-52,-29,-55,-31,-53,-31,-49,-34,-52,-36,-43,-33,-45,-36,-44,-41,-41,-44,-39,-46,-34,-47,-31,-45,-24,-42,-19,-44,0,0,0,0,0,0,0,0,0,0,0,0,0,0,0,0,0,0,0,0,0,0,19,13,19,13,17,15,16,16,13,13,13,12,13,13,12,13,16,10,13,16,12,15,15,15,12,16,15,17,12,17,15,19,12,17,11,19,8,17,5,15,4,12,5,11,0,8,6,4,4,1,4,-3,4,-8,7,-10,9,-13,14,-17,16,-23,18,-23,23,-27,28,-25,28,-30,34,-31,39,-29,41,-32,46,-33,47,-32,48,-33,50,-35,53,-31,58,-32,52,-31,58,-37,61,-33,63,-36,66,-35,62,-37,69,-32,72,-31,72,-26,76,-33,78,-31,79,-29,79,-23,0,0]",1
CSI_DATA,53321,1a:00:00:00:00:00,-31,11,1,0,1,1,1,0,0,0,1,-97,0,11,2,718070507,0,44,0,384,0,"[0,0,0,0,0,0,0,0,0,0,0,0,-13,-5,-13,-5,-12,-4,-13,-5,-12,-5,-12,-4,-11,-5,-11,-4,-11,-4,-10,-3,-10,-3,-10,-2,-10,-2,-10,-1,-10,-1,-10,0,-9,1,-10,1,-10,2,-10,2,-10,2,-11,3,-11,3,-11,3,-11,3,-12,3,0,0,-12,3,-12,2,-12,2,-12,2,-11,2,-11,2,-11,2,-11,2,-11,2,-10,3,-11,3,-11,3,-11,3,-11,3,-11,2,-12,2,-11,2,-12,2,-11,1,-11,0,-11,-1,-11,-1,-11,-2,-10,-2,-10,-3,-9,-3,0,0,0,0,0,0,0,0,0,0,0,0,0,0,30,65,27,64,27,62,32,63,31,59,32,58,31,58,31,58,28,57,28,56,30,49,28,48,33,46,29,46,29,44,31,41,33,36,34,32,37,32,39,26,42,27,43,24,46,25,47,23,48,22,52,23,51,25,54,27,57,30,56,25,57,30,58,27,55,28,54,28,54,31,51,30,50,26,49,27,49,24,49,23,50,22,50,24,52,24,52,24,55,24,53,25,53,28,52,29,47,29,47,30,44,36,40,35,40,37,35,41,30,39,23,40,23,39,0,0,0,0,0,0,0,0,0,0,0,0,0,0,0,0,0,0,0,0,0,0,-23,-9,-20,-11,-21,-13,-19,-12,-17,-13,-20,-10,-16,-12,-17,-11,-19,-12,-16,-14,-18,-15,-17,-15,-18,-13,-20,-14,-16,-19,-17,-19,-15,-14,-13,-17,-10,-16,-7,-14,-8,-15,-6,-11,-6,-9,-4,-5,-5,-2,-5,3,-6,4,-5,11,-5,16,-10,18,-11,23,-16,25,-19,27,-22,29,-28,33,-32,31,-34,32,-37,37,-42,35,-43,34,-43,35,-48,38,-48,35,-51,38,-49,36,-47,41,-51,43,-60,41,-61,40,-62,39,-66,40,-65,37,-69,39,-67,40,-71,36,-75,36,-68,33,0,0]",1
CSI_DATA,53322,1a:00:00:00:00:00,-31,11,1,0,1,1,1,0,0,0,1,-97,0,11,2,718080509,0,44,0,384,0,"[0,0,0,0,0,0,0,0,0,0,0,0,1,-14,1,-13,1,-13,1,-13,1,-13,1,-13,1,-12,1,-12,1,-11,0,-11,0,-11,-1,-10,-1,-10,-2,-10,-2,-10,-3,-9,-3,-9,-4,-9,-5,-10,-5,-10,-5,-10,-6,-10,-6,-10,-6,-11,-6,-11,-6,-11,0,0,-6,-12,-6,-12,-5,-11,-5,-11,-5,-11,-5,-11,-5,-11,-5,-10,-5,-10,-6,-10,-6,-10,-6,-10,-6,-10,-6,-11,-5,-11,-5,-11,-5,-11,-5,-11,-4,-11,-3,-11,-2,-11,-2,-11,-1,-11,0,-10,0,-10,1,-9,0,0,0,0,0,0,0,0,0,0,0,0,0,0,-69,36,-69,33,-63,33,-63,36,-62,32,-59,31,-60,38,-59,36,-60,34,-55,32,-53,34,-51,33,-48,33,-44,33,-44,32,-41,34,-38,35,-35,36,-33,37,-28,39,-23,43,-27,46,-25,45,-25,49,-26,48,-23,54,-26,53,-24,59,-29,61,-28,60,-28,59,-31,57,-29,58,-30,54,-29,53,-32,50,-28,50,-27,49,-29,48,-25,51,-26,49,-25,52,-29,56,-24,53,-26,52,-25,55,-32,48,-30,55,-33,46,-36,49,-43,48,-39,38,-42,38,-43,33,-44,27,-43,27,-43,22,0,0,0,0,0,0,0,0,0,0,0,0,0,0,0,0,0,0,0,0,0,0,4,-23,8,-20,6,-26,8,-22,9,-23,11,-18,8,-17,10,-18,11,-20,6,-19,9,-18,9,-19,12,-24,13,-20,18,-22,15,-21,14,-17,17,-14,13,-12,10,-12,12,-8,8,-4,7,-5,1,-6,-1,-5,-4,-7,-7,0,-14,-5,-17,-6,-21,-6,-24,-10,-26,-14,-31,-15,-34,-20,-36,-23,-38,-25,-36,-30,-40,-34,-39,-39,-43,-40,-39,-43,-43,-40,-40,-48,-46,-49,-43,-47,-48,-49,-47,-50,-45,-55,-52,-55,-45,-56,-50,-62,-51,-62,-51,-64,-46,-64,-49,-66,-47,-69,-41,-70,0,0]",1
CSI_DATA,53323,1a:00:00:00:00:00,-31,11,1,0,1,1,1,0,0,0,1,-97,0,11,2,718100494,0,44,0,384,0,"[0,0,0,0,0,0,0,0,0,0,0,0,4,12,4,11,4,12,4,11,4,12,3,11,4,11,3,10,3,10,4,9,4,9,4,8,4,8,5,7,5,7,6,7,6,6,7,6,7,6,8,6,8,6,8,6,9,6,9,6,9,7,9,6,0,0,9,7,9,7,9,7,9,7,8,7,8,7,8,7,8,6,8,6,8,6,8,6,8,6,8,6,8,6,8,7,8,7,8,8,7,7,7,8,7,8,6,9,5,9,4,9,3,8,3,9,2,8,0,0,0,0,0,0,0,0,0,0,0,0,0,0,37,-70,37,-66,33,-65,34,-61,26,-65,28,-62,26,-60,29,-64,26,-63,24,-61,23,-55,22,-56,19,-54,19,-56,16,-54,11,-50,9,-54,6,-50,5,-48,1,-52,-4,-51,-5,-52,-7,-53,-10,-53,-8,-55,-10,-60,-13,-60,-18,-59,-15,-63,-15,-65,-14,-66,-10,-67,-8,-64,-13,-65,-7,-64,-8,-62,-6,-56,-10,-55,-8,-60,-12,-58,-10,-56,-13,-54,-14,-59,-13,-60,-9,-60,-9,-59,-8,-63,-7,-62,-4,-57,-1,-60,3,-59,7,-56,10,-59,10,-55,15,-50,18,-47,19,-43,0,0,0,0,0,0,0,0,0,0,0,0,0,0,0,0,0,0,0,0,0,0,9,23,5,20,7,22,1,19,2,23,4,20,1,21,0,21,3,19,0,20,0,20,3,21,3,23,0,22,0,24,-4,21,-2,20,-3,22,-7,17,-8,16,-5,12,-5,12,-4,3,-1,6,1,4,7,-1,7,-4,13,-5,17,-8,19,-7,24,-8,32,-5,35,0,39,-1,45,-1,45,0,49,1,52,2,54,8,58,7,53,11,60,6,61,14,60,15,64,11,65,10,65,17,66,20,69,19,69,18,74,24,77,24,76,25,74,26,79,26,73,31,74,31,0,0]",1
CSI_DATA,53324,1a:00:00:00:00:00,-31,11,1,0,1,1,1,0,0,0,1,-97,0,11,2,718110484,0,44,0,384,0,"[0,0,0,0,0,0,0,0,0,0,0,0,-13,6,-12,6,-13,6,-12,6,-12,6,-12,5,-11,5,-11,5,-10,5,-10,5,-9,5,-9,5,-8,6,-8,6,-7,6,-7,7,-6,7,-6,8,-6,8,-6,9,-6,9,-6,9,-6,10,-6,10,-6,11,-6,11,0,0,-7,11,-7,11,-7,10,-7,10,-7,9,-7,9,-7,9,-6,9,-6,9,-6,10,-6,10,-6,9,-6,10,-6,10,-7,10,-7,9,-7,9,-7,9,-8,8,-8,8,-9,7,-9,7,-9,6,-9,5,-10,4,-9,3,0,0,0,0,0,0,0,0,0,0,0,0,0,0,72,29,67,25,68,21,64,22,68,21,66,21,66,20,65,20,63,19,64,18,60,19,62,18,58,16,53,12,52,11,52,6,53,3,50,0,53,-1,46,-5,52,-11,50,-11,48,-16,53,-15,50,-15,56,-19,58,-18,57,-18,62,-21,61,-20,67,-21,66,-17,63,-15,61,-16,61,-16,57,-13,55,-12,53,-14,54,-14,56,-16,53,-14,54,-14,57,-17,59,-20,60,-14,59,-15,58,-13,59,-10,53,-12,57,-7,58,-1,58,-1,54,4,54,10,47,11,50,17,44,19,0,0,0,0,0,0,0,0,0,0,0,0,0,0,0,0,0,0,0,0,0,0,-22,10,-20,9,-19,7,-22,3,-21,8,-19,4,-20,4,-22,5,-22,4,-22,5,-20,4,-25,2,-19,5,-24,5,-25,2,-24,0,-24,0,-23,-1,-20,-5,-19,-2,-13,-5,-12,0,-7,-2,-7,1,-5,2,-1,7,0,7,5,11,5,17,8,22,6,21,6,30,8,31,6,37,6,40,2,47,3,47,1,50,0,56,-1,59,-5,61,-2,59,-5,63,-8,64,-11,66,-8,62,-11,68,-10,69,-10,73,-12,74,-14,75,-16,81,-19,79,-16,76,-22,80,-20,78,-20,74,0,0]",1
CSI_DATA,53325,1a:00:00:00:00:00,-31,11,1,0,1,1,1,0,0,0,1,-97,0,11,2,718120479,0,44,0,384,0,"[0,0,0,0,0,0,0,0,0,0,0,0,-10,-10,-10,-10,-10,-10,-9,-10,-10,-10,-9,-9,-9,-9,-9,-9,-9,-8,-9,-7,-8,-7,-9,-6,-8,-6,-9,-5,-9,-5,-9,-4,-9,-3,-10,-3,-10,-3,-11,-3,-11,-2,-11,-2,-12,-2,-12,-2,-12,-2,-12,-2,0,0,-13,-3,-13,-3,-12,-3,-12,-3,-11,-3,-12,-3,-11,-3,-11,-2,-11,-2,-11,-2,-11,-2,-11,-2,-12,-2,-12,-2,-12,-2,-12,-3,-12,-3,-11,-3,-11,-4,-11,-4,-11,-5,-10,-6,-10,-6,-9,-6,-8,-7,-7,-7,0,0,0,0,0,0,0,0,0,0,0,0,0,0,-2,81,-5,68,1,72,0,73,1,68,2,72,3,66,1,71,7,65,5,69,2,63,6,58,7,59,9,53,8,52,12,48,17,49,18,46,21,48,23,42,28,46,28,39,34,40,34,43,36,44,38,46,42,45,41,44,41,48,43,47,42,52,47,52,38,48,41,50,40,46,39,52,36,48,38,46,36,43,40,40,37,39,41,39,41,44,40,42,41,41,36,43,42,46,39,48,37,47,33,50,30,51,27,48,28,52,18,51,14,48,14,50,6,47,0,0,0,0,0,0,0,0,0,0,0,0,0,0,0,0,0,0,0,0,0,0,-15,-22,-11,-23,-9,-18,-8,-23,-9,-23,-9,-20,-8,-18,-7,-18,-8,-19,-8,-19,-11,-21,-8,-20,-10,-25,-8,-19,-3,-24,-2,-20,-3,-22,0,-20,1,-19,-2,-15,-4,-10,1,-11,-1,-5,-4,-3,-4,-1,-9,-3,-9,1,-15,7,-12,8,-17,16,-22,10,-28,14,-32,18,-35,14,-44,14,-43,14,-47,10,-50,12,-55,10,-58,11,-58,13,-61,10,-68,9,-63,9,-66,7,-65,12,-73,9,-71,11,-77,12,-75,7,-81,8,-81,6,-86,5,-80,2,-83,6,-85,-4,-84,4,0,0]",1
CSI_DATA,53326,1a:00:00:00:00:00,-31,11,1,0,1,1,1,0,0,0,1,-97,0,11,2,718140480,0,44,0,384,0,"[0,0,0,0,0,0,0,0,0,0,0,0,12,3,12,3,12,3,12,3,12,3,11,3,11,3,10,2,10,2,10,1,9,1,9,0,9,0,9,-1,9,-1,9,-2,8,-2,9,-3,9,-3,9,-4,9,-4,10,-4,10,-4,10,-5,10,-5,10,-5,0,0,11,-5,11,-4,10,-4,11,-4,10,-4,10,-4,10,-4,9,-4,9,-4,9,-4,9,-5,9,-5,10,-5,10,-5,10,-4,10,-4,10,-4,10,-3,10,-3,10,-2,10,-1,10,-1,10,0,9,0,9,1,8,2,0,0,0,0,0,0,0,0,0,0,0,0,0,0,-34,-74,-33,-67,-33,-65,-36,-66,-38,-63,-39,-61,-37,-62,-34,-62,-38,-57,-36,-56,-35,-53,-34,-50,-36,-49,-36,-48,-34,-43,-38,-41,-35,-36,-39,-35,-39,-32,-43,-27,-46,-27,-47,-23,-50,-21,-53,-25,-51,-24,-56,-25,-60,-22,-59,-22,-57,-28,-60,-24,-64,-29,-61,-28,-57,-30,-59,-27,-58,-27,-57,-26,-55,-29,-54,-23,-54,-26,-54,-23,-52,-23,-56,-22,-56,-22,-56,-21,-57,-21,-56,-26,-54,-28,-60,-31,-52,-29,-52,-32,-50,-33,-41,-34,-45,-39,-37,-44,-36,-41,-34,-40,-24,-42,0,0,0,0,0,0,0,0,0,0,0,0,0,0,0,0,0,0,0,0,0,0,21,4,24,7,21,8,19,11,19,11,18,9,17,10,19,8,18,9,17,12,17,10,17,13,15,14,21,13,16,12,17,15,16,15,15,17,14,12,7,12,5,10,5,5,3,5,3,5,2,-1,3,-5,2,-11,5,-13,8,-17,10,-23,14,-27,17,-28,18,-31,22,-34,25,-31,32,-37,35,-38,37,-38,41,-42,43,-41,43,-38,43,-43,45,-41,51,-43,47,-41,47,-42,52,-45,56,-48,61,-51,60,-44,63,-47,64,-49,69,-45,66,-44,71,-46,73,-41,68,-43,0,0]",1
CSI_DATA,53327,1a:00:00:00:00:00,-31,11,1,0,1,1,1,0,0,0,1,-97,0,11,2,718150511,0,44,0,384,0,"[0,0,0,0,0,0,0,0,0,0,0,0,-4,13,-3,12,-3,13,-3,12,-3,12,-3,11,-3,11,-3,11,-3,10,-2,10,-2,10,-1,9,-1,9,0,9,0,8,1,9,1,8,2,9,3,9,3,9,3,10,3,9,4,10,4,10,4,10,4,11,0,0,4,11,4,11,4,11,3,11,3,10,3,10,3,10,3,10,3,10,3,10,4,10,4,10,4,10,4,10,4,10,3,10,3,11,2,10,2,11,1,11,0,11,0,10,-1,10,-1,9,-2,9,-3,8,0,0,0,0,0,0,0,0,0,0,0,0,0,0,56,-47,61,-48,53,-44,54,-47,52,-44,51,-44,46,-43,50,-46,50,-44,43,-41,46,-41,43,-39,38,-41,36,-38,36,-39,33,-45,27,-42,26,-41,24,-43,16,-41,18,-47,18,-49,12,-53,9,-54,14,-51,12,-55,12,-59,9,-60,12,-61,14,-62,14,-65,16,-64,18,-60,15,-63,14,-61,18,-61,18,-58,16,-55,14,-55,12,-52,11,-53,8,-56,10,-56,11,-57,12,-56,14,-61,18,-56,17,-59,22,-53,23,-52,26,-51,24,-46,29,-45,27,-43,35,-42,32,-38,35,-32,0,0,0,0,0,0,0,0,0,0,0,0,0,0,0,0,0,0,0,0,0,0,-1,19,-6,21,-5,20,-10,20,-4,21,-8,19,-8,17,-8,20,-6,18,-7,20,-8,19,-8,22,-8,21,-12,20,-10,20,-13,20,-13,18,-15,15,-14,14,-15,15,-10,12,-9,8,-7,2,-4,8,-2,5,4,0,8,3,13,3,15,4,18,4,26,4,28,7,31,12,37,14,34,20,39,22,37,22,41,26,44,29,46,29,45,34,47,33,49,37,48,37,50,36,48,42,52,42,52,47,53,46,55,49,54,50,57,52,54,55,53,59,56,56,54,61,53,59,0,0]",1
CSI_DATA,53328,1a:00:00:00:00:00,-31,11,1,0,1,1,1,0,0,0,1,-97,0,11,2,718160486,0,44,0,384,0,"[0,0,0,0,0,0,0,0,0,0,0,0,-14,2,-13,2,-13,2,-13,2,-13,2,-12,2,-12,2,-12,2,-11,2,-11,2,-10,3,-10,3,-9,3,-9,4,-8,4,-8,5,-8,5,-8,6,-7,6,-8,7,-8,7,-8,7,-8,8,-8,8,-8,8,-8,8,0,0,-9,8,-9,8,-9,8,-9,8,-9,7,-9,7,-8,7,-8,7,-8,7,-8,7,-7,8,-8,8,-8,8,-8,8,-9,7,-9,7,-9,7,-9,6,-10,6,-10,5,-10,5,-10,4,-10,3,-10,3,-10,2,-9,1,0,0,0,0,0,0,0,0,0,0,0,0,0,0,67,34,66,35,66,32,69,26,65,29,65,25,65,27,67,26,61,26,65,19,59,24,56,21,59,17,52,11,53,14,47,12,49,6,48,5,52,2,49,-2,53,-6,51,-10,52,-13,53,-12,53,-14,59,-15,57,-17,61,-19,62,-15,64,-18,61,-15,69,-19,61,-12,63,-19,60,-13,64,-13,55,-11,58,-10,59,-11,55,-18,53,-14,55,-17,56,-16,57,-21,59,-18,57,-16,62,-15,60,-10,62,-9,57,-6,64,-7,56,0,56,4,56,8,51,9,51,12,43,18,0,0,0,0,0,0,0,0,0,0,0,0,0,0,0,0,0,0,0,0,0,0,-23,7,-23,5,-21,1,-22,0,-21,-2,-22,-1,-20,1,-22,0,-25,-2,-19,1,-22,-1,-24,-2,-28,1,-22,-1,-27,0,-24,-3,-23,-6,-23,-3,-19,-6,-15,-3,-15,-6,-11,-1,-7,-4,-5,-1,-2,2,-4,5,-1,8,0,10,2,16,5,22,4,24,0,33,3,32,-1,38,0,42,-3,47,-4,47,-9,52,-9,52,-9,58,-10,58,-12,60,-16,62,-16,59,-17,64,-16,61,-18,67,-18,68,-23,67,-22,70,-25,71,-24,78,-30,78,-30,74,-31,79,-33,76,-31,72,0,0]",1
CSI_DATA,53329,1a:00:00:00:00:00,-30,11,1,0,1,1,1,0,0,0,1,-97,0,11,2,718180487,0,44,0,384,0,"[0,0,0,0,0,0,0,0,0,0,0,0,10,-9,9,-9,10,-9,9,-8,9,-9,9,-8,9,-8,9,-7,8,-7,8,-7,7,-8,6,-8,6,-7,5,-8,5,-8,4,-9,3,-8,3,-9,3,-9,3,-10,3,-10,3,-11,3,-11,3,-12,3,-12,3,-12,0,0,4,-12,4,-12,4,-11,4,-12,4,-11,4,-11,4,-10,3,-10,3,-10,3,-11,3,-11,3,-11,3,-11,3,-11,4,-11,4,-11,5,-11,4,-10,5,-10,6,-10,6,-9,6,-8,7,-8,7,-7,7,-6,7,-5,0,0,0,0,0,0,0,0,0,0,0,0,0,0,-78,2,-75,1,-79,3,-71,4,-68,3,-70,2,-69,3,-67,6,-64,7,-68,7,-66,7,-65,4,-57,7,-58,7,-58,12,-56,14,-53,12,-48,16,-49,16,-44,24,-47,25,-45,28,-44,32,-45,31,-43,31,-45,36,-44,39,-48,37,-52,40,-50,42,-52,42,-55,43,-51,35,-56,36,-52,36,-56,35,-55,31,-47,32,-48,35,-49,36,-43,33,-47,37,-45,34,-50,38,-52,35,-46,36,-56,35,-51,32,-56,28,-52,24,-54,23,-54,18,-55,12,-54,10,-56,8,-49,6,-48,2,0,0,0,0,0,0,0,0,0,0,0,0,0,0,0,0,0,0,0,0,0,0,14,-23,18,-19,15,-17,17,-13,16,-13,16,-12,17,-12,15,-14,17,-12,14,-15,16,-14,19,-14,21,-15,17,-13,20,-11,19,-12,22,-7,18,-6,20,-4,18,-5,12,-4,9,0,10,-4,1,-4,1,-6,-4,-7,-6,-8,-9,-11,-13,-15,-18,-19,-19,-22,-22,-30,-21,-28,-22,-36,-23,-38,-19,-43,-19,-43,-21,-50,-22,-52,-22,-52,-19,-57,-18,-58,-18,-62,-17,-60,-20,-64,-14,-63,-18,-68,-19,-69,-14,-76,-14,-73,-15,-77,-18,-77,-12,-80,-6,-77,-13,-85,-9,-85,-5,-83,0,0]",1
CSI_DATA,53330,1a:00:00:00:00:00,-30,11,1,0,1,1,1,0,0,0,1,-97,0,11,2,718190490,0,44,0,384,0,"[0,0,0,0,0,0,0,0,0,0,0,0,10,8,10,8,10,8,10,8,9,8,9,7,9,7,8,7,8,7,8,5,8,5,8,5,8,4,8,3,8,3,8,2,9,2,9,1,9,1,10,0,10,0,11,0,11,0,11,0,12,0,12,0,0,0,12,0,12,0,12,0,11,1,11,1,11,1,11,1,10,0,10,0,10,0,10,-1,11,0,11,0,11,0,11,0,11,0,11,1,11,1,11,2,10,2,10,3,10,4,9,4,8,4,8,5,7,5,0,0,0,0,0,0,0,0,0,0,0,0,0,0,1,-75,5,-74,2,-74,-1,-73,2,-73,-1,-72,-3,-68,-5,-69,0,-67,-4,-64,-4,-64,-5,-65,-6,-57,-10,-59,-11,-58,-13,-51,-12,-50,-20,-48,-16,-50,-22,-45,-26,-43,-26,-46,-29,-46,-33,-47,-34,-48,-38,-47,-39,-48,-41,-51,-42,-53,-43,-52,-40,-54,-39,-55,-39,-53,-39,-53,-36,-55,-36,-50,-33,-47,-33,-49,-34,-49,-33,-47,-35,-46,-36,-49,-39,-49,-40,-47,-39,-50,-35,-50,-36,-54,-34,-51,-29,-49,-26,-52,-23,-56,-18,-55,-17,-56,-10,-56,-8,-53,-9,-49,-1,-49,0,0,0,0,0,0,0,0,0,0,0,0,0,0,0,0,0,0,0,0,0,0,16,15,17,20,14,18,12,23,11,17,11,14,11,15,10,18,13,19,12,16,10,18,9,19,10,19,8,20,8,22,8,20,7,25,4,22,2,18,2,11,-1,11,1,12,2,6,4,4,6,3,2,-2,9,-8,7,-8,15,-11,16,-11,22,-16,25,-19,29,-17,35,-18,39,-17,45,-21,46,-16,49,-18,55,-15,57,-16,59,-16,57,-15,60,-12,63,-13,62,-12,63,-14,71,-16,70,-10,73,-9,77,-9,80,-9,77,-11,81,-8,77,-6,84,-4,84,-3,85,-4,0,0]",1
CSI_DATA,53331,1a:00:00:00:00:00,-30,11,1,0,1,1,1,0,0,0,1,-97,0,11,2,718200491,0,44,0,384,0,"[0,0,0,0,0,0,0,0,0,0,0,0,-5,12,-5,12,-5,12,-5,11,-5,11,-5,11,-5,10,-5,10,-5,10,-4,9,-4,9,-3,9,-3,9,-2,9,-1,9,-1,9,0,9,0,9,1,9,1,9,1,10,1,10,2,10,2,11,2,11,2,11,0,0,1,12,1,11,1,11,1,11,1,11,0,11,1,10,1,10,1,10,1,10,2,10,1,11,1,10,1,11,0,11,0,11,0,11,0,11,-1,11,-2,10,-3,10,-3,10,-3,9,-4,9,-5,8,-5,7,0,0,0,0,0,0,0,0,0,0,0,0,0,0,72,-21,69,-28,65,-30,69,-29,63,-29,64,-33,63,-32,64,-32,61,-30,56,-31,58,-26,56,-29,51,-30,47,-27,45,-27,39,-30,40,-34,32,-35,36,-37,32,-40,33,-43,27,-43,30,-48,27,-49,28,-48,29,-50,30,-56,29,-57,31,-56,30,-62,33,-62,32,-56,36,-56,35,-56,36,-53,38,-53,33,-50,33,-50,28,-49,31,-54,30,-50,27,-55,29,-52,27,-53,30,-52,31,-53,35,-49,38,-48,38,-51,37,-47,41,-43,46,-38,44,-37,46,-33,48,-30,43,-23,44,-20,0,0,0,0,0,0,0,0,0,0,0,0,0,0,0,0,0,0,0,0,0,0,-9,24,-12,21,-9,17,-12,19,-9,16,-14,15,-12,18,-15,14,-10,16,-11,18,-14,20,-15,20,-13,18,-14,14,-16,15,-16,16,-19,16,-16,14,-17,12,-14,7,-12,7,-7,6,-8,4,-1,2,0,5,2,4,11,5,9,5,15,9,18,10,22,12,28,17,26,25,32,24,31,30,32,32,35,34,37,34,38,41,38,43,38,48,38,47,37,53,37,56,36,53,38,59,38,59,41,61,39,66,40,67,39,64,43,64,40,72,38,71,38,73,37,77,33,76,0,0]",1
CSI_DATA,53332,1a:00:00:00:00:00,-30,11,1,0,1,1,1,0,0,0,1,-97,0,11,2,718220496,0,44,0,384,0,"[0,0,0,0,0,0,0,0,0,0,0,0,-3,-14,-3,-13,-3,-14,-3,-13,-3,-13,-3,-13,-3,-12,-3,-12,-3,-11,-3,-11,-3,-11,-4,-10,-4,-10,-4,-9,-5,-9,-6,-8,-6,-8,-7,-8,-7,-8,-8,-8,-8,-8,-8,-8,-9,-9,-9,-8,-9,-9,-9,-9,0,0,-9,-9,-9,-10,-9,-9,-9,-10,-8,-9,-8,-9,-8,-9,-8,-8,-8,-8,-8,-8,-9,-8,-9,-8,-9,-8,-9,-9,-8,-9,-8,-9,-8,-10,-8,-9,-7,-10,-6,-10,-5,-11,-5,-10,-4,-11,-3,-10,-3,-10,-2,-9,0,0,0,0,0,0,0,0,0,0,0,0,0,0,-42,61,-37,58,-34,58,-37,57,-29,60,-32,60,-34,57,-35,58,-31,58,-30,55,-24,52,-28,53,-25,52,-22,50,-21,47,-15,47,-14,47,-6,47,-9,47,-1,48,-1,48,4,47,7,54,9,52,5,53,9,55,8,57,12,61,12,63,12,63,10,62,9,65,6,62,5,63,7,63,6,60,5,58,5,55,10,58,11,54,8,55,9,54,13,58,13,58,11,57,8,58,4,59,6,59,1,58,-3,54,-3,56,-6,55,-11,56,-15,50,-14,51,-13,45,-23,40,0,0,0,0,0,0,0,0,0,0,0,0,0,0,0,0,0,0,0,0,0,0,-5,-24,0,-27,-1,-22,-2,-23,2,-23,2,-18,2,-17,2,-20,0,-21,-2,-20,2,-20,4,-22,3,-20,2,-22,7,-25,7,-23,5,-21,7,-20,5,-17,7,-16,7,-12,5,-10,0,-10,-1,-10,-4,-5,-5,-3,-8,-1,-14,0,-21,1,-22,2,-28,0,-28,-2,-34,-2,-41,-8,-44,-6,-42,-13,-43,-10,-50,-16,-51,-16,-59,-18,-58,-19,-57,-24,-58,-24,-60,-25,-59,-22,-62,-26,-64,-26,-66,-25,-66,-30,-65,-31,-69,-33,-73,-30,-70,-36,-67,-38,-73,-41,-70,-41,-72,-41,0,0]",1
CSI_DATA,53333,1a:00:00:00:00:00,-30,11,1,0,1,1,1,0,0,0,1,-97,0,11,2,718230507,0,44,0,384,0,"[0,0,0,0,0,0,0,0,0,0,0,0,13,-4,13,-4,12,-4,12,-4,12,-4,11,-4,11,-4,11,-3,10,-4,9,-4,9,-4,9,-5,8,-5,8,-5,7,-6,7,-6,7,-7,6,-7,6,-8,6,-8,7,-8,7,-9,6,-9,6,-10,7,-10,7,-10,0,0,8,-10,8,-10,8,-10,8,-9,8,-9,7,-9,7,-8,7,-8,7,-9,7,-9,6,-9,6,-9,7,-9,7,-9,7,-9,8,-9,8,-9,8,-8,8,-8,9,-7,9,-6,9,-6,9,-5,9,-5,9,-4,9,-3,0,0,0,0,0,0,0,0,0,0,0,0,0,0,-70,-38,-66,-38,-64,-31,-63,-32,-65,-34,-65,-27,-64,-33,-69,-32,-63,-27,-60,-30,-58,-25,-60,-21,-57,-21,-52,-23,-49,-18,-52,-14,-52,-11,-49,-9,-53,-5,-52,-5,-52,1,-54,4,-54,6,-57,8,-58,7,-57,11,-61,10,-62,10,-66,6,-66,12,-66,10,-67,7,-65,6,-67,8,-66,4,-65,3,-61,3,-58,4,-61,7,-58,7,-56,8,-59,7,-59,4,-63,8,-61,8,-63,7,-61,1,-65,-1,-58,-3,-60,-3,-57,-6,-56,-11,-58,-12,-52,-19,-52,-24,-47,-22,-45,-25,0,0,0,0,0,0,0,0,0,0,0,0,0,0,0,0,0,0,0,0,0,0,21,-10,23,-10,21,-8,20,-3,22,-7,19,-3,23,-3,20,-6,18,-5,19,-3,21,-3,23,-3,22,-6,22,-4,21,0,19,-2,20,-1,18,2,17,4,14,3,14,4,10,2,4,0,4,-3,3,-8,-2,-7,-2,-11,-3,-10,-3,-16,-7,-22,-9,-25,-4,-32,-2,-36,0,-39,-1,-46,1,-47,1,-50,5,-54,7,-57,5,-58,10,-61,9,-61,15,-63,16,-65,16,-64,11,-64,15,-67,18,-71,20,-74,24,-73,20,-72,25,-81,26,-76,29,-76,34,-78,33,-77,33,-76,0,0]",1
CSI_DATA,53334,1a:00:00:00:00:00,-30,11,1,0,1,1,1,0,0,0,1,-97,0,11,2,718240493,0,44,0,384,0,"[0,0,0,0,0,0,0,0,0,0,0,0,8,9,8,9,8,9,8,9,7,9,7,9,7,9,7,8,6,8,6,7,7,7,7,6,7,5,7,5,7,5,8,4,7,3,8,3,8,3,9,3,9,3,10,2,10,2,11,2,11,2,11,2,0,0,11,3,11,3,10,3,10,3,10,3,10,3,10,3,9,3,9,3,9,2,10,2,10,2,10,2,10,3,10,3,10,4,10,4,10,4,9,5,9,5,8,6,7,6,7,6,6,6,6,7,5,6,0,0,0,0,0,0,0,0,0,0,0,0,0,0,12,-76,11,-71,9,-73,6,-69,6,-66,2,-66,3,-67,2,-69,1,-66,2,-64,2,-60,4,-60,-1,-59,0,-54,-1,-56,-8,-52,-9,-50,-12,-45,-12,-50,-17,-45,-21,-46,-22,-45,-26,-49,-27,-43,-28,-50,-29,-52,-33,-50,-35,-49,-35,-55,-36,-56,-35,-58,-33,-59,-31,-53,-32,-56,-30,-56,-30,-55,-24,-54,-24,-51,-23,-51,-29,-48,-28,-47,-29,-49,-30,-52,-32,-49,-30,-53,-30,-52,-23,-56,-26,-57,-18,-52,-22,-54,-17,-57,-10,-55,-8,-52,-6,-54,-3,-49,-2,-52,5,-44,0,0,0,0,0,0,0,0,0,0,0,0,0,0,0,0,0,0,0,0,0,0,13,17,13,18,14,19,10,21,10,17,9,16,11,17,8,20,11,19,7,19,8,20,11,19,8,19,7,20,6,21,6,23,4,20,4,20,2,21,1,19,-1,11,-2,12,0,7,4,4,1,3,5,-1,8,-5,9,-8,15,-8,17,-13,21,-16,27,-17,30,-14,32,-15,44,-14,43,-13,44,-12,50,-13,53,-15,57,-13,60,-11,56,-8,59,-10,63,-6,62,-8,69,-5,71,-4,71,-4,74,-4,73,-6,76,-3,78,-6,81,0,75,1,82,0,84,5,82,4,0,0]",1
CSI_DATA,53335,1a:00:00:00:00:00,-30,11,1,0,1,1,1,0,0,0,1,-97,0,11,2,718260489,0,44,0,384,0,"[0,0,0,0,0,0,0,0,0,0,0,0,-13,-4,-13,-4,-13,-4,-13,-4,-13,-4,-12,-4,-12,-4,-11,-4,-11,-4,-11,-3,-11,-3,-10,-2,-10,-2,-10,-1,-10,-1,-10,0,-10,1,-10,1,-10,2,-10,2,-11,2,-11,3,-11,3,-11,3,-12,3,-12,3,0,0,-12,3,-12,3,-12,2,-12,2,-11,2,-11,2,-11,2,-11,2,-11,2,-11,3,-11,3,-11,3,-11,2,-11,2,-12,2,-12,2,-12,1,-12,1,-12,0,-11,0,-11,-1,-11,-2,-11,-2,-10,-3,-10,-3,-9,-4,0,0,0,0,0,0,0,0,0,0,0,0,0,0,28,66,26,62,33,64,29,63,32,60,32,63,29,54,28,62,30,57,31,59,29,53,30,53,31,48,30,46,29,45,32,42,32,38,37,33,36,32,32,29,40,29,40,30,49,28,47,27,45,24,50,28,53,24,57,22,58,25,58,25,57,27,56,32,53,34,52,33,50,34,49,35,49,29,47,32,46,29,49,28,42,24,49,26,53,27,55,27,50,27,49,30,50,33,49,34,47,37,41,37,40,38,38,37,34,42,26,41,28,41,26,42,21,43,0,0,0,0,0,0,0,0,0,0,0,0,0,0,0,0,0,0,0,0,0,0,-25,-3,-23,-9,-17,-10,-20,-12,-15,-11,-19,-10,-15,-10,-19,-6,-17,-8,-18,-7,-20,-11,-18,-10,-19,-9,-18,-12,-20,-15,-19,-14,-18,-13,-16,-12,-12,-16,-11,-14,-7,-12,-9,-10,-6,-8,-1,-1,-4,0,-5,2,-4,5,-5,13,-9,15,-9,21,-12,24,-20,28,-19,30,-23,31,-28,35,-33,35,-33,37,-34,37,-40,41,-41,43,-46,39,-46,37,-52,42,-49,40,-49,45,-54,42,-51,44,-56,42,-60,39,-58,39,-62,42,-64,43,-70,46,-68,38,-70,43,-72,38,-71,34,0,0]",1
CSI_DATA,53336,1a:00:00:00:00:00,-30,11,1,0,1,1,1,0,0,0,1,-97,0,11,2,718270496,0,44,0,384,0,"[0,0,0,0,0,0,0,0,0,0,0,0,0,-14,-1,-14,-1,-14,0,-14,0,-13,0,-13,0,-13,0,-12,0,-11,-1,-11,-1,-11,-2,-10,-2,-10,-2,-10,-3,-10,-4,-9,-4,-9,-5,-9,-6,-9,-6,-9,-6,-10,-6,-10,-7,-10,-7,-10,-7,-11,-7,-11,0,0,-7,-11,-6,-11,-6,-11,-6,-11,-6,-11,-6,-11,-6,-10,-6,-10,-6,-10,-6,-10,-7,-10,-6,-10,-6,-10,-6,-10,-6,-11,-6,-11,-5,-11,-5,-11,-4,-11,-4,-11,-3,-11,-2,-11,-1,-11,-1,-11,0,-10,1,-10,0,0,0,0,0,0,0,0,0,0,0,0,0,0,-49,52,-48,53,-45,51,-45,54,-45,54,-40,51,-39,55,-44,55,-42,51,-38,48,-33,48,-37,48,-32,50,-31,48,-31,47,-29,42,-25,46,-22,45,-20,45,-12,45,-12,50,-9,50,-6,54,-8,57,-7,54,-4,60,-6,60,-3,58,-7,60,-6,64,-7,61,-11,68,-10,63,-8,63,-12,58,-11,56,-10,56,-8,58,-7,56,-5,57,-7,53,-7,56,-8,59,-5,59,-7,58,-7,57,-14,56,-16,57,-17,51,-17,56,-20,58,-23,48,-27,50,-32,44,-36,42,-30,37,-30,32,0,0,0,0,0,0,0,0,0,0,0,0,0,0,0,0,0,0,0,0,0,0,-5,-21,-4,-22,-3,-25,-1,-23,0,-22,1,-20,1,-17,0,-20,2,-21,2,-21,1,-20,1,-19,3,-24,3,-25,5,-21,4,-24,5,-23,6,-18,6,-19,5,-14,6,-6,2,-11,2,-8,-1,-6,-4,-1,-6,-2,-10,-3,-15,1,-20,0,-21,1,-25,0,-32,-2,-37,-6,-36,-7,-43,-9,-47,-10,-48,-12,-50,-20,-51,-21,-54,-22,-54,-25,-51,-27,-55,-31,-59,-29,-58,-31,-55,-28,-57,-29,-62,-34,-63,-34,-63,-39,-61,-41,-67,-40,-67,-45,-64,-44,-67,-49,-61,-49,-63,-49,0,0]",1
CSI_DATA,53337,1a:00:00:00:00:00,-30,11,1,0,1,1,1,0,0,0,1,-97,0,11,2,718280711,0,44,0,384,0,"[0,0,0,0,0,0,0,0,0,0,0,0,9,9,9,9,9,9,9,9,9,9,8,8,8,8,8,7,8,7,8,7,8,6,8,6,7,5,8,4,8,4,9,3,8,2,9,2,9,2,10,1,10,1,10,1,11,1,11,1,11,1,12,1,0,0,12,2,12,2,11,2,11,2,11,2,11,2,10,2,10,1,10,1,10,1,11,1,11,1,11,1,11,1,11,2,11,2,11,2,10,2,10,3,10,4,9,4,9,5,9,5,8,6,7,6,6,6,0,0,0,0,0,0,0,0,0,0,0,0,0,0,-10,-76,-10,-73,-9,-68,-15,-72,-12,-69,-13,-71,-17,-64,-16,-67,-13,-64,-13,-61,-14,-58,-15,-59,-18,-59,-17,-55,-15,-53,-19,-50,-21,-48,-24,-45,-28,-43,-28,-39,-33,-40,-32,-40,-36,-33,-39,-35,-43,-34,-45,-41,-44,-43,-47,-38,-47,-43,-49,-43,-50,-44,-49,-46,-46,-47,-48,-43,-47,-44,-43,-42,-40,-43,-41,-42,-42,-40,-43,-38,-44,-35,-43,-38,-45,-39,-48,-40,-44,-39,-41,-42,-42,-44,-41,-45,-38,-45,-37,-44,-34,-47,-28,-49,-25,-51,-23,-49,-15,-45,-17,-50,-9,-49,0,0,0,0,0,0,0,0,0,0,0,0,0,0,0,0,0,0,0,0,0,0,18,17,16,13,15,16,14,15,14,16,11,17,13,15,10,12,13,15,14,16,13,16,14,16,12,18,12,18,11,17,10,20,12,22,6,20,4,15,3,16,3,11,3,10,3,5,1,2,3,-1,7,-2,6,-6,8,-11,13,-13,14,-15,18,-22,23,-18,24,-24,28,-23,36,-27,40,-21,37,-24,46,-25,52,-23,50,-26,54,-26,58,-23,59,-19,58,-25,59,-24,56,-27,64,-24,66,-22,67,-25,69,-23,74,-21,76,-24,76,-22,75,-17,79,-15,78,-16,80,-17,0,0]",1
CSI_DATA,53338,1a:00:00:00:00:00,-30,11,1,0,1,1,1,0,0,0,1,-97,0,11,2,718300492,0,44,0,384,0,"[0,0,0,0,0,0,0,0,0,0,0,0,-10,10,-9,10,-9,10,-9,9,-9,9,-9,9,-9,8,-8,8,-8,8,-7,8,-7,8,-6,8,-6,8,-5,8,-5,8,-3,8,-3,8,-3,9,-2,9,-2,10,-2,10,-2,10,-2,11,-1,11,-1,12,-2,12,0,0,-3,12,-3,12,-3,12,-3,11,-3,11,-3,11,-3,10,-3,10,-2,10,-2,10,-1,11,-2,11,-2,11,-2,11,-3,11,-3,11,-3,11,-4,11,-4,10,-5,10,-6,10,-6,9,-6,8,-6,8,-7,7,-7,6,0,0,0,0,0,0,0,0,0,0,0,0,0,0,79,-1,74,1,72,0,69,-2,69,-3,67,-5,67,-6,68,-4,67,-8,63,-1,62,-5,60,-4,58,-8,56,-8,54,-10,51,-11,49,-14,46,-21,49,-18,42,-25,45,-23,43,-28,42,-27,43,-30,46,-31,47,-36,46,-36,48,-38,48,-40,49,-44,49,-40,56,-38,54,-39,51,-37,52,-34,50,-34,45,-29,48,-31,46,-30,45,-32,46,-35,43,-36,46,-32,48,-36,49,-34,48,-32,51,-33,49,-25,51,-27,50,-21,56,-19,53,-15,54,-12,54,-10,50,-6,49,-1,47,2,0,0,0,0,0,0,0,0,0,0,0,0,0,0,0,0,0,0,0,0,0,0,-15,19,-20,19,-16,13,-17,13,-16,15,-17,14,-16,10,-16,11,-19,12,-17,13,-18,14,-16,16,-20,17,-19,12,-21,10,-23,10,-19,10,-21,8,-18,6,-17,1,-16,3,-12,2,-7,0,-3,5,0,6,0,7,4,7,8,9,11,13,16,19,15,24,16,25,17,27,17,35,18,36,19,39,20,45,21,48,20,50,22,57,19,56,19,57,15,60,17,60,15,60,20,65,15,66,17,70,16,71,13,73,15,72,14,78,10,80,9,79,9,82,7,79,4,81,0,0]",1
CSI_DATA,53339,1a:00:00:00:00:00,-30,11,1,0,1,1,1,0,0,0,1,-97,0,11,2,718310495,0,44,0,384,0,"[0,0,0,0,0,0,0,0,0,0,0,0,-13,-7,-12,-6,-12,-6,-12,-6,-12,-6,-12,-6,-11,-6,-11,-6,-10,-6,-10,-5,-10,-4,-10,-4,-10,-3,-9,-3,-10,-2,-10,-1,-10,-1,-10,0,-10,0,-11,0,-11,0,-11,1,-12,1,-12,2,-12,2,-12,2,0,0,-13,1,-13,0,-12,0,-12,0,-12,0,-12,0,-11,0,-11,0,-11,0,-11,1,-11,2,-11,1,-12,1,-12,1,-12,0,-12,0,-12,0,-12,-1,-12,-2,-11,-2,-11,-3,-11,-4,-10,-4,-10,-4,-9,-5,-8,-5,0,0,0,0,0,0,0,0,0,0,0,0,0,0,12,75,13,69,14,66,15,67,14,66,20,64,17,62,20,64,15,61,18,58,17,56,20,56,18,56,21,50,18,51,23,46,21,45,24,42,29,40,31,40,33,36,33,38,40,35,41,36,42,33,48,35,46,36,47,37,47,38,53,41,49,44,47,45,45,43,44,40,44,40,45,42,41,40,40,40,41,41,44,38,39,34,44,36,43,39,47,37,45,40,43,40,43,42,42,40,37,44,37,44,32,50,27,46,26,51,20,51,16,48,11,46,9,45,0,0,0,0,0,0,0,0,0,0,0,0,0,0,0,0,0,0,0,0,0,0,-20,-11,-19,-15,-16,-12,-16,-15,-14,-15,-15,-16,-16,-15,-15,-15,-16,-14,-17,-13,-18,-18,-15,-15,-18,-16,-18,-18,-17,-19,-15,-17,-13,-18,-10,-17,-9,-19,-5,-16,-6,-14,-6,-9,-3,-9,-5,-6,-6,-2,-5,3,-7,7,-8,9,-11,14,-16,15,-16,19,-23,21,-27,26,-27,28,-35,24,-37,26,-42,26,-41,31,-48,24,-51,26,-51,30,-52,27,-59,24,-56,24,-61,28,-62,26,-67,28,-65,29,-67,29,-69,29,-72,30,-76,27,-73,26,-76,22,-78,23,-82,20,-79,21,0,0]",1
CSI_DATA,53340,1a:00:00:00:00:00,-30,11,1,0,1,1,1,0,0,0,1,-97,0,11,2,718330508,0,44,0,384,0,"[0,0,0,0,0,0,0,0,0,0,0,0,12,-1,12,-1,12,-1,12,-1,12,-1,12,-1,11,-1,11,-1,10,-1,10,-2,9,-2,9,-2,9,-3,8,-3,8,-4,8,-5,7,-5,7,-5,7,-6,7,-6,7,-7,8,-7,8,-7,8,-8,8,-8,8,-8,0,0,9,-8,9,-8,9,-8,9,-7,9,-7,8,-7,8,-7,8,-7,8,-7,7,-7,7,-8,7,-8,8,-8,8,-8,8,-7,9,-7,9,-7,9,-7,9,-6,9,-5,9,-5,9,-4,9,-4,9,-3,9,-2,8,-1,0,0,0,0,0,0,0,0,0,0,0,0,0,0,-55,-55,-53,-53,-54,-48,-55,-44,-55,-46,-55,-44,-55,-42,-52,-40,-51,-37,-52,-37,-48,-39,-47,-34,-50,-33,-49,-30,-44,-29,-44,-26,-48,-22,-45,-15,-46,-20,-44,-10,-49,-7,-51,-8,-51,-2,-55,-1,-54,-3,-58,0,-63,-2,-63,2,-62,-3,-67,2,-66,-6,-65,-1,-68,-4,-66,-5,-61,-7,-63,-8,-58,-3,-59,-4,-58,-7,-60,-4,-60,0,-61,0,-63,-2,-60,1,-61,-2,-60,-3,-60,-3,-62,-8,-56,-10,-57,-8,-56,-13,-54,-15,-53,-18,-49,-20,-46,-26,-44,-29,-39,-29,0,0,0,0,0,0,0,0,0,0,0,0,0,0,0,0,0,0,0,0,0,0,21,0,25,6,22,4,18,3,20,5,17,3,19,2,18,6,20,5,21,3,20,3,24,6,19,8,22,2,19,9,21,7,18,11,17,8,14,9,12,11,10,7,10,4,7,2,6,0,7,-3,5,-9,4,-9,1,-16,-1,-20,0,-26,4,-28,5,-33,8,-35,13,-36,15,-39,17,-44,18,-44,25,-50,25,-49,27,-53,29,-54,27,-56,32,-52,35,-55,34,-52,37,-56,36,-64,34,-58,38,-64,41,-59,43,-60,44,-66,49,-65,49,-64,49,-62,50,-63,51,-66,0,0]",1
CSI_DATA,53341,1a:00:00:00:00:00,-30,11,1,0,1,1,1,0,0,0,1,-97,0,11,2,718340504,0,44,0,384,0,"[0,0,0,0,0,0,0,0,0,0,0,0,3,12,4,12,4,12,3,12,3,12,3,11,3,11,3,11,3,10,3,9,4,9,4,8,4,8,5,8,5,7,6,7,6,6,6,6,7,6,7,6,8,6,8,6,9,6,9,6,9,6,9,6,0,0,9,7,9,7,9,7,9,7,8,7,8,7,8,7,8,6,8,6,8,6,9,6,9,6,9,6,9,6,9,7,8,7,8,7,8,7,7,8,7,8,6,8,5,9,5,8,4,8,3,8,2,8,0,0,0,0,0,0,0,0,0,0,0,0,0,0,38,-67,31,-64,33,-66,31,-63,30,-63,27,-64,28,-62,28,-66,26,-62,28,-62,27,-58,21,-58,19,-55,18,-54,17,-50,13,-51,12,-52,5,-48,4,-50,1,-49,-5,-50,-9,-50,-11,-57,-9,-52,-9,-56,-11,-54,-13,-58,-15,-60,-15,-61,-16,-63,-16,-64,-13,-66,-9,-64,-10,-64,-8,-63,-7,-62,-11,-61,-10,-56,-7,-55,-14,-56,-14,-53,-14,-53,-11,-57,-16,-60,-12,-59,-12,-58,-9,-61,-5,-60,-7,-58,1,-57,-2,-57,1,-57,8,-58,10,-51,8,-51,16,-47,18,-41,0,0,0,0,0,0,0,0,0,0,0,0,0,0,0,0,0,0,0,0,0,0,6,22,2,18,3,21,-1,21,-1,19,-1,18,2,18,-1,19,2,19,2,21,2,22,1,22,1,22,-2,21,1,22,-5,21,-5,21,-3,20,-7,20,-8,14,-6,14,-3,9,-2,8,3,4,4,3,6,1,11,-2,12,-1,18,-4,22,-3,27,-2,30,0,34,0,38,1,42,5,45,4,46,7,51,8,52,12,56,9,57,14,58,13,60,19,59,18,62,21,62,18,65,19,66,21,70,25,71,24,71,28,70,26,76,33,75,31,78,35,72,38,70,35,0,0]",1
CSI_DATA,53342,1a:00:00:00:00:00,-30,11,1,0,1,1,1,0,0,0,1,-97,0,11,2,718350501,0,44,0,384,0,"[0,0,0,0,0,0,0,0,0,0,0,0,-10,9,-10,9,-10,9,-9,9,-9,9,-9,9,-9,8,-9,8,-8,8,-7,8,-7,8,-7,8,-6,8,-5,8,-5,8,-4,8,-4,8,-3,9,-3,9,-3,10,-3,10,-3,10,-3,11,-2,11,-2,12,-3,12,0,0,-4,12,-3,12,-4,11,-4,11,-4,11,-4,11,-4,10,-3,10,-3,10,-3,10,-3,11,-3,11,-3,11,-3,11,-4,11,-4,11,-5,11,-5,10,-5,10,-6,9,-7,9,-7,8,-7,8,-7,7,-8,6,-8,5,0,0,0,0,0,0,0,0,0,0,0,0,0,0,76,-8,72,-6,68,-11,67,-14,71,-13,64,-11,68,-11,67,-11,67,-13,66,-14,58,-13,58,-14,59,-17,55,-14,53,-15,49,-18,48,-19,44,-22,43,-22,41,-25,39,-28,41,-32,38,-33,36,-37,38,-41,37,-43,43,-43,42,-45,45,-47,43,-46,46,-45,48,-45,47,-42,46,-43,47,-42,46,-40,45,-38,42,-38,41,-39,41,-37,42,-42,40,-37,42,-38,41,-42,47,-39,45,-44,45,-37,50,-35,44,-34,46,-33,52,-30,48,-30,51,-21,52,-16,47,-15,48,-10,47,-6,0,0,0,0,0,0,0,0,0,0,0,0,0,0,0,0,0,0,0,0,0,0,-12,17,-14,17,-16,15,-15,14,-15,13,-14,14,-18,14,-16,14,-16,10,-16,15,-16,12,-19,14,-13,16,-19,13,-21,14,-24,10,-19,10,-17,9,-19,8,-16,5,-11,2,-9,5,-5,4,-6,5,0,4,2,4,5,9,12,10,12,12,16,17,19,20,19,24,19,27,21,31,25,35,22,38,24,44,22,46,23,50,20,52,22,52,23,54,20,57,20,60,21,57,25,66,21,60,24,65,21,68,20,73,19,74,19,75,18,78,16,78,14,82,12,79,14,80,0,0]",1
CSI_DATA,53343,1a:00:00:00:00:00,-30,11,1,0,1,1,1,0,0,0,1,-97,0,11,2,718370489,0,44,0,384,0,"[0,0,0,0,0,0,0,0,0,0,0,0,4,-13,4,-13,4,-13,4,-13,3,-13,3,-12,4,-12,3,-11,3,-11,2,-11,2,-11,1,-10,1,-10,0,-10,0,-10,-1,-10,-2,-10,-2,-10,-3,-10,-3,-10,-3,-11,-3,-11,-4,-11,-4,-11,-5,-12,-4,-12,0,0,-4,-13,-4,-12,-3,-12,-3,-12,-3,-12,-3,-12,-3,-11,-3,-11,-3,-11,-4,-11,-4,-11,-4,-11,-4,-11,-4,-12,-3,-12,-3,-12,-2,-12,-2,-12,-1,-12,-1,-11,0,-12,1,-11,1,-11,1,-10,2,-10,3,-9,0,0,0,0,0,0,0,0,0,0,0,0,0,0,-70,34,-67,30,-64,34,-64,30,-57,30,-61,33,-59,34,-61,32,-56,34,-58,33,-54,29,-51,28,-51,30,-46,28,-48,29,-40,32,-37,33,-33,36,-35,37,-27,37,-30,42,-24,44,-25,47,-25,49,-26,51,-25,50,-27,56,-26,57,-27,56,-26,58,-29,56,-35,60,-29,59,-30,58,-32,54,-36,52,-29,48,-31,46,-29,52,-28,52,-26,47,-22,52,-31,51,-25,50,-31,53,-27,52,-33,52,-32,50,-37,47,-35,44,-39,43,-37,40,-41,40,-41,33,-44,30,-41,22,-43,23,0,0,0,0,0,0,0,0,0,0,0,0,0,0,0,0,0,0,0,0,0,0,9,-20,8,-25,8,-21,13,-20,8,-19,10,-19,10,-18,10,-14,14,-18,13,-17,10,-19,11,-17,13,-19,12,-18,14,-17,14,-13,15,-17,16,-12,12,-13,10,-13,9,-7,7,-7,6,-4,0,-6,-2,-5,-5,-5,-9,-2,-12,-6,-17,-9,-25,-12,-27,-14,-30,-18,-29,-21,-32,-27,-30,-26,-33,-35,-35,-33,-37,-37,-38,-41,-39,-40,-40,-47,-41,-46,-39,-51,-40,-51,-41,-51,-42,-58,-40,-53,-40,-58,-45,-58,-44,-59,-44,-68,-44,-65,-42,-70,-42,-65,-44,-73,-40,-68,-36,-74,0,0]",1
CSI_DATA,53344,1a:00:00:00:00:00,-30,11,1,0,1,1,1,0,0,0,1,-97,0,11,2,718380494,0,44,0,384,0,"[0,0,0,0,0,0,0,0,0,0,0,0,13,2,12,1,13,1,12,1,12,1,11,2,11,1,11,1,10,1,10,1,10,0,9,0,9,-1,8,-1,8,-2,8,-3,8,-3,8,-4,8,-4,9,-4,9,-4,9,-5,9,-5,10,-6,10,-6,10,-6,0,0,10,-5,11,-5,10,-5,10,-5,10,-4,10,-4,10,-4,9,-4,9,-5,9,-5,9,-6,9,-5,9,-5,9,-5,10,-5,10,-4,10,-4,10,-4,10,-3,10,-2,10,-1,10,-1,10,0,9,0,9,1,8,1,0,0,0,0,0,0,0,0,0,0,0,0,0,0,-65,-49,-60,-48,-56,-43,-58,-45,-61,-44,-58,-42,-55,-41,-57,-40,-56,-37,-49,-36,-51,-34,-50,-34,-50,-31,-50,-31,-45,-26,-47,-25,-48,-22,-49,-19,-49,-19,-48,-9,-50,-9,-52,-7,-51,-1,-54,-1,-57,-1,-60,0,-63,-3,-60,0,-64,0,-67,1,-67,-1,-68,-6,-66,-4,-65,-2,-62,-5,-64,-3,-59,-7,-59,-8,-59,-3,-56,-2,-59,-5,-57,-1,-59,-4,-63,-2,-65,-5,-61,-3,-58,-9,-59,-9,-57,-10,-58,-14,-58,-19,-52,-20,-52,-21,-53,-23,-46,-24,-41,-27,-37,-29,0,0,0,0,0,0,0,0,0,0,0,0,0,0,0,0,0,0,0,0,0,0,23,-2,18,-2,24,1,20,4,19,-1,18,-1,21,1,20,-1,25,-2,22,-2,22,-2,22,0,22,3,18,2,22,3,22,9,20,5,22,11,15,8,12,9,8,7,11,1,6,1,4,-1,4,-2,2,-7,0,-10,1,-17,-3,-17,0,-25,0,-27,2,-32,7,-37,8,-37,10,-44,12,-46,13,-48,17,-48,14,-51,21,-53,23,-56,23,-56,24,-55,28,-58,30,-56,29,-55,30,-59,30,-65,34,-64,36,-65,37,-65,39,-69,42,-70,42,-68,49,-71,49,-69,47,-67,0,0]",1
CSI_DATA,53345,1a:00:00:00:00:00,-30,11,1,0,1,1,1,0,0,0,1,-97,0,11,2,718390492,0,44,0,384,0,"[0,0,0,0,0,0,0,0,0,0,0,0,0,13,1,13,0,13,0,13,0,12,0,12,0,12,0,11,0,10,1,10,1,10,1,9,2,9,2,9,3,8,3,8,4,8,4,8,5,8,5,8,6,8,6,8,6,8,7,9,7,9,7,9,0,0,7,10,6,10,6,9,6,10,6,9,6,9,5,9,6,8,6,8,6,8,6,8,6,9,6,9,6,9,6,9,5,9,5,10,5,9,4,10,3,10,3,10,2,10,1,10,1,9,0,9,-1,8,0,0,0,0,0,0,0,0,0,0,0,0,0,0,49,-57,51,-47,49,-50,49,-53,46,-52,46,-52,42,-51,47,-54,44,-50,39,-52,39,-46,36,-49,33,-46,32,-44,32,-43,26,-44,24,-46,21,-45,19,-46,15,-50,10,-51,11,-51,7,-51,7,-53,9,-56,5,-58,5,-57,3,-60,6,-63,5,-67,9,-66,10,-66,9,-62,8,-65,11,-60,11,-62,12,-59,12,-58,8,-58,9,-58,7,-56,10,-57,11,-60,4,-61,12,-60,6,-60,15,-63,13,-62,16,-54,18,-56,25,-56,24,-52,24,-49,30,-46,29,-39,32,-36,34,-37,0,0,0,0,0,0,0,0,0,0,0,0,0,0,0,0,0,0,0,0,0,0,3,23,0,22,-4,21,-2,22,0,22,-2,18,-2,16,-4,19,-2,22,-2,23,-5,18,-3,21,-1,24,-2,24,-7,24,-8,20,-8,21,-10,18,-10,16,-9,13,-5,12,-4,8,-2,4,2,5,2,3,6,6,11,5,10,2,10,1,24,-1,25,3,32,5,34,6,41,14,39,10,43,13,46,17,49,20,50,25,53,24,49,29,51,28,50,27,56,31,54,31,61,32,61,34,59,39,62,39,62,41,63,46,65,44,63,49,61,46,60,50,64,54,57,55,0,0]",1
CSI_DATA,53346,1a:00:00:00:00:00,-30,11,1,0,1,1,1,0,0,0,1,-97,0,11,2,718410496,0,44,0,384,0,"[0,0,0,0,0,0,0,0,0,0,0,0,-5,-13,-5,-13,-5,-13,-5,-13,-5,-13,-4,-12,-5,-12,-4,-11,-4,-11,-4,-11,-5,-10,-5,-9,-5,-9,-6,-8,-6,-8,-7,-7,-7,-7,-8,-7,-8,-6,-9,-7,-9,-7,-9,-7,-10,-7,-10,-7,-10,-7,-11,-7,0,0,-10,-8,-11,-8,-10,-8,-10,-8,-9,-8,-9,-8,-9,-7,-9,-7,-9,-7,-10,-7,-10,-7,-10,-7,-10,-7,-10,-7,-10,-7,-9,-7,-10,-9,-9,-8,-9,-8,-8,-9,-7,-9,-7,-9,-6,-10,-5,-9,-4,-9,-3,-9,0,0,0,0,0,0,0,0,0,0,0,0,0,0,-20,70,-22,69,-16,68,-15,69,-13,67,-12,66,-9,69,-13,66,-12,64,-12,59,-9,60,-8,63,-8,55,-5,55,-4,52,-2,49,2,50,6,45,6,48,12,45,13,46,16,45,21,46,20,47,21,49,23,49,26,55,28,53,27,56,29,53,29,61,26,61,26,55,27,54,24,57,22,53,25,51,22,50,25,48,24,51,24,47,28,53,26,53,29,51,27,54,26,52,22,56,22,56,18,55,17,53,14,56,13,52,6,55,2,52,-1,50,-5,48,-11,42,0,0,0,0,0,0,0,0,0,0,0,0,0,0,0,0,0,0,0,0,0,0,-10,-17,-7,-20,-10,-21,-5,-21,-9,-21,-8,-18,-6,-16,-8,-16,-7,-21,-7,-21,-2,-21,-6,-21,-5,-24,-6,-22,-4,-23,-3,-21,-1,-22,4,-19,-1,-17,2,-18,2,-13,1,-11,-1,-9,-5,-6,-3,-2,-8,-1,-7,-1,-14,6,-20,6,-23,5,-25,10,-33,11,-30,7,-41,7,-47,6,-46,5,-47,5,-54,2,-55,0,-57,3,-55,-2,-60,0,-62,-2,-66,-6,-61,-6,-65,-2,-68,-2,-71,-2,-69,-5,-75,-7,-74,-8,-78,-4,-77,-12,-74,-10,-84,-12,-83,-15,-72,-17,0,0]",1
CSI_DATA,53347,1a:00:00:00:00:00,-30,11,1,0,1,1,1,0,0,0,1,-97,0,11,2,718420501,0,44,0,384,0,"[0,0,0,0,0,0,0,0,0,0,0,0,12,-6,11,-6,11,-6,11,-6,11,-5,11,-5,10,-5,10,-5,9,-5,9,-5,8,-5,8,-6,7,-6,7,-6,6,-6,6,-7,5,-7,5,-8,5,-9,5,-9,5,-9,5,-10,5,-10,5,-11,5,-11,5,-11,0,0,6,-11,6,-10,6,-10,6,-10,6,-10,6,-10,5,-9,5,-9,5,-10,5,-10,4,-10,5,-10,5,-10,5,-10,6,-10,6,-10,6,-10,6,-9,7,-9,7,-8,8,-8,8,-7,8,-6,8,-6,8,-5,8,-4,0,0,0,0,0,0,0,0,0,0,0,0,0,0,-71,-30,-66,-29,-67,-27,-69,-25,-69,-24,-68,-24,-66,-20,-68,-23,-62,-19,-62,-20,-59,-19,-61,-17,-57,-15,-53,-14,-53,-13,-53,-7,-53,-5,-47,-1,-50,-1,-47,5,-53,10,-50,12,-51,14,-48,16,-56,12,-56,21,-55,21,-58,21,-62,18,-63,23,-66,21,-65,17,-60,18,-61,15,-61,13,-62,15,-59,14,-58,8,-60,16,-55,17,-56,18,-56,20,-58,16,-61,23,-59,16,-58,15,-57,12,-64,11,-59,8,-57,7,-58,4,-58,-2,-59,-4,-56,-7,-50,-7,-52,-10,-47,-17,0,0,0,0,0,0,0,0,0,0,0,0,0,0,0,0,0,0,0,0,0,0,19,-8,21,-6,20,-4,21,-4,20,-2,20,-9,20,-1,21,-4,20,-6,18,-5,19,-6,22,-5,22,-2,21,-3,22,-1,22,-1,21,3,17,2,17,2,15,3,11,3,9,1,7,0,5,-6,2,-4,3,-9,-1,-8,-4,-14,-8,-18,-7,-24,-7,-27,-6,-35,-3,-35,-5,-41,-1,-43,0,-50,3,-48,1,-53,2,-54,4,-59,8,-60,10,-58,10,-60,15,-65,12,-64,13,-67,13,-68,12,-70,14,-75,13,-72,16,-73,17,-78,28,-77,25,-79,22,-82,29,-82,29,-73,0,0]",1
CSI_DATA,53348,1a:00:00:00:00:00,-30,11,1,0,1,1,1,0,0,0,1,-97,0,11,2,718430488,0,44,0,384,0,"[0,0,0,0,0,0,0,0,0,0,0,0,7,11,7,11,6,11,6,11,6,11,6,10,6,10,5,10,5,9,6,8,6,8,6,7,6,7,6,6,6,6,7,5,7,5,7,4,8,4,9,4,9,4,10,4,10,4,10,4,11,4,11,4,0,0,11,5,11,5,10,5,10,5,10,5,10,5,9,5,9,4,9,4,9,4,10,4,10,4,10,4,10,4,10,5,10,5,10,6,9,6,9,6,8,6,8,7,7,7,6,7,6,7,5,8,4,7,0,0,0,0,0,0,0,0,0,0,0,0,0,0,12,-78,8,-72,9,-74,6,-70,4,-68,7,-70,8,-69,6,-70,5,-68,4,-67,5,-65,6,-61,0,-60,0,-55,-2,-53,-3,-53,-8,-52,-10,-49,-13,-51,-16,-47,-20,-45,-22,-43,-23,-53,-26,-47,-26,-50,-30,-50,-33,-51,-35,-51,-37,-57,-37,-54,-33,-56,-32,-59,-31,-61,-30,-56,-29,-54,-25,-56,-23,-55,-26,-52,-26,-51,-29,-49,-31,-49,-29,-49,-32,-49,-35,-51,-29,-52,-31,-53,-28,-59,-26,-57,-23,-55,-20,-57,-17,-57,-12,-55,-9,-54,-7,-56,-3,-52,-1,-52,4,-48,0,0,0,0,0,0,0,0,0,0,0,0,0,0,0,0,0,0,0,0,0,0,15,17,10,16,8,17,7,19,7,16,7,15,10,16,4,19,6,18,12,19,7,18,7,19,9,22,9,21,5,22,5,18,6,22,3,16,3,18,-2,17,-1,14,0,11,1,5,2,2,4,2,7,-3,8,-6,13,-7,16,-7,21,-9,24,-11,29,-12,34,-11,38,-13,41,-14,44,-11,48,-11,55,-11,55,-6,59,-8,60,-7,61,-9,62,-4,64,-4,66,-6,65,-6,67,-5,75,-3,72,-1,76,-3,77,0,78,-3,79,7,79,4,82,2,84,9,81,9,0,0]",1
CSI_DATA,53349,1a:00:00:00:00:00,-30,11,1,0,1,1,1,0,0,0,1,-97,0,11,2,718450485,0,44,0,384,0,"[0,0,0,0,0,0,0,0,0,0,0,0,-10,-10,-10,-11,-9,-10,-10,-10,-9,-10,-9,-10,-8,-10,-8,-9,-8,-9,-8,-8,-8,-8,-8,-7,-8,-6,-8,-6,-9,-5,-9,-4,-9,-4,-9,-4,-10,-3,-10,-3,-10,-3,-11,-3,-11,-3,-12,-3,-12,-3,-13,-3,0,0,-13,-4,-12,-4,-12,-4,-12,-4,-12,-4,-11,-4,-11,-4,-11,-4,-11,-3,-11,-3,-11,-3,-11,-3,-11,-3,-12,-3,-11,-4,-12,-4,-11,-4,-11,-5,-11,-6,-10,-6,-10,-7,-9,-7,-9,-7,-8,-7,-7,-8,-6,-7,0,0,0,0,0,0,0,0,0,0,0,0,0,0,-6,82,-8,70,-3,74,-4,69,3,69,-5,69,-2,65,-2,72,-2,62,0,65,-1,62,1,61,-3,58,7,56,3,52,8,52,10,52,12,50,13,50,19,44,22,43,22,41,31,44,31,44,29,45,35,47,34,44,38,49,37,51,39,48,38,56,39,59,30,50,36,53,32,50,32,53,25,46,32,50,29,49,34,49,29,44,33,47,34,50,37,49,38,52,32,47,31,49,34,50,29,53,25,51,21,53,20,49,12,58,9,53,5,50,1,52,0,49,0,0,0,0,0,0,0,0,0,0,0,0,0,0,0,0,0,0,0,0,0,0,-13,-17,-15,-15,-11,-21,-12,-24,-11,-18,-8,-20,-8,-18,-14,-17,-8,-19,-10,-19,-10,-17,-6,-21,-9,-23,-12,-21,-8,-23,-7,-21,-6,-20,-4,-17,-3,-19,-1,-18,-3,-13,-4,-9,-1,-10,-4,-6,-7,-1,-7,1,-11,4,-13,6,-18,10,-20,14,-26,11,-31,13,-33,15,-40,14,-44,14,-46,15,-46,11,-52,14,-56,9,-60,11,-61,12,-59,12,-66,8,-63,6,-64,8,-62,5,-69,6,-72,8,-75,6,-71,3,-80,3,-82,6,-85,2,-73,1,-82,-2,-83,-5,-83,-2,0,0]",1
CSI_DATA,53350,1a:00:00:00:00:00,-30,11,1,0,1,1,1,0,0,0,1,-97,0,11,2,718460506,0,44,0,384,0,"[0,0,0,0,0,0,0,0,0,0,0,0,11,-8,10,-8,10,-8,10,-8,10,-7,9,-7,9,-7,9,-7,8,-6,8,-7,8,-7,7,-7,6,-7,6,-7,5,-7,4,-8,4,-8,4,-9,3,-9,4,-9,4,-10,4,-10,4,-11,3,-11,4,-11,4,-11,0,0,5,-11,4,-11,4,-11,5,-11,4,-11,5,-10,4,-10,4,-10,4,-10,4,-10,3,-11,4,-11,4,-11,4,-11,4,-10,5,-10,5,-10,5,-10,6,-9,6,-9,7,-8,7,-8,7,-7,7,-6,7,-6,7,-5,0,0,0,0,0,0,0,0,0,0,0,0,0,0,-75,-9,-72,-9,-77,-7,-70,-8,-67,-2,-69,-2,-68,-4,-68,-2,-64,0,-64,-2,-65,1,-63,-3,-60,1,-58,1,-52,3,-56,6,-50,6,-49,13,-49,13,-46,17,-44,22,-46,21,-46,25,-42,29,-49,31,-47,32,-51,33,-50,34,-53,36,-55,40,-56,35,-56,34,-53,31,-59,34,-56,31,-54,30,-53,29,-50,27,-48,31,-51,27,-48,30,-51,34,-48,32,-50,35,-52,32,-51,32,-54,27,-52,29,-53,25,-53,24,-54,23,-54,15,-53,13,-52,5,-54,4,-51,2,-47,-3,0,0,0,0,0,0,0,0,0,0,0,0,0,0,0,0,0,0,0,0,0,0,19,-16,20,-14,20,-13,18,-11,19,-10,18,-11,16,-10,16,-7,16,-13,15,-6,20,-10,17,-9,20,-11,21,-13,21,-10,23,-5,19,-5,18,-4,17,-5,15,-1,12,0,8,-7,8,0,5,-5,2,-6,0,-7,-8,-11,-6,-13,-9,-18,-13,-20,-12,-24,-14,-29,-10,-34,-12,-38,-16,-42,-14,-46,-12,-50,-14,-52,-9,-52,-10,-56,-11,-59,-9,-58,-8,-61,-8,-65,-7,-67,-8,-66,-9,-66,-5,-71,-2,-74,-7,-72,-3,-74,-6,-80,-4,-82,1,-81,1,-84,1,-85,7,-85,0,0]",1
CSI_DATA,53351,1a:00:00:00:00:00,-30,11,1,0,1,1,1,0,0,0,1,-97,0,11,2,718470492,0,44,0,384,0,"[0,0,0,0,0,0,0,0,0,0,0,0,7,10,7,10,7,10,7,10,7,10,6,9,6,9,6,9,6,8,6,8,6,7,6,7,6,6,6,6,6,5,7,5,7,4,8,4,8,3,9,3,9,3,9,3,10,3,10,3,10,3,10,3,0,0,11,4,11,4,10,4,10,5,9,4,10,4,9,4,9,4,9,3,9,3,10,3,10,4,10,4,10,4,10,4,9,5,9,5,9,5,9,6,8,6,8,6,7,7,6,7,5,7,5,8,4,7,0,0,0,0,0,0,0,0,0,0,0,0,0,0,3,-82,3,-74,3,-74,4,-71,1,-72,3,-70,-2,-69,4,-72,-3,-69,-2,-62,-1,-64,-1,-59,-5,-59,-5,-56,-5,-53,-5,-53,-9,-49,-11,-49,-15,-49,-18,-44,-23,-48,-23,-46,-28,-44,-26,-46,-28,-48,-31,-50,-35,-51,-36,-52,-33,-56,-37,-53,-35,-55,-33,-56,-30,-58,-35,-53,-27,-57,-26,-56,-24,-53,-27,-53,-26,-51,-30,-50,-27,-47,-30,-51,-30,-53,-35,-53,-29,-54,-30,-50,-26,-54,-25,-57,-22,-51,-18,-53,-19,-59,-13,-52,-11,-56,-4,-56,-6,-54,2,-52,7,-45,0,0,0,0,0,0,0,0,0,0,0,0,0,0,0,0,0,0,0,0,0,0,19,17,13,14,15,15,12,18,11,13,12,16,11,15,12,17,10,14,13,16,12,19,11,16,11,21,12,19,10,19,8,17,7,18,3,18,4,19,3,15,4,14,2,11,3,8,5,3,2,0,8,-3,12,-5,13,-10,15,-13,21,-17,23,-16,28,-16,32,-18,38,-17,39,-19,45,-17,46,-14,46,-16,51,-15,57,-14,56,-15,56,-11,61,-12,64,-11,65,-11,67,-11,67,-15,67,-13,72,-10,75,-9,78,-9,80,-6,82,-5,74,1,82,0,82,0,83,2,0,0]",1
CSI_DATA,53352,1a:00:00:00:00:00,-30,11,1,0,1,1,1,0,0,0,1,-97,0,11,2,718490490,0,44,0,384,0,"[0,0,0,0,0,0,0,0,0,0,0,0,-10,-10,-10,-10,-10,-10,-10,-10,-10,-10,-9,-9,-9,-9,-9,-9,-9,-8,-8,-8,-9,-7,-8,-7,-8,-6,-9,-5,-9,-5,-9,-4,-9,-4,-10,-3,-10,-3,-11,-3,-11,-3,-11,-2,-12,-2,-12,-2,-12,-2,-13,-2,0,0,-13,-3,-13,-3,-12,-3,-12,-3,-12,-3,-12,-3,-11,-3,-11,-3,-11,-2,-11,-2,-12,-2,-12,-2,-12,-2,-11,-2,-12,-3,-12,-3,-12,-4,-11,-4,-11,-4,-11,-5,-10,-6,-10,-6,-9,-7,-9,-6,-8,-7,-7,-7,0,0,0,0,0,0,0,0,0,0,0,0,0,0,9,78,4,71,8,74,9,73,9,69,8,71,12,66,13,72,10,60,9,66,9,61,14,58,14,58,14,54,15,49,18,51,19,50,23,44,22,46,24,39,30,43,34,38,34,40,40,40,37,38,42,38,44,42,46,43,48,44,46,44,44,49,44,48,42,43,47,46,40,45,40,48,37,43,36,44,38,40,39,41,40,36,44,40,42,42,43,41,40,41,42,41,41,44,40,47,37,47,35,51,28,48,23,48,20,49,21,46,13,50,11,45,8,47,0,0,0,0,0,0,0,0,0,0,0,0,0,0,0,0,0,0,0,0,0,0,-18,-16,-17,-14,-15,-18,-17,-18,-14,-18,-10,-14,-13,-15,-9,-14,-14,-17,-14,-15,-14,-15,-14,-20,-13,-19,-13,-19,-10,-17,-9,-21,-10,-21,-9,-18,-5,-20,-5,-15,-1,-9,-3,-10,-5,-5,-5,-3,-9,-1,-9,2,-8,4,-11,10,-13,13,-20,19,-22,17,-28,21,-32,18,-32,18,-42,23,-42,19,-45,21,-44,24,-50,22,-55,22,-57,23,-58,22,-61,18,-59,20,-61,21,-70,22,-69,19,-70,19,-72,22,-72,16,-76,19,-77,22,-80,17,-78,13,-84,18,-86,13,-81,14,0,0]",1
CSI_DATA,53353,1a:00:00:00:00:00,-30,11,1,0,1,1,1,0,0,0,1,-97,0,11,2,718500486,0,44,0,384,0,"[0,0,0,0,0,0,0,0,0,0,0,0,7,-11,7,-11,7,-11,7,-11,7,-11,7,-10,6,-10,6,-10,6,-9,5,-9,5,-9,4,-9,4,-9,3,-9,3,-9,2,-9,1,-10,1,-10,0,-10,0,-11,0,-11,0,-11,0,-11,-1,-12,-1,-12,-1,-12,0,0,0,-13,0,-12,0,-12,0,-12,1,-12,1,-11,1,-11,0,-11,0,-11,0,-11,-1,-11,-1,-11,-1,-12,0,-12,0,-12,1,-12,1,-12,1,-11,2,-11,3,-11,3,-11,4,-10,4,-10,4,-9,5,-8,5,-7,0,0,0,0,0,0,0,0,0,0,0,0,0,0,-78,4,-78,2,-72,10,-72,8,-69,10,-67,4,-69,8,-66,12,-66,10,-67,11,-62,10,-58,8,-60,11,-54,9,-53,14,-50,16,-48,18,-45,21,-47,24,-42,25,-39,26,-44,33,-41,34,-39,34,-41,36,-42,39,-46,39,-44,39,-46,48,-48,49,-48,45,-53,43,-51,45,-46,43,-51,41,-51,39,-46,36,-44,37,-44,38,-42,38,-43,35,-42,43,-47,40,-42,44,-45,40,-45,43,-46,36,-51,34,-48,34,-49,26,-50,27,-53,22,-52,19,-55,14,-51,12,-51,8,-48,5,0,0,0,0,0,0,0,0,0,0,0,0,0,0,0,0,0,0,0,0,0,0,15,-18,14,-19,15,-14,15,-16,16,-12,13,-10,15,-10,14,-13,17,-15,18,-15,18,-16,18,-14,18,-16,17,-15,22,-12,19,-8,17,-11,19,-11,16,-8,15,-4,11,-2,10,-3,6,-5,4,-6,0,-6,-3,-6,-6,-12,-12,-15,-13,-15,-19,-19,-17,-21,-21,-29,-17,-30,-19,-37,-18,-43,-25,-45,-21,-44,-21,-47,-18,-50,-23,-57,-21,-59,-21,-58,-15,-57,-20,-66,-19,-58,-20,-59,-20,-66,-18,-69,-20,-73,-18,-74,-18,-76,-17,-78,-14,-81,-13,-78,-11,-83,-13,-80,-9,-83,0,0]",1
CSI_DATA,53354,1a:00:00:00:00:00,-30,11,1,0,1,1,1,0,0,0,1,-97,0,11,2,718512197,0,44,0,384,0,"[0,0,0,0,0,0,0,0,0,0,0,0,-14,0,-14,0,-14,0,-14,0,-13,0,-13,0,-12,0,-12,0,-12,0,-11,1,-11,1,-10,1,-10,2,-10,2,-9,3,-9,4,-9,4,-9,5,-8,5,-9,6,-9,6,-9,6,-9,7,-9,7,-10,7,-10,7,0,0,-10,7,-10,7,-10,7,-10,7,-10,6,-10,6,-9,6,-9,6,-9,7,-9,7,-9,7,-9,7,-9,7,-9,7,-10,7,-10,6,-10,6,-10,6,-10,5,-10,5,-11,4,-11,3,-11,2,-10,2,-10,1,-10,0,0,0,0,0,0,0,0,0,0,0,0,0,0,0,57,52,51,49,57,48,54,43,50,44,53,45,53,42,53,44,48,42,55,40,48,34,45,36,50,38,45,31,44,30,47,26,46,25,47,19,47,15,47,15,52,11,51,9,53,3,53,2,53,2,56,3,60,2,60,2,64,3,66,2,64,2,67,7,64,7,65,3,57,8,60,9,57,7,57,7,56,7,58,4,54,2,60,5,60,6,60,0,62,2,61,6,58,9,61,10,56,10,56,12,54,15,54,20,49,20,47,25,44,31,40,30,32,29,0,0,0,0,0,0,0,0,0,0,0,0,0,0,0,0,0,0,0,0,0,0,-23,4,-23,0,-22,-3,-23,-3,-22,-2,-22,-2,-17,-5,-21,-4,-25,-5,-21,-2,-20,-4,-22,-5,-21,-4,-26,-7,-23,-10,-23,-8,-21,-9,-16,-8,-17,-9,-14,-7,-13,-6,-11,-2,-9,-4,-5,-1,-4,4,-6,4,-3,9,-3,15,1,16,0,24,-1,28,-6,31,-7,33,-12,37,-12,40,-15,41,-21,47,-21,48,-22,45,-24,52,-26,53,-29,51,-32,57,-29,57,-33,56,-32,61,-36,59,-44,60,-40,65,-42,61,-43,63,-43,63,-49,67,-49,63,-51,70,-54,63,-53,61,0,0]",1
CSI_DATA,53355,1a:00:00:00:00:00,-30,11,1,0,1,1,1,0,0,0,1,-97,0,11,2,718530497,0,44,0,384,0,"[0,0,0,0,0,0,0,0,0,0,0,0,-12,-7,-12,-7,-12,-6,-12,-7,-12,-6,-12,-6,-11,-6,-11,-6,-10,-6,-10,-5,-10,-5,-10,-4,-10,-4,-10,-3,-10,-3,-10,-2,-10,-1,-10,-1,-10,0,-11,0,-11,0,-11,1,-11,1,-12,1,-12,1,-13,1,0,0,-13,0,-13,0,-13,0,-12,0,-12,0,-12,0,-11,0,-11,0,-11,0,-11,0,-11,1,-12,0,-12,0,-12,0,-12,0,-12,-1,-12,-1,-12,-1,-12,-2,-11,-3,-11,-4,-11,-4,-10,-4,-9,-4,-9,-5,-8,-5,0,0,0,0,0,0,0,0,0,0,0,0,0,0,23,72,29,70,26,66,29,62,35,65,28,58,32,62,30,63,28,60,27,56,28,56,29,58,29,50,29,47,29,45,31,40,34,42,36,35,35,34,38,32,41,31,44,28,44,25,46,25,50,24,50,26,52,28,56,26,54,26,59,24,57,28,62,27,52,34,55,29,54,31,52,31,50,33,50,30,50,30,48,27,51,23,50,28,53,26,54,24,53,26,52,28,51,28,52,32,44,34,45,34,47,38,42,42,39,42,37,42,31,43,29,40,23,42,0,0,0,0,0,0,0,0,0,0,0,0,0,0,0,0,0,0,0,0,0,0,-19,-10,-19,-17,-17,-12,-15,-12,-16,-17,-14,-14,-17,-12,-17,-13,-19,-14,-17,-11,-21,-16,-16,-13,-18,-14,-19,-14,-16,-19,-16,-17,-12,-17,-11,-20,-11,-19,-7,-16,-5,-13,-6,-8,-9,-6,-4,-3,-10,-1,-6,7,-8,8,-10,13,-13,14,-17,18,-18,24,-21,25,-26,26,-31,27,-30,29,-35,29,-40,33,-41,33,-43,33,-48,35,-47,32,-50,36,-54,33,-57,36,-54,32,-56,35,-61,34,-62,37,-63,38,-67,38,-70,42,-70,40,-68,39,-72,38,-73,38,-77,33,-75,31,0,0]",1
CSI_DATA,53356,1a:00:00:00:00:00,-30,11,1,0,1,1,1,0,0,0,1,-97,0,11,2,718542721,0,44,0,384,0,"[0,0,0,0,0,0,0,0,0,0,0,0,-8,-12,-8,-11,-8,-11,-8,-11,-8,-11,-8,-10,-7,-10,-7,-10,-7,-10,-7,-9,-7,-8,-8,-8,-8,-7,-8,-7,-8,-6,-8,-6,-9,-5,-9,-5,-9,-4,-10,-5,-10,-5,-11,-4,-11,-4,-11,-4,-12,-4,-12,-4,0,0,-12,-5,-12,-5,-12,-5,-12,-5,-11,-5,-11,-5,-11,-5,-10,-5,-11,-5,-11,-4,-11,-4,-11,-4,-11,-4,-11,-5,-11,-5,-11,-5,-11,-6,-10,-6,-10,-6,-9,-7,-9,-7,-8,-8,-8,-8,-7,-8,-6,-8,-5,-8,0,0,0,0,0,0,0,0,0,0,0,0,0,0,-9,73,-9,76,-8,74,-10,74,-2,70,-3,67,-4,67,-6,70,-2,67,-4,64,-3,60,-3,60,-3,58,1,57,1,51,7,51,11,49,9,49,11,48,17,42,21,47,23,45,25,47,24,48,26,46,27,51,30,48,35,48,33,52,40,52,33,52,33,58,31,58,30,55,30,60,27,55,26,50,28,54,27,49,27,50,30,46,30,46,33,50,29,55,30,55,32,50,25,50,26,53,21,52,19,58,16,58,10,54,10,55,4,54,4,49,2,52,-5,47,0,0,0,0,0,0,0,0,0,0,0,0,0,0,0,0,0,0,0,0,0,0,-19,-20,-12,-18,-13,-21,-10,-18,-11,-19,-10,-17,-12,-18,-7,-17,-9,-16,-13,-20,-11,-20,-11,-18,-11,-24,-11,-22,-4,-20,-6,-21,-7,-21,-6,-21,-4,-20,-3,-17,2,-10,-3,-11,1,-8,-3,-4,-5,-2,-7,3,-11,5,-14,6,-15,10,-22,12,-25,13,-32,13,-34,15,-39,14,-41,14,-46,14,-48,12,-52,13,-55,8,-57,9,-57,9,-59,6,-62,8,-68,6,-64,4,-63,5,-71,4,-71,4,-75,3,-76,3,-79,3,-80,4,-80,1,-80,-3,-85,-3,-83,-8,-80,-8,0,0]",1
CSI_DATA,53357,1a:00:00:00:00:00,-30,11,1,0,1,1,1,0,0,0,1,-97,0,11,2,718550509,0,44,0,384,0,"[0,0,0,0,0,0,0,0,0,0,0,0,11,6,11,6,11,5,11,5,11,5,11,5,10,5,10,5,10,5,9,4,9,4,9,3,9,3,9,2,9,2,9,1,9,0,9,0,9,-1,10,-1,10,-1,10,-2,11,-2,11,-2,11,-2,12,-2,0,0,12,-1,12,-1,11,-1,12,-1,11,0,11,0,11,0,10,-1,10,-1,10,-1,11,-1,11,-1,11,-1,11,-1,11,0,11,0,11,0,11,1,11,1,10,2,10,3,10,3,9,4,8,4,8,5,7,5,0,0,0,0,0,0,0,0,0,0,0,0,0,0,-18,-72,-14,-75,-16,-69,-23,-67,-20,-68,-19,-68,-19,-65,-20,-69,-18,-62,-22,-63,-18,-60,-23,-60,-23,-55,-19,-53,-20,-50,-25,-50,-22,-49,-28,-47,-29,-40,-31,-36,-36,-40,-36,-35,-40,-34,-43,-34,-43,-36,-44,-38,-47,-39,-50,-41,-50,-40,-53,-41,-51,-41,-51,-46,-44,-44,-50,-42,-46,-43,-44,-46,-49,-40,-45,-37,-44,-40,-43,-39,-44,-37,-45,-39,-42,-41,-45,-40,-43,-40,-46,-39,-43,-43,-44,-43,-40,-44,-39,-46,-34,-45,-32,-47,-29,-51,-24,-49,-17,-48,-17,-49,-11,-45,0,0,0,0,0,0,0,0,0,0,0,0,0,0,0,0,0,0,0,0,0,0,20,9,20,12,14,10,16,12,14,13,16,17,18,13,16,10,17,12,11,12,13,13,17,16,16,15,15,15,15,16,14,16,11,15,13,18,11,18,7,13,6,10,3,9,6,4,6,5,3,-1,8,-2,6,-7,8,-12,13,-15,14,-20,15,-18,21,-24,25,-25,30,-28,32,-30,35,-32,39,-25,43,-29,49,-33,50,-31,52,-30,50,-30,56,-29,56,-27,56,-33,58,-35,62,-31,64,-31,66,-35,67,-29,68,-25,73,-29,74,-26,72,-29,80,-23,82,-26,76,-25,0,0]",1
CSI_DATA,53358,1a:00:00:00:00:00,-30,11,1,0,1,1,1,0,0,0,1,-97,0,11,2,718570495,0,44,0,384,0,"[0,0,0,0,0,0,0,0,0,0,0,0,-13,-5,-13,-4,-13,-4,-13,-4,-13,-4,-12,-4,-12,-4,-12,-4,-11,-4,-11,-3,-11,-3,-10,-3,-10,-2,-10,-1,-10,-1,-10,0,-10,0,-10,1,-10,2,-10,2,-10,2,-11,2,-11,3,-11,3,-12,3,-12,3,0,0,-13,3,-12,2,-12,2,-12,2,-12,2,-12,2,-11,2,-11,2,-11,2,-11,2,-11,3,-11,3,-11,2,-11,3,-12,2,-12,2,-12,1,-12,1,-12,1,-12,0,-12,-1,-11,-1,-11,-2,-10,-3,-10,-3,-9,-4,0,0,0,0,0,0,0,0,0,0,0,0,0,0,34,67,36,60,41,64,40,59,34,57,39,60,35,54,38,60,36,53,40,56,35,53,34,48,35,47,38,44,35,46,35,37,34,38,38,33,40,35,38,25,46,26,43,22,48,22,51,21,54,19,53,19,55,19,60,22,58,24,62,25,62,26,61,28,60,26,58,26,55,26,57,30,54,26,50,26,54,23,49,19,47,18,51,22,55,20,55,24,56,22,52,23,56,26,54,29,51,31,48,32,47,33,41,34,41,36,36,39,33,39,27,38,22,41,0,0,0,0,0,0,0,0,0,0,0,0,0,0,0,0,0,0,0,0,0,0,-23,-6,-26,-7,-17,-10,-20,-12,-18,-10,-18,-10,-17,-10,-20,-11,-20,-9,-17,-13,-19,-8,-19,-10,-22,-15,-21,-13,-17,-11,-18,-13,-20,-15,-17,-12,-14,-15,-12,-12,-7,-9,-7,-9,-5,-5,-7,-2,-5,1,-4,4,-6,7,-7,11,-8,19,-11,20,-11,25,-17,30,-18,30,-22,34,-26,37,-28,38,-29,40,-37,37,-41,41,-37,43,-42,42,-43,43,-45,43,-49,41,-47,44,-53,43,-53,47,-50,45,-58,47,-56,47,-65,43,-63,47,-65,46,-63,45,-70,43,-73,43,-68,42,0,0]",1
CSI_DATA,53359,1a:00:00:00:00:00,-30,11,1,0,1,1,1,0,0,0,1,-97,0,11,2,718580493,0,44,0,384,0,"[0,0,0,0,0,0,0,0,0,0,0,0,2,-14,2,-13,1,-14,2,-13,2,-13,2,-13,2,-12,2,-12,1,-11,1,-11,1,-11,0,-11,0,-10,-1,-10,-1,-10,-2,-10,-3,-9,-3,-10,-4,-10,-4,-10,-4,-10,-5,-10,-5,-11,-5,-11,-5,-11,-5,-11,0,0,-5,-12,-5,-12,-5,-12,-5,-12,-4,-11,-4,-11,-4,-11,-4,-10,-5,-11,-4,-11,-5,-11,-5,-11,-5,-11,-5,-11,-5,-11,-4,-11,-4,-12,-4,-11,-3,-12,-2,-11,-1,-11,-1,-11,0,-11,1,-10,1,-10,2,-9,0,0,0,0,0,0,0,0,0,0,0,0,0,0,-58,45,-58,46,-52,51,-51,46,-52,48,-50,45,-51,45,-51,47,-47,48,-47,45,-42,45,-43,42,-41,45,-37,39,-37,42,-32,43,-28,43,-24,44,-27,44,-15,42,-17,46,-16,45,-10,50,-14,54,-16,57,-11,56,-13,55,-13,61,-12,59,-11,64,-11,64,-16,64,-17,61,-15,62,-19,58,-18,58,-15,55,-17,54,-17,55,-15,57,-13,53,-11,57,-14,56,-13,60,-14,56,-13,57,-21,57,-18,53,-23,54,-24,51,-29,50,-31,45,-29,44,-31,41,-32,38,-33,35,-36,30,0,0,0,0,0,0,0,0,0,0,0,0,0,0,0,0,0,0,0,0,0,0,-1,-25,4,-21,2,-22,2,-23,4,-21,5,-20,5,-20,5,-21,5,-21,4,-21,4,-22,2,-24,5,-23,8,-23,5,-24,9,-23,11,-21,12,-17,11,-16,9,-14,8,-12,3,-11,4,-11,3,-6,-4,-2,-7,-6,-11,-5,-14,0,-21,-8,-22,-6,-27,-8,-31,-13,-33,-14,-35,-16,-39,-16,-40,-23,-44,-22,-44,-25,-48,-28,-49,-32,-50,-32,-50,-34,-52,-37,-51,-38,-51,-39,-55,-40,-55,-44,-54,-47,-57,-47,-56,-48,-57,-50,-63,-51,-58,-56,-54,-51,-60,-60,-58,-61,-57,-61,0,0]",1
CSI_DATA,53360,1a:00:00:00:00:00,-30,11,1,0,1,1,1,0,0,0,1,-97,0,11,2,718590507,0,44,0,384,0,"[0,0,0,0,0,0,0,0,0,0,0,0,13,1,13,0,13,0,13,1,12,1,12,1,12,1,11,1,11,1,10,0,10,-1,10,-1,9,-1,9,-2,9,-2,9,-3,9,-3,9,-4,9,-5,9,-5,9,-5,9,-5,9,-6,10,-7,10,-7,10,-7,0,0,11,-6,11,-6,11,-6,11,-5,10,-5,10,-5,10,-5,9,-5,10,-5,9,-5,9,-6,9,-6,9,-6,10,-6,10,-5,11,-5,10,-5,10,-4,11,-3,10,-2,11,-2,10,-1,10,-1,9,-1,10,0,8,1,0,0,0,0,0,0,0,0,0,0,0,0,0,0,-39,-65,-35,-58,-39,-60,-40,-60,-41,-61,-40,-58,-43,-57,-39,-56,-40,-56,-38,-52,-35,-47,-36,-50,-38,-45,-36,-40,-35,-42,-37,-37,-38,-40,-38,-33,-38,-31,-38,-25,-45,-26,-48,-25,-47,-19,-50,-16,-49,-19,-56,-21,-57,-21,-59,-22,-60,-21,-63,-21,-61,-26,-64,-24,-60,-29,-58,-25,-56,-26,-57,-26,-54,-25,-53,-26,-52,-22,-52,-26,-49,-21,-50,-21,-52,-27,-57,-23,-57,-22,-52,-23,-54,-26,-50,-29,-46,-29,-48,-32,-50,-36,-43,-35,-41,-37,-39,-41,-32,-42,-28,-41,-25,-41,0,0,0,0,0,0,0,0,0,0,0,0,0,0,0,0,0,0,0,0,0,0,23,2,21,6,20,6,19,6,21,7,17,5,18,4,18,3,21,8,19,10,22,6,23,9,19,8,21,5,22,10,17,8,18,9,15,13,14,13,8,11,10,10,7,9,6,2,4,0,5,-5,6,-6,6,-9,2,-12,5,-19,8,-23,10,-26,14,-30,14,-34,18,-34,22,-38,27,-38,25,-39,32,-42,36,-44,39,-46,39,-46,43,-44,43,-44,46,-49,42,-42,46,-45,49,-48,53,-52,53,-51,57,-51,60,-46,61,-54,58,-50,59,-46,64,-50,65,-47,63,-42,0,0]",1
CSI_DATA,53361,1a:00:00:00:00:00,-30,11,1,0,1,1,1,0,0,0,1,-97,0,11,2,718610511,0,44,0,384,0,"[0,0,0,0,0,0,0,0,0,0,0,0,-13,0,-13,0,-13,0,-13,0,-13,0,-13,0,-12,0,-12,0,-11,0,-11,1,-11,1,-10,1,-10,2,-9,2,-9,3,-9,3,-9,4,-8,4,-8,5,-8,5,-9,5,-9,6,-9,6,-9,7,-9,7,-10,7,0,0,-10,7,-10,7,-10,6,-10,6,-10,6,-10,6,-9,6,-9,6,-9,6,-9,6,-9,6,-9,6,-9,6,-9,6,-9,6,-10,6,-10,6,-10,5,-10,5,-10,4,-10,3,-10,3,-10,2,-10,1,-10,1,-9,0,0,0,0,0,0,0,0,0,0,0,0,0,0,0,48,58,45,55,49,49,48,50,51,49,49,44,51,46,47,49,49,43,47,41,47,41,43,39,44,41,46,33,44,31,46,29,44,27,46,21,45,18,44,15,46,13,51,11,52,7,53,10,51,8,55,7,59,8,57,5,67,4,64,5,63,8,65,11,65,12,63,7,60,12,60,14,54,12,57,9,56,10,56,9,57,4,56,4,61,6,59,2,59,9,61,9,57,11,60,15,54,13,56,14,52,21,50,19,53,21,48,27,43,27,40,29,36,31,0,0,0,0,0,0,0,0,0,0,0,0,0,0,0,0,0,0,0,0,0,0,-24,-1,-23,-3,-20,-3,-22,-6,-22,-7,-22,-4,-22,-7,-19,-4,-24,-7,-20,-6,-21,-8,-24,-5,-21,-9,-21,-9,-20,-7,-19,-11,-21,-13,-16,-11,-15,-10,-14,-10,-11,-10,-9,-8,-8,-4,-6,1,-6,2,-7,5,-8,9,-8,14,-6,18,-7,19,-6,25,-10,31,-11,30,-14,36,-18,41,-23,40,-23,42,-25,45,-29,50,-31,46,-31,48,-35,50,-34,50,-40,53,-35,53,-44,53,-44,55,-41,53,-51,58,-49,59,-49,61,-52,61,-55,58,-50,58,-55,60,-59,57,-63,50,0,0]",1
CSI_DATA,53362,1a:00:00:00:00:00,-30,11,1,0,1,1,1,0,0,0,1,-97,0,11,2,718620484,0,44,0,384,0,"[0,0,0,0,0,0,0,0,0,0,0,0,-6,-13,-6,-13,-6,-12,-6,-13,-6,-12,-6,-12,-6,-12,-5,-11,-5,-11,-6,-10,-6,-10,-6,-9,-6,-9,-6,-8,-6,-8,-7,-7,-7,-7,-8,-7,-9,-6,-9,-7,-9,-7,-10,-7,-10,-7,-11,-7,-11,-7,-11,-7,0,0,-11,-8,-11,-8,-10,-8,-10,-8,-10,-8,-10,-8,-9,-8,-9,-7,-9,-7,-9,-7,-10,-7,-10,-7,-10,-7,-10,-7,-10,-8,-9,-8,-9,-8,-9,-8,-8,-9,-8,-9,-7,-10,-6,-10,-6,-10,-5,-10,-4,-10,-3,-9,0,0,0,0,0,0,0,0,0,0,0,0,0,0,-29,68,-32,62,-27,63,-27,62,-28,63,-27,65,-24,61,-24,62,-23,59,-22,55,-24,55,-23,52,-20,53,-17,50,-14,50,-11,52,-9,50,-4,50,-4,49,-6,46,3,48,5,46,9,51,7,50,7,53,11,57,12,56,15,60,15,59,16,59,14,62,9,64,12,61,12,60,8,58,6,61,7,57,1,56,9,57,7,58,6,53,10,53,10,55,12,55,9,61,12,55,7,56,4,59,0,57,2,56,-4,59,-8,55,-9,54,-13,49,-14,47,-19,45,-21,40,0,0,0,0,0,0,0,0,0,0,0,0,0,0,0,0,0,0,0,0,0,0,-11,-20,-8,-18,-8,-21,-9,-18,-4,-23,-5,-19,-3,-21,-4,-19,-7,-18,-6,-21,-3,-22,-3,-20,-2,-24,-6,-26,-1,-27,1,-24,2,-23,2,-20,6,-20,2,-16,2,-16,0,-9,-1,-8,-3,-8,-4,-6,-10,-4,-12,2,-15,3,-16,5,-25,5,-27,4,-32,2,-33,2,-36,-3,-46,-2,-47,2,-46,-4,-51,-5,-55,-6,-56,-5,-60,-9,-59,-7,-60,-11,-61,-14,-61,-11,-59,-14,-67,-17,-67,-19,-70,-19,-71,-22,-76,-23,-78,-17,-76,-24,-73,-25,-75,-27,-75,-33,-70,-29,0,0]",1
CSI_DATA,53363,1a:00:00:00:00:00,-30,11,1,0,1,1,1,0,0,0,1,-97,0,11,2,718640501,0,44,0,384,0,"[0,0,0,0,0,0,0,0,0,0,0,0,7,10,7,10,7,10,7,10,7,10,7,9,6,9,6,9,6,8,6,8,6,8,6,7,6,6,7,6,7,5,7,5,7,4,8,4,8,4,9,4,9,4,9,3,10,3,10,3,11,4,11,4,0,0,11,4,11,4,11,4,10,4,10,4,10,4,9,4,9,4,9,4,10,3,10,3,10,4,10,4,10,4,10,4,10,5,10,5,9,5,9,5,8,6,8,6,7,7,7,7,6,7,5,7,4,7,0,0,0,0,0,0,0,0,0,0,0,0,0,0,18,-77,24,-72,21,-67,16,-68,12,-69,13,-66,11,-69,13,-65,13,-67,12,-63,13,-59,10,-58,9,-62,4,-57,6,-52,0,-55,1,-53,-4,-47,-6,-52,-8,-52,-15,-50,-17,-49,-21,-51,-20,-51,-20,-53,-26,-53,-24,-55,-25,-55,-24,-59,-30,-61,-28,-61,-25,-63,-21,-63,-23,-59,-21,-60,-17,-57,-17,-55,-18,-56,-16,-55,-20,-59,-20,-50,-22,-53,-21,-57,-27,-55,-21,-56,-23,-58,-16,-55,-16,-57,-13,-53,-8,-54,-8,-56,-4,-55,-4,-56,0,-52,5,-51,7,-49,12,-46,0,0,0,0,0,0,0,0,0,0,0,0,0,0,0,0,0,0,0,0,0,0,11,18,11,20,13,17,5,20,8,18,6,17,5,16,6,20,7,20,9,18,5,18,6,20,8,23,6,23,5,24,2,23,4,22,1,20,-3,19,-2,15,-4,12,2,13,3,10,2,6,3,2,7,1,9,-2,10,-5,15,-7,22,-8,25,-11,30,-10,31,-10,37,-7,42,-4,45,-5,47,-5,50,-6,56,-2,58,0,60,-1,61,3,60,2,64,3,62,5,64,7,68,6,68,6,76,8,70,6,76,12,77,10,80,10,78,15,79,15,79,21,80,18,0,0]",1
CSI_DATA,53364,1a:00:00:00:00:00,-30,11,1,0,1,1,1,0,0,0,1,-97,0,11,2,718650505,0,44,0,384,0,"[0,0,0,0,0,0,0,0,0,0,0,0,-9,9,-9,9,-9,9,-9,9,-9,9,-8,8,-8,8,-8,8,-8,8,-7,8,-7,8,-6,8,-5,8,-5,8,-5,8,-4,8,-3,8,-3,8,-2,9,-2,9,-2,10,-2,10,-2,10,-2,11,-2,11,-2,11,0,0,-3,11,-3,11,-3,11,-3,11,-3,10,-3,10,-3,10,-3,10,-2,10,-2,10,-2,10,-2,10,-2,10,-2,10,-3,10,-3,10,-3,10,-4,10,-4,10,-5,9,-5,9,-6,8,-6,8,-6,7,-7,7,-7,6,0,0,0,0,0,0,0,0,0,0,0,0,0,0,75,-3,72,0,67,0,72,0,67,-5,67,-5,68,-1,64,-3,65,-1,64,-3,61,-5,58,-7,59,-9,56,-7,51,-7,53,-10,51,-12,49,-18,46,-15,50,-19,44,-25,43,-30,43,-29,44,-33,44,-31,47,-36,50,-35,48,-38,51,-39,52,-38,52,-40,56,-37,53,-37,54,-37,51,-32,53,-31,51,-29,48,-29,46,-30,45,-33,46,-31,46,-32,48,-36,47,-34,49,-30,51,-36,47,-30,52,-32,47,-27,52,-24,52,-22,53,-18,55,-16,55,-12,50,-7,47,-6,48,0,0,0,0,0,0,0,0,0,0,0,0,0,0,0,0,0,0,0,0,0,0,0,-16,18,-19,15,-18,17,-20,11,-15,11,-18,10,-19,12,-18,13,-18,10,-19,11,-20,10,-19,13,-18,12,-19,13,-24,9,-22,8,-21,9,-21,5,-19,4,-18,3,-12,0,-10,0,-8,2,-6,5,1,4,2,5,5,8,7,12,8,16,13,17,17,23,16,22,17,28,21,33,19,38,19,41,19,46,20,51,11,52,14,55,16,58,13,59,12,59,10,62,14,60,16,64,16,66,8,68,10,70,10,76,7,75,12,78,5,78,3,77,3,77,1,76,-3,79,0,0]",1
CSI_DATA,53365,1a:00:00:00:00:00,-30,11,1,0,1,1,1,0,0,0,1,-97,0,11,2,718660476,0,44,0,384,0,"[0,0,0,0,0,0,0,0,0,0,0,0,-13,-6,-13,-6,-12,-6,-12,-6,-12,-6,-12,-6,-11,-5,-11,-5,-11,-5,-10,-4,-10,-4,-10,-3,-10,-3,-10,-2,-10,-2,-10,-1,-10,-1,-10,0,-10,1,-11,1,-11,1,-11,1,-11,1,-12,2,-12,2,-13,2,0,0,-13,1,-12,1,-13,1,-12,1,-12,0,-12,0,-11,0,-11,1,-11,1,-11,1,-11,1,-11,1,-11,1,-12,1,-12,1,-12,0,-12,0,-12,0,-12,-1,-11,-2,-11,-3,-11,-3,-10,-4,-10,-4,-9,-5,-8,-5,0,0,0,0,0,0,0,0,0,0,0,0,0,0,27,75,25,66,26,68,28,67,30,59,30,63,28,60,32,61,23,60,25,61,26,59,27,56,31,54,28,50,28,48,31,46,32,42,30,38,35,40,38,32,42,34,41,33,46,32,48,28,49,30,49,29,57,31,57,28,58,29,57,30,58,29,59,35,55,35,56,33,53,36,53,38,49,35,50,33,52,33,50,29,52,29,53,26,54,29,56,27,51,32,52,31,51,34,53,34,43,35,45,39,41,42,41,41,38,44,30,45,32,44,25,40,17,42,0,0,0,0,0,0,0,0,0,0,0,0,0,0,0,0,0,0,0,0,0,0,-23,-9,-19,-12,-20,-13,-19,-15,-20,-12,-20,-10,-15,-12,-16,-11,-18,-14,-18,-14,-17,-15,-20,-18,-20,-17,-19,-16,-19,-18,-18,-16,-18,-17,-12,-17,-11,-19,-8,-17,-5,-12,-10,-11,-6,-6,-5,-6,-5,0,-6,1,-6,5,-9,10,-10,15,-11,18,-14,22,-18,25,-25,27,-27,31,-31,32,-35,29,-37,31,-39,35,-46,35,-45,36,-51,33,-52,37,-56,35,-55,32,-59,34,-60,35,-59,34,-64,34,-68,33,-67,38,-68,41,-70,42,-72,35,-73,32,-79,37,-79,30,-76,35,0,0]",1
CSI_DATA,53366,1a:00:00:00:00:00,-30,11,1,0,1,1,1,0,0,0,1,-97,0,11,2,718680519,0,44,0,384,0,"[0,0,0,0,0,0,0,0,0,0,0,0,11,6,11,6,11,6,11,6,10,6,10,5,10,5,9,5,9,5,9,4,9,4,9,3,9,3,9,2,9,2,9,1,9,1,9,0,9,0,10,0,10,0,10,-1,11,-1,11,-2,11,-1,12,-1,0,0,12,0,12,0,12,0,11,0,11,0,11,0,11,0,10,0,10,0,10,0,11,-1,10,-1,11,-1,11,0,11,0,11,0,11,1,11,1,10,2,10,3,10,3,9,4,9,4,8,4,8,5,7,5,0,0,0,0,0,0,0,0,0,0,0,0,0,0,-11,-74,-10,-71,-7,-71,-13,-70,-15,-68,-11,-62,-12,-69,-10,-66,-15,-64,-12,-63,-13,-61,-15,-59,-14,-59,-16,-50,-14,-52,-17,-53,-21,-47,-28,-45,-28,-44,-27,-42,-34,-42,-33,-42,-36,-42,-37,-39,-38,-40,-38,-45,-43,-40,-44,-43,-43,-48,-50,-41,-45,-50,-44,-53,-38,-48,-42,-50,-40,-47,-40,-48,-35,-47,-34,-46,-36,-44,-36,-44,-36,-42,-39,-43,-37,-46,-41,-44,-40,-47,-36,-43,-35,-48,-33,-48,-33,-54,-31,-50,-27,-53,-21,-55,-17,-50,-13,-51,-9,-53,-8,-49,-1,-46,0,0,0,0,0,0,0,0,0,0,0,0,0,0,0,0,0,0,0,0,0,0,19,7,23,12,17,11,17,13,16,13,14,15,11,12,15,12,17,15,15,13,15,17,16,15,15,18,14,18,15,17,13,18,11,18,10,17,6,16,3,14,5,13,5,9,3,6,7,4,6,2,4,-1,5,-7,6,-10,10,-13,14,-16,19,-21,24,-24,27,-26,29,-24,38,-28,38,-27,42,-24,44,-27,46,-28,48,-26,51,-27,57,-26,58,-25,55,-26,59,-26,63,-25,64,-23,67,-24,69,-23,70,-26,71,-24,74,-24,75,-21,71,-20,79,-20,83,-18,74,-16,0,0]",1
CSI_DATA,53367,1a:00:00:00:00:00,-30,11,1,0,1,1,1,0,0,0,1,-97,0,11,2,718690506,0,44,0,384,0,"[0,0,0,0,0,0,0,0,0,0,0,0,-6,12,-5,11,-6,12,-5,11,-6,11,-5,11,-5,11,-5,10,-5,10,-4,10,-4,9,-3,9,-3,9,-2,9,-2,9,-1,9,0,9,0,9,1,9,1,10,1,10,2,10,2,10,2,11,2,11,2,11,0,0,1,11,2,12,1,11,1,11,1,11,1,11,1,11,1,10,1,10,1,10,2,10,2,10,2,10,2,10,1,11,1,11,1,11,1,11,0,11,-1,10,-2,10,-2,10,-3,10,-3,9,-4,9,-4,8,0,0,0,0,0,0,0,0,0,0,0,0,0,0,67,-28,64,-27,66,-28,62,-30,61,-31,61,-31,60,-33,60,-31,59,-29,55,-32,54,-28,54,-30,49,-31,47,-29,44,-28,40,-32,40,-33,37,-33,35,-37,32,-38,30,-41,28,-46,28,-46,28,-49,28,-46,27,-52,30,-54,26,-57,27,-61,26,-56,33,-61,36,-59,33,-54,32,-59,34,-52,34,-53,33,-51,32,-51,30,-49,29,-52,25,-48,24,-49,23,-55,24,-54,31,-52,27,-49,30,-51,33,-49,34,-46,33,-44,36,-43,37,-38,40,-38,42,-33,39,-30,41,-26,44,-18,0,0,0,0,0,0,0,0,0,0,0,0,0,0,0,0,0,0,0,0,0,0,-10,21,-11,19,-14,20,-12,16,-10,18,-12,17,-13,13,-11,15,-13,14,-15,18,-14,17,-12,16,-13,20,-17,16,-20,19,-14,13,-16,13,-18,12,-14,10,-15,11,-13,8,-12,6,-8,5,-5,5,-1,6,-1,6,6,5,11,7,15,7,20,13,24,14,24,16,28,21,30,25,30,30,32,32,33,36,33,37,36,42,39,43,37,46,38,49,35,51,37,52,33,56,34,55,39,55,40,59,39,62,35,62,41,64,41,69,39,74,36,68,34,70,36,72,35,73,0,0]",1
CSI_DATA,53368,1a:00:00:00:00:00,-30,11,1,0,1,1,1,0,0,0,1,-97,0,11,2,718700493,0,44,0,384,0,"[0,0,0,0,0,0,0,0,0,0,0,0,-13,-3,-13,-3,-13,-2,-13,-3,-12,-3,-13,-3,-12,-3,-11,-2,-11,-2,-11,-2,-11,-1,-10,-1,-10,-1,-10,0,-10,1,-9,1,-9,2,-9,2,-10,3,-10,3,-10,3,-10,3,-10,4,-11,4,-11,4,-11,5,0,0,-12,4,-11,4,-11,4,-11,4,-11,3,-11,3,-11,3,-10,3,-10,3,-10,4,-10,4,-10,4,-10,4,-10,4,-11,3,-11,3,-11,3,-11,3,-11,2,-11,1,-11,0,-11,0,-10,-1,-10,-1,-10,-2,-9,-2,0,0,0,0,0,0,0,0,0,0,0,0,0,0,37,63,36,62,40,57,40,56,41,55,42,52,43,54,37,52,41,52,41,48,34,49,37,47,39,45,38,43,36,41,36,39,40,33,41,31,39,29,40,27,43,27,47,21,48,20,53,22,57,19,53,21,57,20,57,19,59,19,60,20,61,23,61,27,57,28,57,27,54,25,53,31,54,25,51,26,49,24,52,19,50,19,49,20,52,20,54,21,51,24,51,24,51,28,55,26,48,26,45,30,44,41,43,36,40,34,32,38,34,36,28,39,26,38,0,0,0,0,0,0,0,0,0,0,0,0,0,0,0,0,0,0,0,0,0,0,-25,-2,-24,-6,-23,-5,-22,-9,-17,-7,-21,-7,-18,-4,-21,-9,-21,-7,-21,-8,-22,-12,-24,-9,-22,-8,-21,-9,-24,-12,-21,-15,-16,-14,-16,-15,-14,-10,-13,-14,-9,-11,-11,-7,-8,-6,-6,-2,-7,0,-8,4,-6,7,-9,11,-7,14,-9,17,-13,22,-14,29,-15,30,-18,32,-22,37,-28,36,-28,41,-31,42,-34,43,-36,47,-39,44,-41,45,-43,45,-44,45,-42,43,-49,49,-49,43,-50,47,-56,47,-59,52,-56,48,-58,52,-62,49,-63,47,-65,51,-71,46,-66,44,0,0]",1
CSI_DATA,53369,1a:00:00:00:00:00,-30,11,1,0,1,1,1,0,0,0,1,-97,0,11,2,718720485,0,44,0,384,0,"[0,0,0,0,0,0,0,0,0,0,0,0,13,-3,12,-3,13,-3,12,-3,12,-3,12,-3,11,-3,11,-3,11,-3,10,-3,10,-3,9,-4,9,-4,8,-4,8,-5,8,-6,7,-6,8,-7,7,-7,7,-8,7,-8,7,-8,8,-9,8,-9,8,-9,8,-9,0,0,9,-9,9,-9,8,-8,9,-9,8,-8,8,-8,8,-8,8,-8,8,-8,8,-8,8,-8,8,-8,8,-8,8,-8,9,-8,8,-8,9,-8,9,-7,9,-7,9,-6,10,-5,9,-5,10,-4,9,-3,9,-2,8,-1,0,0,0,0,0,0,0,0,0,0,0,0,0,0,-69,-29,-70,-28,-65,-25,-64,-22,-67,-26,-63,-22,-67,-21,-64,-22,-64,-19,-59,-18,-60,-18,-61,-19,-58,-14,-57,-15,-51,-11,-52,-8,-52,-4,-49,-3,-50,-3,-50,4,-52,10,-53,8,-52,11,-55,12,-53,13,-58,12,-62,16,-60,13,-66,17,-61,17,-60,18,-66,10,-64,13,-64,14,-66,12,-62,7,-57,7,-57,8,-55,11,-58,11,-54,11,-56,16,-58,13,-56,15,-58,9,-59,13,-60,10,-59,10,-56,4,-56,2,-57,-5,-56,-3,-56,-9,-59,-12,-48,-8,-47,-16,-44,-20,0,0,0,0,0,0,0,0,0,0,0,0,0,0,0,0,0,0,0,0,0,0,20,-13,21,-9,21,-7,18,-5,17,-4,18,-4,19,-6,19,-3,18,-6,24,-4,22,-4,22,-4,20,-3,23,-1,16,-2,24,-2,21,2,23,2,16,3,16,3,13,3,9,2,10,-1,5,-4,2,-2,-2,-5,-1,-11,-2,-12,-4,-17,-6,-17,-10,-29,-10,-29,-7,-35,-6,-39,-3,-43,1,-45,-1,-50,-2,-51,1,-57,3,-55,9,-58,7,-61,7,-61,9,-65,8,-60,8,-67,7,-64,13,-67,13,-71,16,-72,13,-77,17,-78,23,-76,23,-75,20,-78,25,-70,24,-76,0,0]",1
CSI_DATA,53370,1a:00:00:00:00:00,-30,11,1,0,1,1,1,0,0,0,1,-97,0,11,2,718730493,0,44,0,384,0,"[0,0,0,0,0,0,0,0,0,0,0,0,3,12,3,12,3,12,3,12,3,12,3,11,3,11,3,11,2,10,3,10,4,9,4,9,4,8,4,8,4,7,5,7,5,7,6,7,7,6,7,7,7,7,7,7,8,7,9,7,9,7,9,7,0,0,8,8,8,8,8,8,8,8,7,8,7,8,7,8,7,7,7,7,8,7,8,7,8,7,8,7,8,7,7,8,7,8,7,8,7,8,6,9,5,9,5,9,4,9,3,9,3,9,2,9,1,8,0,0,0,0,0,0,0,0,0,0,0,0,0,0,37,-64,37,-60,36,-59,29,-62,32,-65,30,-62,28,-63,25,-62,31,-64,26,-55,25,-56,24,-57,22,-54,21,-53,23,-54,22,-49,17,-51,11,-51,7,-51,2,-50,-2,-48,-2,-54,-6,-52,-7,-53,-11,-55,-10,-57,-8,-59,-9,-57,-7,-63,-10,-67,-5,-66,-7,-65,-7,-67,-5,-62,-7,-65,-1,-58,-5,-61,-3,-59,-7,-59,-8,-59,-7,-57,-8,-57,-6,-60,-9,-60,-7,-60,-9,-61,-4,-59,-4,-63,-3,-54,2,-58,7,-57,8,-55,10,-53,17,-52,19,-46,19,-43,23,-40,0,0,0,0,0,0,0,0,0,0,0,0,0,0,0,0,0,0,0,0,0,0,5,21,5,21,3,23,-3,20,4,20,-2,17,1,21,0,18,3,22,1,21,1,20,1,21,-3,23,0,23,-3,23,-5,21,-4,20,-6,17,-8,17,-5,13,-3,10,-5,12,-2,6,2,6,1,1,7,0,9,-1,13,1,16,-3,20,-3,27,-3,31,-1,32,-1,40,2,39,2,45,4,49,6,51,13,51,15,56,14,53,17,58,17,56,18,60,20,59,16,61,23,65,21,66,24,69,27,68,29,69,34,73,32,69,35,68,34,69,38,67,37,68,34,0,0]",1
CSI_DATA,53371,1a:00:00:00:00:00,-30,11,1,0,1,1,1,0,0,0,1,-97,0,11,2,718750511,0,44,0,384,0,"[0,0,0,0,0,0,0,0,0,0,0,0,-6,-12,-6,-12,-6,-12,-6,-12,-6,-12,-6,-11,-6,-11,-5,-10,-5,-10,-6,-9,-6,-9,-6,-9,-6,-8,-7,-8,-7,-7,-7,-7,-7,-6,-8,-6,-8,-6,-9,-6,-9,-6,-10,-6,-10,-6,-10,-6,-11,-6,-11,-6,0,0,-11,-7,-11,-7,-10,-7,-10,-7,-10,-7,-10,-7,-9,-6,-9,-6,-9,-6,-10,-6,-10,-6,-10,-6,-10,-6,-10,-6,-10,-6,-10,-7,-9,-7,-9,-7,-9,-7,-8,-8,-8,-8,-7,-9,-7,-8,-6,-8,-5,-9,-4,-8,0,0,0,0,0,0,0,0,0,0,0,0,0,0,-30,71,-30,66,-22,64,-21,64,-22,67,-24,67,-23,64,-19,64,-21,63,-20,58,-16,60,-20,57,-14,54,-14,54,-13,52,-10,52,-4,52,-2,52,1,50,3,50,8,50,12,51,13,49,14,54,14,50,15,55,16,56,16,60,18,60,20,62,19,61,18,60,14,60,16,61,15,57,13,59,12,54,11,56,16,57,18,54,15,52,19,54,16,56,18,57,11,55,16,58,10,58,12,61,8,54,6,56,2,54,-1,55,-2,55,-3,52,-7,51,-10,46,-15,43,0,0,0,0,0,0,0,0,0,0,0,0,0,0,0,0,0,0,0,0,0,0,-6,-22,-6,-24,-4,-23,-5,-21,-5,-22,-3,-20,-2,-19,-4,-20,-4,-22,-4,-21,-2,-21,-5,-22,-3,-23,0,-26,1,-23,-1,-20,-1,-19,1,-19,5,-13,5,-16,5,-14,2,-9,1,-7,-1,-8,-2,-2,-8,-5,-10,0,-14,4,-19,4,-24,7,-25,3,-31,4,-34,5,-40,3,-42,6,-46,-2,-50,-2,-49,-5,-55,-5,-58,-10,-60,-8,-60,-9,-62,-12,-65,-14,-63,-11,-68,-15,-68,-15,-70,-14,-72,-16,-74,-18,-70,-19,-75,-16,-76,-24,-76,-25,-80,-29,-77,-29,-75,-27,0,0]",1
CSI_DATA,53372,1a:00:00:00:00:00,-30,11,1,0,1,1,1,0,0,0,1,-97,0,11,2,718760511,0,44,0,384,0,"[0,0,0,0,0,0,0,0,0,0,0,0,9,-9,9,-9,9,-9,9,-9,9,-9,9,-9,8,-8,8,-8,7,-8,7,-8,7,-8,6,-8,5,-8,5,-8,4,-8,4,-8,4,-9,3,-9,3,-10,3,-10,2,-10,2,-11,2,-11,2,-12,2,-12,2,-12,0,0,3,-12,3,-12,3,-12,3,-11,3,-11,3,-11,3,-11,2,-10,2,-11,2,-10,2,-11,2,-11,2,-11,2,-11,3,-11,3,-11,3,-11,4,-11,4,-10,4,-10,5,-9,5,-9,6,-8,6,-8,6,-7,6,-6,0,0,0,0,0,0,0,0,0,0,0,0,0,0,-77,-13,-70,-11,-71,-8,-69,-6,-68,-7,-68,-6,-65,-2,-70,-4,-65,-1,-67,-3,-62,-5,-56,-2,-59,-3,-56,0,-56,-1,-52,6,-53,10,-52,9,-46,12,-45,15,-47,19,-46,20,-46,28,-52,24,-53,28,-52,33,-53,30,-52,33,-55,36,-54,31,-58,33,-62,34,-58,30,-58,30,-55,26,-58,26,-54,25,-53,23,-51,23,-50,26,-52,25,-53,33,-50,30,-52,28,-53,29,-50,26,-55,25,-55,26,-53,22,-53,14,-56,17,-52,11,-53,9,-53,3,-54,2,-50,-2,-48,-5,0,0,0,0,0,0,0,0,0,0,0,0,0,0,0,0,0,0,0,0,0,0,19,-14,21,-13,16,-8,21,-8,19,-10,19,-9,21,-9,17,-7,18,-9,19,-7,21,-9,21,-8,19,-8,21,-5,20,-9,20,-4,20,-5,19,-6,19,-4,17,0,13,-2,9,1,10,1,6,-2,1,-7,1,-6,-4,-8,-6,-12,-8,-16,-14,-19,-11,-25,-15,-30,-11,-33,-12,-38,-12,-44,-12,-44,-11,-44,-12,-52,-8,-54,-8,-57,-8,-61,-8,-59,-6,-65,-7,-64,-7,-68,-4,-61,-2,-69,-4,-70,-1,-71,-3,-75,-1,-79,-1,-79,2,-80,3,-76,2,-79,8,-81,11,-80,0,0]",1
CSI_DATA,53373,1a:00:00:00:00:00,-30,11,1,0,1,1,1,0,0,0,1,-97,0,11,2,718770482,0,44,0,384,0,"[0,0,0,0,0,0,0,0,0,0,0,0,12,5,11,5,12,5,11,5,11,5,11,5,11,5,10,4,10,4,10,3,10,3,9,3,9,2,9,1,9,1,9,0,9,0,9,-1,10,-1,10,-2,10,-2,10,-2,11,-2,11,-3,11,-3,12,-3,0,0,12,-2,12,-2,11,-2,12,-2,11,-1,11,-1,11,-1,10,-2,10,-2,11,-2,11,-2,11,-2,11,-2,11,-2,11,-1,11,-1,11,-1,11,-1,11,0,10,1,10,2,10,2,10,2,9,3,8,3,7,4,0,0,0,0,0,0,0,0,0,0,0,0,0,0,-25,-74,-25,-69,-23,-65,-24,-67,-28,-65,-25,-61,-31,-63,-25,-64,-30,-59,-27,-61,-28,-56,-26,-53,-28,-56,-23,-50,-25,-46,-28,-44,-30,-42,-31,-40,-34,-39,-36,-33,-43,-35,-42,-31,-42,-33,-44,-30,-48,-30,-47,-33,-53,-35,-53,-33,-56,-35,-57,-34,-54,-37,-53,-39,-52,-36,-52,-37,-51,-37,-50,-38,-49,-40,-46,-32,-47,-37,-48,-30,-49,-30,-50,-32,-50,-32,-49,-30,-47,-30,-47,-35,-45,-32,-49,-38,-41,-35,-41,-41,-42,-41,-38,-44,-32,-44,-28,-47,-26,-43,-20,-45,-17,-42,0,0,0,0,0,0,0,0,0,0,0,0,0,0,0,0,0,0,0,0,0,0,16,8,17,9,18,10,17,11,18,12,13,13,12,13,15,12,15,13,14,10,18,15,15,14,15,15,15,16,13,15,14,15,13,15,12,16,7,16,7,13,6,11,6,9,7,5,4,2,6,-1,5,-2,7,-8,6,-17,9,-14,15,-19,13,-27,19,-26,22,-29,23,-26,32,-32,32,-31,37,-32,40,-34,44,-31,40,-32,43,-32,50,-36,53,-33,52,-33,52,-35,57,-38,57,-36,60,-36,62,-34,65,-37,68,-37,68,-35,71,-32,70,-34,75,-33,74,-32,73,-31,0,0]",1
CSI_DATA,53374,1a:00:00:00:00:00,-30,11,1,0,1,1,1,0,0,0,1,-97,0,11,2,718790494,0,44,0,384,0,"[0,0,0,0,0,0,0,0,0,0,0,0,-13,-5,-13,-5,-13,-5,-13,-5,-12,-5,-12,-5,-12,-5,-11,-5,-11,-5,-11,-4,-11,-4,-10,-3,-10,-2,-10,-2,-10,-1,-10,-1,-10,0,-10,0,-10,1,-11,1,-11,1,-11,1,-12,2,-12,2,-12,2,-12,2,0,0,-13,1,-13,1,-13,1,-12,1,-12,1,-12,1,-12,0,-11,1,-11,1,-11,1,-11,2,-11,2,-12,1,-12,1,-12,1,-12,1,-12,0,-12,0,-11,-1,-11,-1,-11,-2,-11,-3,-10,-3,-10,-3,-9,-4,-8,-4,0,0,0,0,0,0,0,0,0,0,0,0,0,0,17,71,20,69,22,67,20,64,25,64,22,61,22,60,23,62,23,64,22,57,24,56,23,57,24,54,25,52,25,49,26,46,28,43,30,38,27,38,33,35,38,36,38,33,41,33,44,33,44,35,47,31,50,31,48,32,52,36,53,34,55,37,56,41,49,39,51,39,50,40,47,41,47,37,46,38,41,33,48,35,42,33,45,31,48,32,47,31,47,35,48,37,44,36,45,41,42,40,39,42,36,46,32,43,29,47,30,45,23,46,23,44,12,44,0,0,0,0,0,0,0,0,0,0,0,0,0,0,0,0,0,0,0,0,0,0,-19,-11,-18,-14,-20,-16,-14,-18,-14,-15,-15,-14,-14,-14,-18,-11,-18,-14,-14,-11,-15,-15,-14,-14,-16,-17,-18,-15,-13,-19,-13,-15,-10,-19,-12,-19,-10,-17,-6,-15,-6,-12,-5,-9,-7,-7,-3,-1,-5,-2,-6,2,-7,7,-9,11,-12,12,-13,17,-17,22,-21,23,-26,25,-29,25,-33,27,-35,27,-39,30,-41,28,-48,30,-46,32,-50,30,-52,30,-53,28,-54,28,-55,29,-62,34,-63,35,-64,31,-67,32,-67,30,-68,32,-67,30,-76,27,-75,27,-74,27,-76,26,-74,26,0,0]",1
CSI_DATA,53375,1a:00:00:00:00:00,-30,11,1,0,1,1,1,0,0,0,1,-97,0,11,2,718800491,0,44,0,384,0,"[0,0,0,0,0,0,0,0,0,0,0,0,2,-14,2,-14,2,-14,2,-14,2,-13,2,-13,2,-12,2,-12,2,-12,1,-11,1,-11,0,-11,0,-11,-1,-10,-1,-10,-2,-10,-2,-10,-3,-10,-4,-10,-4,-11,-4,-11,-4,-11,-4,-11,-5,-12,-5,-12,-5,-12,0,0,-4,-13,-4,-12,-4,-12,-4,-12,-4,-12,-3,-12,-3,-11,-3,-11,-4,-11,-4,-11,-5,-11,-4,-11,-4,-11,-4,-11,-4,-12,-3,-12,-3,-12,-2,-12,-2,-12,-1,-12,0,-11,0,-11,1,-11,1,-10,2,-10,2,-9,0,0,0,0,0,0,0,0,0,0,0,0,0,0,-62,37,-60,40,-57,37,-57,38,-58,41,-55,40,-53,40,-57,40,-52,40,-51,40,-47,37,-47,34,-43,38,-45,38,-42,37,-43,37,-35,40,-29,38,-29,40,-25,43,-25,42,-23,48,-21,50,-20,51,-21,53,-18,51,-20,56,-20,62,-23,58,-21,61,-23,59,-27,58,-26,58,-22,59,-26,57,-27,56,-27,53,-24,49,-27,50,-23,52,-25,50,-23,55,-21,54,-23,56,-22,52,-25,56,-27,50,-30,51,-29,46,-34,47,-36,44,-36,41,-40,37,-38,37,-39,33,-39,29,-39,23,0,0,0,0,0,0,0,0,0,0,0,0,0,0,0,0,0,0,0,0,0,0,3,-22,5,-24,8,-20,4,-19,4,-21,9,-17,6,-20,9,-18,8,-20,6,-21,10,-19,8,-21,8,-22,10,-21,8,-17,7,-19,13,-17,10,-13,12,-14,9,-13,6,-10,8,-8,4,-7,2,-8,-3,-5,-5,-4,-11,-6,-15,-3,-19,-7,-20,-8,-29,-5,-29,-12,-27,-14,-32,-17,-41,-25,-40,-25,-42,-26,-45,-31,-45,-35,-47,-34,-45,-33,-49,-40,-43,-43,-49,-42,-49,-42,-50,-49,-50,-49,-51,-49,-50,-53,-54,-58,-57,-55,-53,-53,-47,-61,-52,-61,-53,-62,-49,-65,-49,-62,0,0]",1
CSI_DATA,53376,1a:00:00:00:00:00,-30,11,1,0,1,1,1,0,0,0,1,-97,0,11,2,718810498,0,44,0,384,0,"[0,0,0,0,0,0,0,0,0,0,0,0,12,1,12,1,12,1,12,1,12,1,12,1,11,1,11,1,10,1,10,0,10,-1,9,-1,9,-2,9,-2,9,-2,8,-3,8,-3,8,-4,8,-5,9,-5,9,-5,9,-5,9,-6,9,-7,9,-7,10,-7,0,0,10,-6,10,-6,10,-6,10,-5,10,-5,10,-5,9,-4,9,-5,9,-5,9,-5,8,-6,9,-6,9,-6,9,-6,9,-5,10,-5,9,-5,10,-5,10,-4,10,-3,10,-2,10,-2,9,-1,9,-1,9,0,8,0,0,0,0,0,0,0,0,0,0,0,0,0,0,0,-29,-67,-30,-64,-33,-62,-34,-63,-34,-59,-36,-63,-34,-58,-36,-59,-33,-57,-35,-55,-33,-53,-34,-52,-33,-51,-34,-45,-36,-44,-36,-43,-39,-39,-39,-39,-39,-35,-39,-29,-46,-27,-47,-25,-49,-24,-51,-24,-50,-23,-54,-24,-56,-25,-59,-25,-60,-29,-59,-22,-59,-27,-60,-24,-55,-29,-59,-29,-56,-29,-54,-35,-52,-30,-50,-31,-52,-26,-52,-26,-51,-24,-50,-24,-51,-25,-52,-26,-55,-26,-54,-26,-52,-29,-49,-31,-50,-31,-46,-32,-45,-34,-39,-35,-40,-40,-36,-38,-34,-40,-32,-38,-27,-42,0,0,0,0,0,0,0,0,0,0,0,0,0,0,0,0,0,0,0,0,0,0,20,9,21,8,15,10,17,12,19,13,13,11,18,9,18,14,17,13,16,12,14,12,17,12,15,13,17,14,17,15,15,13,12,18,13,13,7,16,6,11,9,11,3,7,4,3,2,2,4,0,4,-3,7,-7,7,-11,6,-15,8,-22,13,-21,16,-33,15,-33,26,-30,31,-34,33,-37,32,-34,37,-35,39,-38,41,-39,44,-39,44,-39,50,-40,50,-41,54,-42,52,-40,54,-44,57,-42,57,-45,59,-39,63,-42,64,-43,67,-45,67,-38,67,-42,72,-39,70,-37,0,0]",1
CSI_DATA,53377,1a:00:00:00:00:00,-30,11,1,0,1,1,1,0,0,0,1,-97,0,11,2,718830483,0,44,0,384,0,"[0,0,0,0,0,0,0,0,0,0,0,0,-13,4,-12,4,-12,4,-12,4,-12,4,-12,3,-11,3,-11,3,-11,3,-10,3,-10,4,-9,4,-9,4,-8,4,-8,5,-8,6,-7,5,-7,6,-7,7,-7,7,-7,7,-7,8,-8,8,-7,8,-8,9,-8,9,0,0,-9,8,-9,8,-9,8,-9,8,-8,7,-8,7,-8,7,-8,7,-8,7,-8,7,-8,7,-8,7,-8,7,-8,7,-9,7,-9,7,-9,7,-9,6,-9,6,-10,5,-10,4,-10,4,-10,3,-9,2,-9,1,-9,1,0,0,0,0,0,0,0,0,0,0,0,0,0,0,66,39,62,40,62,31,64,34,66,28,59,29,61,25,59,25,62,26,60,25,54,26,53,25,58,23,49,18,49,20,54,15,51,10,50,8,48,6,51,3,51,2,54,-3,54,-4,53,-4,54,-9,57,-9,60,-7,59,-10,62,-12,68,-8,62,-6,68,-5,63,-3,62,-5,67,-4,60,-1,56,0,55,0,56,-1,54,-5,57,-4,56,-7,58,-4,59,-9,58,-6,56,-3,59,-1,61,1,54,3,56,5,55,9,55,12,51,12,49,20,42,18,43,20,39,23,0,0,0,0,0,0,0,0,0,0,0,0,0,0,0,0,0,0,0,0,0,0,-22,8,-24,3,-22,6,-21,0,-19,3,-20,-1,-22,0,-20,-2,-25,2,-22,2,-20,-3,-21,-4,-24,2,-22,-2,-23,-2,-21,-5,-20,-3,-18,-6,-17,-5,-14,-6,-15,-5,-10,-2,-7,-4,-7,1,-3,3,-3,5,0,9,-2,13,0,15,5,22,5,28,2,30,3,33,1,39,-1,41,-4,47,-7,48,-5,49,-6,51,-10,55,-14,59,-13,61,-13,59,-19,62,-20,63,-18,58,-19,63,-24,70,-20,70,-29,69,-27,69,-28,73,-30,74,-32,71,-33,72,-38,70,-36,67,0,0]",1
CSI_DATA,53378,1a:00:00:00:00:00,-30,11,1,0,1,1,1,0,0,0,1,-97,0,11,2,718840499,0,44,0,384,0,"[0,0,0,0,0,0,0,0,0,0,0,0,-6,-12,-6,-12,-6,-12,-6,-12,-6,-12,-5,-11,-5,-11,-5,-11,-5,-10,-5,-10,-6,-9,-6,-9,-6,-8,-6,-8,-7,-8,-7,-7,-7,-7,-8,-6,-8,-6,-9,-6,-9,-6,-9,-6,-10,-7,-10,-6,-10,-7,-11,-7,0,0,-10,-8,-10,-7,-10,-8,-10,-7,-9,-7,-9,-7,-9,-7,-9,-7,-9,-6,-9,-6,-10,-6,-10,-6,-9,-6,-10,-7,-9,-7,-9,-7,-9,-8,-9,-8,-8,-8,-7,-8,-7,-9,-6,-9,-6,-9,-5,-9,-4,-9,-4,-8,0,0,0,0,0,0,0,0,0,0,0,0,0,0,-27,71,-29,66,-30,66,-27,65,-22,63,-25,64,-26,64,-28,64,-21,65,-17,61,-20,56,-19,57,-19,56,-14,56,-11,51,-8,53,-5,54,-3,49,-4,49,-1,51,4,53,8,50,11,52,12,55,8,52,12,57,16,55,16,61,15,61,17,60,13,64,9,66,6,63,10,63,10,61,7,62,7,57,8,56,5,55,8,54,9,54,12,57,11,56,11,60,8,60,7,56,5,58,3,61,-2,57,-3,58,-6,59,-9,56,-12,53,-15,49,-13,49,-17,43,-19,41,0,0,0,0,0,0,0,0,0,0,0,0,0,0,0,0,0,0,0,0,0,0,-9,-21,-7,-24,-8,-22,-5,-24,-4,-20,-9,-18,-4,-19,-4,-20,-5,-20,-7,-21,-7,-20,-4,-22,-5,-21,-5,-22,-1,-22,2,-26,0,-21,4,-19,2,-19,3,-16,2,-12,3,-14,0,-8,-2,-7,-3,-3,-6,0,-9,3,-15,5,-19,3,-23,6,-26,8,-31,7,-35,7,-41,3,-41,4,-46,1,-48,3,-52,2,-56,-1,-58,-4,-61,-5,-62,-6,-66,-10,-63,-9,-66,-10,-69,-10,-71,-11,-71,-11,-74,-13,-72,-17,-77,-21,-80,-20,-77,-23,-75,-23,-79,-24,-76,-26,-77,-32,0,0]",1
CSI_DATA,53379,1a:00:00:00:00:00,-30,11,1,0,1,1,1,0,0,0,1,-97,0,11,2,718850501,0,44,0,384,0,"[0,0,0,0,0,0,0,0,0,0,0,0,9,-9,9,-9,9,-9,9,-9,9,-9,8,-8,8,-8,8,-8,8,-8,7,-8,6,-8,6,-8,5,-8,5,-8,4,-8,4,-9,3,-9,3,-9,2,-9,2,-10,3,-10,2,-11,2,-11,2,-12,2,-12,2,-12,0,0,3,-12,3,-12,3,-12,3,-12,3,-11,3,-11,3,-11,3,-10,3,-11,3,-11,2,-11,2,-11,2,-11,3,-11,3,-11,3,-11,4,-11,4,-10,4,-10,5,-9,6,-9,6,-9,6,-8,6,-7,6,-7,6,-6,0,0,0,0,0,0,0,0,0,0,0,0,0,0,-76,-6,-71,-8,-71,-3,-69,-3,-69,0,-69,1,-70,-1,-69,-2,-66,0,-65,4,-61,-2,-62,1,-60,1,-57,3,-56,4,-53,7,-51,12,-49,14,-52,16,-45,19,-47,21,-46,23,-48,27,-45,26,-52,27,-51,31,-50,32,-50,34,-55,36,-53,39,-55,36,-60,35,-56,28,-55,32,-53,31,-56,29,-52,28,-54,25,-50,26,-49,25,-52,30,-47,31,-47,29,-50,31,-51,30,-52,29,-54,23,-54,25,-50,22,-51,19,-54,15,-54,9,-54,10,-52,9,-49,5,-50,1,-46,-4,0,0,0,0,0,0,0,0,0,0,0,0,0,0,0,0,0,0,0,0,0,0,16,-16,16,-14,19,-11,20,-10,14,-11,18,-11,15,-9,16,-11,17,-10,16,-10,18,-9,21,-8,18,-10,19,-10,19,-9,22,-6,19,-6,18,-3,17,-5,8,-4,11,-1,9,-4,5,-2,5,-3,2,-5,-1,-5,-2,-9,-9,-13,-12,-14,-12,-14,-17,-22,-18,-29,-18,-28,-17,-38,-21,-41,-13,-43,-16,-47,-15,-52,-17,-53,-17,-56,-13,-58,-10,-58,-9,-61,-11,-64,-12,-65,-10,-62,-6,-70,-8,-72,-6,-72,-4,-76,-5,-77,-10,-82,-2,-86,3,-80,-7,-85,1,-82,2,-80,0,0]",1
CSI_DATA,53380,1a:00:00:00:00:00,-30,11,1,0,1,1,1,0,0,0,1,-97,0,11,2,718870487,0,44,0,384,0,"[0,0,0,0,0,0,0,0,0,0,0,0,-8,10,-8,10,-7,10,-7,10,-7,10,-7,10,-7,9,-7,9,-6,8,-6,9,-6,9,-5,8,-5,8,-4,8,-3,8,-3,9,-2,8,-2,9,-1,9,-1,10,-1,10,-1,10,-1,11,-1,11,-1,11,-1,11,0,0,-1,12,-2,12,-2,11,-2,11,-2,11,-2,11,-2,10,-2,10,-2,10,-1,10,-1,10,-1,10,-1,10,-1,10,-2,10,-2,10,-3,11,-3,10,-4,10,-4,9,-5,9,-5,9,-6,8,-6,7,-6,7,-6,6,0,0,0,0,0,0,0,0,0,0,0,0,0,0,73,-10,68,-8,72,-15,69,-13,70,-16,70,-13,68,-15,68,-16,65,-17,62,-16,58,-15,56,-17,58,-11,50,-21,50,-19,50,-20,48,-23,45,-27,41,-26,40,-28,41,-33,39,-36,37,-40,39,-35,40,-38,41,-43,39,-44,42,-45,43,-46,47,-52,48,-48,47,-43,46,-43,49,-44,47,-41,46,-38,46,-39,44,-40,41,-39,46,-38,39,-36,42,-39,43,-40,45,-40,46,-40,45,-40,48,-38,48,-34,47,-32,46,-29,51,-24,50,-23,53,-22,47,-15,50,-12,49,-7,45,-6,0,0,0,0,0,0,0,0,0,0,0,0,0,0,0,0,0,0,0,0,0,0,-10,17,-14,18,-13,18,-19,16,-14,14,-17,15,-13,13,-15,16,-19,14,-12,15,-16,10,-15,13,-18,14,-15,13,-19,14,-19,9,-17,12,-19,10,-14,5,-15,5,-9,2,-8,4,-4,1,-1,4,0,4,3,6,8,7,10,5,13,10,20,14,21,16,23,19,21,25,25,34,27,31,27,38,25,39,26,44,29,47,31,54,30,52,24,53,22,60,26,59,27,60,26,65,30,66,27,70,25,69,25,66,21,71,26,75,24,79,22,72,20,76,17,79,15,77,0,0]",1
CSI_DATA,53381,1a:00:00:00:00:00,-30,11,1,0,1,1,1,0,0,0,1,-97,0,11,2,718880487,0,44,0,384,0,"[0,0,0,0,0,0,0,0,0,0,0,0,-12,-7,-12,-7,-12,-6,-12,-7,-12,-6,-12,-6,-11,-6,-11,-6,-11,-6,-10,-5,-10,-5,-10,-4,-10,-4,-10,-3,-10,-3,-10,-2,-10,-1,-10,-1,-10,0,-11,0,-11,0,-12,0,-12,0,-12,1,-13,0,-13,1,0,0,-13,0,-13,0,-13,-1,-13,-1,-12,-1,-12,-1,-12,-1,-11,-1,-11,0,-11,0,-12,0,-12,0,-12,0,-12,-1,-12,-1,-12,-1,-12,-2,-12,-2,-11,-3,-11,-3,-11,-4,-10,-5,-10,-5,-9,-5,-9,-6,-8,-6,0,0,0,0,0,0,0,0,0,0,0,0,0,0,24,66,21,67,27,64,29,60,31,57,28,60,28,55,29,63,29,58,31,58,33,53,27,50,25,47,27,47,28,48,27,43,28,40,33,36,35,34,34,33,40,31,41,29,42,32,44,25,47,28,50,27,50,28,50,29,55,32,55,32,55,32,55,36,50,36,54,34,47,37,48,39,47,34,45,31,47,31,48,30,43,30,47,29,46,32,47,34,50,32,46,32,45,36,45,38,44,37,40,38,40,39,35,41,32,44,29,40,24,40,19,41,16,41,0,0,0,0,0,0,0,0,0,0,0,0,0,0,0,0,0,0,0,0,0,0,-20,-8,-20,-9,-20,-11,-18,-16,-18,-11,-17,-13,-17,-11,-17,-13,-16,-12,-16,-12,-16,-12,-16,-14,-16,-15,-15,-15,-16,-14,-16,-16,-15,-14,-11,-17,-10,-16,-8,-12,-11,-11,-6,-8,-6,-3,-1,-3,-3,0,-1,3,-5,5,-8,11,-8,14,-10,22,-16,21,-18,28,-21,30,-23,30,-30,31,-32,36,-32,32,-40,32,-41,35,-43,36,-44,35,-48,32,-52,37,-52,33,-52,38,-48,37,-55,38,-56,37,-61,35,-65,38,-63,38,-67,42,-69,35,-70,36,-74,35,-74,34,-72,30,0,0]",1
CSI_DATA,53382,1a:00:00:00:00:00,-30,11,1,0,1,1,1,0,0,0,1,-97,0,11,2,718890490,0,44,0,384,0,"[0,0,0,0,0,0,0,0,0,0,0,0,6,-12,6,-12,5,-12,6,-12,5,-11,5,-11,5,-11,5,-10,4,-10,4,-10,4,-10,3,-10,2,-10,2,-10,1,-10,0,-10,0,-10,0,-10,-1,-10,-1,-11,-1,-11,-2,-11,-2,-11,-2,-12,-2,-12,-2,-12,0,0,-1,-13,-1,-13,-1,-12,-1,-12,-1,-12,-1,-12,-1,-11,-1,-11,-1,-11,-1,-11,-2,-11,-2,-11,-2,-11,-1,-12,-1,-11,-1,-12,0,-12,0,-11,0,-11,1,-11,2,-11,2,-11,3,-10,3,-9,4,-9,4,-8,0,0,0,0,0,0,0,0,0,0,0,0,0,0,-76,26,-72,19,-65,22,-67,23,-68,24,-62,23,-63,26,-65,25,-59,25,-62,23,-60,25,-56,22,-58,23,-52,27,-51,28,-49,27,-45,29,-37,31,-38,30,-37,33,-38,38,-37,37,-31,43,-33,42,-35,47,-34,50,-36,52,-35,51,-37,53,-33,56,-41,56,-43,53,-41,53,-42,50,-40,48,-40,44,-41,43,-40,40,-38,42,-38,45,-36,43,-34,45,-34,48,-34,52,-37,44,-36,44,-42,41,-43,44,-42,39,-43,37,-46,36,-46,28,-50,28,-47,23,-46,20,-49,17,-44,11,0,0,0,0,0,0,0,0,0,0,0,0,0,0,0,0,0,0,0,0,0,0,9,-24,11,-20,10,-17,14,-15,10,-19,14,-17,13,-16,13,-16,14,-16,15,-17,14,-15,12,-15,14,-17,15,-17,18,-18,16,-12,17,-12,18,-12,15,-12,14,-7,10,-8,5,-6,8,-5,1,-4,-2,-3,-6,-5,-7,-7,-13,-7,-16,-10,-20,-14,-23,-13,-26,-18,-27,-23,-29,-28,-34,-30,-31,-37,-35,-38,-36,-42,-37,-42,-37,-46,-34,-48,-38,-51,-34,-54,-36,-54,-31,-52,-37,-60,-32,-61,-34,-62,-39,-63,-37,-67,-35,-70,-40,-72,-36,-74,-34,-73,-34,-75,-31,-73,-29,-78,0,0]",1
CSI_DATA,53383,1a:00:00:00:00:00,-30,11,1,0,1,1,1,0,0,0,1,-97,0,11,2,718910511,0,44,0,384,0,"[0,0,0,0,0,0,0,0,0,0,0,0,-4,12,-4,11,-4,12,-4,12,-4,12,-4,11,-4,11,-4,10,-4,10,-3,10,-3,10,-2,9,-2,9,-1,9,-1,9,0,9,1,8,1,9,2,9,2,9,2,10,2,10,2,10,3,11,3,11,3,11,0,0,2,11,3,11,2,11,2,11,2,11,1,10,2,10,2,10,2,10,2,10,2,10,2,10,2,10,2,10,2,10,2,10,1,11,1,10,0,10,0,10,-1,10,-2,10,-2,9,-3,9,-3,8,-4,7,0,0,0,0,0,0,0,0,0,0,0,0,0,0,67,-41,60,-35,65,-44,56,-43,54,-40,57,-44,52,-39,55,-45,50,-38,55,-39,50,-37,48,-36,44,-40,40,-34,39,-36,37,-39,36,-43,32,-38,33,-43,27,-43,23,-48,25,-45,22,-55,22,-50,19,-54,19,-57,23,-58,20,-61,24,-63,22,-61,25,-62,26,-65,24,-60,27,-61,24,-55,27,-60,25,-55,27,-53,22,-51,22,-52,21,-48,20,-55,24,-56,20,-52,22,-57,22,-53,29,-55,27,-51,28,-51,31,-47,35,-46,36,-42,35,-41,38,-38,42,-33,39,-26,40,-28,0,0,0,0,0,0,0,0,0,0,0,0,0,0,0,0,0,0,0,0,0,0,-7,19,-11,20,-7,19,-12,20,-8,19,-11,18,-11,16,-11,17,-9,17,-10,18,-11,17,-11,18,-10,19,-11,19,-12,17,-13,14,-14,17,-13,13,-13,9,-13,10,-8,7,-8,7,-5,2,-1,4,-1,6,4,2,8,4,14,4,15,4,24,8,21,6,31,11,35,16,35,17,37,22,36,26,36,29,43,29,45,37,45,36,44,37,42,36,48,46,44,43,46,45,47,48,49,49,50,51,50,57,49,55,53,59,53,59,51,65,45,60,51,66,50,69,48,68,0,0]",1
CSI_DATA,53384,1a:00:00:00:00:00,-30,11,1,0,1,1,1,0,0,0,1,-97,0,11,2,718920498,0,44,0,384,0,"[0,0,0,0,0,0,0,0,0,0,0,0,-14,-2,-13,-2,-13,-2,-13,-2,-13,-2,-13,-2,-12,-2,-12,-2,-12,-2,-11,-1,-11,-1,-11,0,-10,0,-10,1,-10,1,-10,2,-10,2,-9,2,-10,3,-10,3,-10,4,-10,4,-10,4,-11,5,-11,5,-11,5,0,0,-12,4,-12,4,-12,4,-11,4,-11,3,-11,3,-11,3,-10,3,-10,3,-10,4,-10,4,-10,4,-10,4,-10,4,-11,3,-11,3,-11,3,-11,3,-11,2,-11,1,-11,0,-11,0,-10,-1,-10,-1,-10,-2,-9,-2,0,0,0,0,0,0,0,0,0,0,0,0,0,0,27,70,29,68,28,66,30,65,31,63,32,60,29,59,32,64,29,58,32,54,27,58,30,54,28,54,27,49,27,46,28,44,34,41,35,39,34,36,37,36,40,35,44,27,43,29,47,29,46,29,53,27,52,30,50,28,58,34,58,33,54,35,56,39,54,36,54,35,51,38,48,37,48,35,44,34,46,31,48,31,49,27,46,31,47,30,50,33,48,33,47,32,49,33,50,37,41,38,42,37,38,40,36,40,36,42,26,45,23,47,23,43,17,45,0,0,0,0,0,0,0,0,0,0,0,0,0,0,0,0,0,0,0,0,0,0,-23,-6,-19,-11,-21,-10,-18,-13,-17,-13,-20,-7,-18,-10,-19,-10,-16,-14,-16,-10,-17,-14,-18,-14,-18,-13,-18,-11,-13,-16,-14,-13,-16,-16,-13,-16,-10,-12,-9,-13,-6,-10,-6,-9,-6,-5,-2,-4,-6,-2,-4,2,-5,7,-8,12,-7,15,-11,18,-12,21,-18,27,-17,29,-24,31,-26,35,-32,33,-37,35,-35,36,-40,37,-43,39,-47,36,-49,39,-53,41,-52,36,-53,40,-53,38,-57,42,-58,38,-61,41,-63,41,-68,42,-69,44,-70,42,-67,38,-74,38,-76,34,-76,36,0,0]",1
CSI_DATA,53385,1a:00:00:00:00:00,-30,11,1,0,1,1,1,0,0,0,1,-97,0,11,2,718940503,0,44,0,384,0,"[0,0,0,0,0,0,0,0,0,0,0,0,13,-1,13,-1,13,-1,13,-1,12,-1,12,-1,12,-1,11,-1,11,-1,10,-1,10,-2,10,-2,9,-2,9,-3,9,-3,9,-4,8,-4,8,-5,8,-6,9,-6,9,-6,9,-7,9,-6,9,-7,10,-7,10,-7,0,0,10,-7,10,-7,10,-7,10,-6,10,-6,10,-6,9,-5,9,-5,9,-6,9,-6,9,-6,9,-6,9,-6,9,-6,10,-6,10,-6,10,-5,10,-5,10,-4,10,-3,10,-3,10,-2,10,-1,9,-1,9,0,8,1,0,0,0,0,0,0,0,0,0,0,0,0,0,0,-52,-53,-57,-50,-54,-48,-55,-44,-56,-46,-54,-45,-58,-45,-54,-41,-52,-41,-50,-42,-51,-40,-47,-37,-51,-36,-48,-32,-47,-33,-50,-33,-48,-24,-44,-21,-50,-21,-49,-14,-51,-13,-55,-13,-55,-9,-56,-9,-57,-8,-60,-8,-63,-8,-64,-5,-63,-8,-69,-6,-64,-8,-70,-9,-62,-12,-67,-8,-66,-10,-62,-15,-58,-12,-59,-13,-55,-10,-61,-8,-58,-7,-61,-9,-59,-8,-64,-10,-58,-8,-61,-9,-59,-12,-60,-12,-54,-15,-56,-19,-56,-23,-50,-22,-48,-24,-43,-29,-42,-28,-38,-29,-36,-34,0,0,0,0,0,0,0,0,0,0,0,0,0,0,0,0,0,0,0,0,0,0,20,-4,21,0,25,6,21,5,21,4,20,5,20,6,19,5,19,3,20,5,21,3,21,3,23,5,21,6,20,7,19,5,21,7,18,7,14,8,14,6,10,6,7,2,5,3,9,0,5,-2,5,-9,1,-6,2,-14,1,-19,-1,-23,1,-25,3,-33,5,-34,11,-39,8,-41,15,-47,20,-42,20,-48,21,-50,26,-51,27,-51,27,-53,31,-56,32,-57,33,-59,36,-60,33,-59,38,-60,39,-66,45,-64,40,-67,42,-69,47,-66,46,-62,51,-64,52,-64,52,-64,0,0]",1
CSI_DATA,53386,1a:00:00:00:00:00,-30,11,1,0,1,1,1,0,0,0,1,-97,0,11,2,718950632,0,44,0,384,0,"[0,0,0,0,0,0,0,0,0,0,0,0,-6,12,-5,11,-5,12,-5,11,-5,11,-5,11,-5,10,-5,10,-5,10,-4,10,-3,9,-3,9,-2,9,-2,9,-2,9,-1,9,0,9,0,9,1,9,1,10,1,10,1,10,2,10,2,11,2,11,2,11,0,0,1,12,1,12,1,11,1,11,1,11,1,11,1,10,1,10,1,10,2,10,2,10,2,10,2,10,2,10,1,10,1,10,0,11,0,10,0,10,-1,10,-2,10,-2,10,-3,9,-3,9,-4,8,-4,7,0,0,0,0,0,0,0,0,0,0,0,0,0,0,75,-22,70,-20,67,-24,66,-23,61,-24,68,-24,61,-20,64,-23,60,-25,59,-24,63,-24,58,-24,54,-27,50,-25,51,-22,50,-24,48,-27,44,-31,43,-31,38,-33,37,-42,35,-39,31,-45,34,-47,35,-45,35,-48,36,-46,36,-50,38,-54,38,-54,40,-52,43,-54,40,-49,42,-51,41,-50,42,-48,35,-44,38,-43,32,-43,34,-47,34,-44,34,-45,36,-48,35,-49,37,-51,35,-46,40,-45,40,-45,40,-42,40,-38,45,-39,44,-34,44,-33,46,-26,43,-23,46,-18,44,-17,0,0,0,0,0,0,0,0,0,0,0,0,0,0,0,0,0,0,0,0,0,0,-12,21,-16,15,-14,17,-18,13,-15,12,-17,14,-12,12,-14,9,-18,13,-17,14,-14,13,-15,14,-18,16,-17,12,-17,12,-22,11,-20,9,-17,11,-16,6,-16,4,-12,5,-8,4,-8,2,-2,7,-1,4,4,5,4,5,10,8,14,11,14,12,20,18,22,23,24,23,27,27,28,29,29,35,25,38,27,46,30,48,29,53,29,52,27,50,26,56,25,55,28,58,26,56,29,61,29,62,30,71,30,67,28,70,32,76,29,78,26,72,30,77,23,78,25,77,0,0]",1
CSI_DATA,53387,1a:00:00:00:00:00,-30,11,1,0,1,1,1,0,0,0,1,-97,0,11,2,718960496,0,44,0,384,0,"[0,0,0,0,0,0,0,0,0,0,0,0,-13,4,-12,4,-12,4,-13,4,-12,4,-12,4,-12,4,-11,4,-11,4,-10,4,-10,4,-9,4,-9,4,-8,5,-8,5,-8,6,-7,6,-7,7,-7,7,-7,8,-7,8,-7,8,-7,8,-7,9,-8,9,-7,9,0,0,-8,9,-8,9,-8,9,-8,9,-8,8,-8,8,-7,8,-7,8,-7,8,-7,8,-7,8,-7,8,-7,8,-7,8,-8,8,-8,8,-8,8,-8,7,-8,7,-9,6,-9,6,-9,5,-9,4,-9,4,-9,3,-9,2,0,0,0,0,0,0,0,0,0,0,0,0,0,0,75,20,70,22,73,20,72,12,68,14,69,16,63,14,71,12,61,12,66,12,64,13,61,6,61,7,54,4,53,4,54,4,52,-3,52,-4,49,-6,45,-8,53,-15,48,-16,51,-21,53,-22,50,-22,54,-23,53,-23,58,-26,57,-26,61,-28,62,-25,66,-25,59,-19,62,-19,57,-17,58,-20,55,-18,54,-20,55,-16,53,-20,49,-22,50,-24,54,-22,56,-22,56,-23,54,-20,61,-17,57,-18,57,-14,56,-12,61,-10,50,-9,53,-2,53,2,51,4,46,9,46,13,0,0,0,0,0,0,0,0,0,0,0,0,0,0,0,0,0,0,0,0,0,0,-23,10,-25,7,-21,5,-20,4,-17,2,-22,7,-22,3,-20,6,-23,5,-19,6,-23,2,-22,5,-24,3,-23,2,-23,0,-21,4,-22,-1,-18,-2,-17,-5,-14,-4,-8,-2,-11,0,-7,-2,-6,0,-4,5,-3,5,2,9,2,13,3,16,8,23,6,23,10,31,12,34,7,39,9,40,8,43,1,47,4,50,1,52,0,56,-1,61,-3,60,-5,63,-2,63,-5,62,-4,68,-3,68,-2,67,-7,73,-7,69,-14,74,-10,77,-14,81,-15,71,-20,79,-16,83,-18,76,0,0]",1
CSI_DATA,53388,1a:00:00:00:00:00,-30,11,1,0,1,1,1,0,0,0,1,-97,0,11,2,718980494,0,44,0,384,0,"[0,0,0,0,0,0,0,0,0,0,0,0,10,-9,10,-9,10,-9,9,-9,9,-8,9,-8,9,-8,9,-8,8,-7,7,-8,7,-8,6,-8,6,-8,5,-8,5,-8,4,-9,4,-9,4,-9,3,-10,3,-10,3,-10,3,-11,3,-11,3,-12,3,-12,3,-12,0,0,4,-12,4,-12,4,-11,4,-11,4,-11,4,-11,4,-10,3,-10,3,-10,3,-10,3,-11,3,-11,3,-11,3,-11,4,-11,4,-11,4,-11,4,-10,5,-10,5,-9,6,-9,6,-8,6,-8,6,-7,7,-6,6,-5,0,0,0,0,0,0,0,0,0,0,0,0,0,0,-77,-18,-74,-14,-72,-11,-73,-12,-71,-11,-70,-11,-69,-10,-72,-11,-67,-5,-65,-8,-65,-9,-61,-6,-59,-4,-58,-4,-57,-6,-55,-2,-58,4,-52,8,-50,8,-49,14,-52,13,-50,19,-49,21,-53,22,-52,23,-54,21,-53,24,-53,24,-61,27,-59,31,-60,24,-62,24,-60,22,-60,25,-63,19,-61,17,-58,19,-53,17,-56,17,-54,17,-54,20,-53,23,-52,18,-55,20,-56,20,-54,21,-58,17,-59,18,-57,13,-58,8,-55,6,-57,2,-54,-2,-52,-6,-49,-7,-48,-7,-48,-13,0,0,0,0,0,0,0,0,0,0,0,0,0,0,0,0,0,0,0,0,0,0,20,-14,18,-12,17,-11,19,-10,18,-7,19,-10,18,-7,16,-10,19,-10,18,-9,19,-7,19,-8,18,-9,22,-8,21,-4,21,-5,19,-7,21,-3,17,-3,15,-4,15,-2,7,-1,7,0,6,-4,3,-7,-2,-6,-3,-10,-10,-15,-13,-14,-11,-17,-15,-24,-14,-31,-17,-32,-14,-38,-14,-45,-12,-43,-10,-46,-14,-50,-12,-52,-6,-56,-10,-59,-9,-58,-7,-64,-5,-66,-4,-63,-7,-69,-3,-73,-2,-71,-3,-78,2,-76,-1,-76,-1,-81,8,-79,6,-80,4,-84,11,-80,11,-82,0,0]",1
CSI_DATA,53389,1a:00:00:00:00:00,-30,11,1,0,1,1,1,0,0,0,1,-97,0,11,2,718990486,0,44,0,384,0,"[0,0,0,0,0,0,0,0,0,0,0,0,9,10,9,9,9,9,9,9,8,9,8,9,8,8,8,8,7,8,8,7,7,7,8,6,7,5,8,5,8,5,8,4,8,3,9,3,9,3,10,3,10,3,10,3,10,2,11,2,11,2,11,2,0,0,11,3,11,3,11,3,11,3,10,3,10,4,10,3,10,3,10,3,10,3,10,2,10,2,10,2,10,3,10,3,10,3,10,4,10,4,9,5,9,5,8,6,8,6,7,6,6,6,6,7,5,6,0,0,0,0,0,0,0,0,0,0,0,0,0,0,9,-81,7,-73,5,-75,8,-72,1,-70,-1,-74,0,-66,0,-72,2,-70,2,-69,3,-63,2,-62,0,-62,-5,-58,-3,-56,-6,-53,-14,-52,-13,-50,-15,-51,-16,-47,-24,-49,-23,-50,-28,-50,-28,-52,-28,-50,-27,-54,-30,-51,-36,-54,-37,-53,-38,-55,-34,-59,-33,-61,-29,-55,-31,-60,-29,-56,-28,-60,-27,-53,-28,-51,-25,-53,-29,-52,-25,-48,-30,-50,-28,-53,-33,-52,-29,-56,-29,-52,-24,-57,-24,-57,-23,-56,-18,-55,-14,-56,-13,-55,-9,-56,-4,-53,1,-52,2,-49,5,-48,0,0,0,0,0,0,0,0,0,0,0,0,0,0,0,0,0,0,0,0,0,0,15,18,14,17,12,17,10,18,10,17,10,16,10,18,7,18,13,16,9,19,9,17,9,19,10,20,10,20,5,22,4,21,7,22,4,17,2,20,0,14,-1,12,2,9,2,5,4,5,4,1,4,1,8,-7,10,-8,14,-10,20,-14,21,-15,28,-15,31,-14,38,-17,38,-16,44,-17,41,-13,52,-18,53,-17,54,-15,61,-13,56,-12,63,-12,63,-10,66,-11,66,-5,69,-12,71,-7,71,-8,72,-9,79,-8,80,-9,82,-3,75,-4,83,-1,84,1,82,4,0,0]",1
CSI_DATA,53390,1a:00:00:00:00:00,-30,11,1,0,1,1,1,0,0,0,1,-97,0,11,2,719000491,0,44,0,384,0,"[0,0,0,0,0,0,0,0,0,0,0,0,-10,9,-10,9,-10,9,-10,9,-9,9,-9,8,-9,8,-9,8,-8,7,-8,7,-7,7,-7,7,-6,7,-6,7,-5,8,-4,8,-4,8,-4,9,-3,9,-3,9,-3,10,-3,10,-3,10,-3,11,-3,11,-3,11,0,0,-4,11,-4,11,-4,11,-4,11,-4,10,-4,10,-4,10,-4,9,-3,10,-4,9,-3,10,-3,10,-3,10,-4,10,-4,10,-4,10,-4,10,-5,10,-5,9,-6,9,-7,8,-7,8,-7,7,-7,6,-8,5,-7,5,0,0,0,0,0,0,0,0,0,0,0,0,0,0,75,-3,71,1,74,1,70,-8,72,-6,69,-5,66,-6,68,-9,66,-6,63,-6,59,-6,59,-5,59,-9,57,-8,53,-11,53,-13,50,-18,47,-18,47,-19,44,-23,47,-30,46,-26,46,-32,42,-37,45,-35,47,-38,46,-38,46,-40,50,-41,51,-42,48,-41,55,-40,49,-36,51,-40,46,-37,50,-33,45,-33,48,-33,47,-35,45,-34,44,-32,44,-35,51,-34,44,-35,45,-36,46,-33,51,-34,52,-32,52,-28,47,-25,52,-23,50,-20,51,-16,51,-16,50,-10,49,-4,45,-1,0,0,0,0,0,0,0,0,0,0,0,0,0,0,0,0,0,0,0,0,0,0,-16,14,-18,16,-18,13,-18,12,-13,9,-17,10,-21,8,-19,8,-15,10,-15,9,-21,10,-20,9,-20,11,-21,11,-22,4,-21,7,-21,6,-18,6,-20,4,-18,4,-15,3,-11,3,-6,-1,-6,-1,0,2,2,4,4,5,8,11,9,12,14,17,17,17,16,26,16,30,16,35,22,37,20,41,20,45,18,49,18,51,20,54,16,55,16,53,15,61,16,62,12,61,19,62,13,65,15,69,17,68,15,72,10,74,14,77,9,76,8,73,8,81,8,83,8,78,0,0]",1
CSI_DATA,53391,1a:00:00:00:00:00,-30,11,1,0,1,1,1,0,0,0,1,-97,0,11,2,719020486,0,44,0,384,0,"[0,0,0,0,0,0,0,0,0,0,0,0,7,-12,6,-12,6,-12,6,-12,6,-11,6,-11,6,-10,6,-10,6,-10,5,-10,4,-10,4,-10,3,-9,3,-9,2,-10,2,-10,1,-10,1,-10,0,-10,0,-11,0,-11,0,-11,0,-12,-1,-12,0,-12,0,-13,0,0,1,-13,1,-13,1,-12,1,-12,1,-12,1,-12,1,-11,1,-11,0,-11,0,-11,0,-11,0,-11,0,-11,0,-11,1,-11,1,-11,1,-11,2,-11,3,-11,3,-10,4,-10,4,-10,4,-9,5,-8,5,-8,5,-7,0,0,0,0,0,0,0,0,0,0,0,0,0,0,-76,20,-70,14,-74,19,-69,21,-67,20,-68,22,-65,19,-72,24,-63,21,-67,19,-61,17,-60,14,-55,17,-51,18,-55,19,-51,20,-44,27,-45,28,-45,29,-40,31,-41,35,-41,35,-43,40,-35,40,-43,41,-36,45,-44,43,-43,52,-44,54,-44,52,-47,50,-48,48,-47,44,-46,48,-44,45,-47,44,-46,40,-40,39,-40,40,-43,42,-37,38,-36,45,-43,40,-38,43,-43,43,-42,41,-44,39,-45,42,-51,35,-47,29,-47,30,-50,24,-46,24,-47,18,-49,15,-48,12,-46,7,0,0,0,0,0,0,0,0,0,0,0,0,0,0,0,0,0,0,0,0,0,0,12,-18,13,-17,13,-18,17,-15,15,-15,16,-15,12,-15,15,-16,13,-14,16,-16,16,-17,14,-15,18,-18,18,-16,21,-13,17,-13,17,-14,21,-10,17,-6,13,-5,10,-7,8,-3,6,-2,4,-4,0,-6,-2,-7,-8,-4,-12,-9,-19,-10,-18,-15,-20,-14,-28,-23,-24,-25,-27,-29,-33,-35,-27,-36,-28,-39,-27,-43,-30,-47,-31,-51,-31,-54,-30,-53,-32,-58,-30,-55,-31,-60,-33,-62,-29,-63,-28,-64,-29,-67,-32,-68,-33,-72,-30,-73,-28,-76,-25,-74,-30,-82,-24,-80,-20,-77,0,0]",1
CSI_DATA,53392,1a:00:00:00:00:00,-30,11,1,0,1,1,1,0,0,0,1,-97,0,11,2,719030508,0,44,0,384,0,"[0,0,0,0,0,0,0,0,0,0,0,0,11,7,11,6,11,6,11,6,11,6,11,6,10,6,10,6,9,5,9,4,9,4,9,4,9,3,9,3,9,2,9,1,9,1,9,0,10,0,10,0,10,-1,11,-1,11,-1,11,-1,12,-1,12,-1,0,0,12,0,12,0,12,0,12,0,11,0,11,0,11,0,10,0,10,-1,10,-1,11,-2,10,-1,11,-1,11,-1,11,0,11,0,11,0,11,1,11,1,10,2,10,3,9,3,9,4,8,4,8,4,7,4,0,0,0,0,0,0,0,0,0,0,0,0,0,0,-11,-79,-10,-72,-16,-70,-11,-70,-16,-69,-14,-71,-18,-66,-18,-72,-16,-67,-15,-64,-12,-62,-14,-60,-14,-60,-19,-56,-19,-52,-20,-49,-23,-49,-28,-47,-28,-47,-29,-42,-36,-42,-38,-40,-37,-39,-40,-40,-44,-38,-41,-44,-45,-40,-49,-37,-47,-45,-50,-44,-48,-47,-47,-49,-43,-47,-43,-46,-42,-50,-40,-45,-40,-42,-38,-47,-42,-41,-41,-41,-37,-39,-43,-38,-44,-41,-47,-41,-44,-43,-44,-43,-40,-46,-40,-47,-37,-43,-33,-45,-31,-50,-26,-46,-22,-50,-22,-50,-16,-48,-12,-42,-8,-44,0,0,0,0,0,0,0,0,0,0,0,0,0,0,0,0,0,0,0,0,0,0,17,13,16,16,17,16,14,17,11,15,13,13,11,17,12,12,12,11,14,14,13,16,13,18,13,15,12,19,14,19,10,18,9,21,8,20,6,17,4,17,5,13,2,8,4,5,8,2,3,-1,4,-3,6,-4,7,-9,11,-14,14,-18,19,-22,22,-22,28,-23,29,-26,31,-24,41,-25,39,-27,46,-29,49,-27,52,-31,51,-26,56,-26,58,-26,61,-26,60,-27,63,-26,66,-23,67,-24,73,-25,69,-23,74,-22,76,-28,80,-22,72,-20,80,-20,85,-16,76,-15,0,0]",1
CSI_DATA,53393,1a:00:00:00:00:00,-30,11,1,0,1,1,1,0,0,0,1,-97,0,11,2,719050498,0,44,0,384,0,"[0,0,0,0,0,0,0,0,0,0,0,0,-13,-6,-13,-6,-12,-6,-12,-6,-12,-6,-12,-6,-11,-5,-11,-5,-11,-5,-10,-4,-10,-4,-10,-3,-10,-3,-10,-2,-10,-2,-10,-1,-10,-1,-10,0,-10,0,-11,0,-11,1,-11,1,-11,1,-12,2,-12,1,-12,1,0,0,-13,1,-12,1,-12,0,-12,0,-12,0,-12,0,-11,0,-11,0,-11,1,-11,1,-11,1,-11,1,-11,1,-11,1,-11,0,-12,0,-11,0,-11,-1,-11,-1,-11,-2,-11,-3,-10,-3,-10,-4,-9,-4,-9,-4,-8,-5,0,0,0,0,0,0,0,0,0,0,0,0,0,0,32,69,31,68,35,66,36,63,33,60,33,61,34,60,36,59,31,59,36,57,32,56,30,52,34,50,33,48,30,47,36,42,34,39,34,35,34,35,41,32,41,27,42,31,44,26,47,27,47,28,52,27,55,27,57,31,59,29,61,27,58,30,56,33,55,36,54,29,51,35,50,36,52,34,48,32,48,31,48,30,46,29,48,29,50,30,51,28,50,31,49,31,47,35,46,37,44,40,44,38,41,43,37,43,29,42,29,44,25,43,22,42,21,43,0,0,0,0,0,0,0,0,0,0,0,0,0,0,0,0,0,0,0,0,0,0,-22,-3,-20,-5,-23,-8,-21,-10,-20,-10,-20,-9,-21,-10,-18,-14,-18,-10,-17,-10,-22,-10,-17,-10,-20,-13,-20,-14,-19,-15,-18,-15,-19,-14,-17,-12,-14,-13,-14,-10,-7,-10,-7,-7,-8,-7,-4,-4,-6,2,-3,4,-4,8,-4,10,-4,17,-8,20,-12,23,-13,27,-16,29,-18,36,-24,35,-26,39,-30,40,-37,40,-38,42,-38,44,-43,44,-43,46,-47,45,-45,42,-49,44,-52,48,-54,45,-55,46,-58,48,-60,46,-60,48,-65,47,-65,46,-65,47,-72,46,-71,43,-75,41,0,0]",1
CSI_DATA,53394,1a:00:00:00:00:00,-30,11,1,0,1,1,1,0,0,0,1,-97,0,11,2,719060496,0,44,0,384,0,"[0,0,0,0,0,0,0,0,0,0,0,0,4,-13,4,-12,4,-13,4,-12,4,-13,4,-12,4,-11,3,-11,3,-11,3,-11,2,-11,2,-10,1,-10,1,-10,0,-10,0,-10,-1,-10,-1,-10,-2,-10,-2,-11,-2,-11,-3,-11,-3,-11,-3,-12,-3,-12,-3,-12,0,0,-2,-12,-2,-13,-2,-12,-2,-12,-2,-12,-2,-12,-2,-11,-2,-11,-2,-11,-2,-11,-3,-11,-3,-11,-3,-11,-2,-11,-2,-12,-2,-11,-1,-12,-1,-11,0,-11,0,-11,1,-11,2,-11,2,-10,2,-9,3,-9,3,-8,0,0,0,0,0,0,0,0,0,0,0,0,0,0,-74,31,-69,25,-67,27,-65,29,-64,31,-62,30,-61,30,-60,32,-56,29,-60,29,-55,26,-55,27,-51,28,-50,30,-48,27,-45,27,-39,30,-38,34,-37,33,-30,37,-32,39,-32,39,-29,41,-32,46,-31,45,-32,51,-30,53,-31,53,-34,54,-35,57,-38,56,-39,54,-38,55,-36,51,-36,52,-36,46,-35,48,-33,43,-32,43,-34,46,-31,42,-33,45,-32,49,-32,48,-35,48,-31,50,-35,44,-38,45,-34,39,-38,38,-44,38,-44,33,-45,31,-50,26,-44,22,-46,19,-44,17,0,0,0,0,0,0,0,0,0,0,0,0,0,0,0,0,0,0,0,0,0,0,8,-21,12,-21,9,-20,11,-15,13,-19,13,-16,10,-16,8,-17,10,-17,8,-19,13,-15,12,-18,12,-16,16,-21,14,-19,13,-14,17,-12,16,-11,11,-11,12,-10,7,-8,10,-8,4,-6,1,-5,1,-5,-2,-5,-10,-5,-12,-9,-14,-10,-19,-7,-22,-11,-29,-17,-28,-16,-31,-22,-38,-24,-33,-31,-36,-34,-39,-38,-36,-40,-40,-44,-39,-43,-37,-47,-42,-49,-40,-49,-39,-51,-37,-54,-39,-56,-42,-59,-43,-62,-39,-64,-38,-65,-44,-67,-37,-72,-38,-69,-40,-73,-37,-74,-36,-72,0,0]",1
CSI_DATA,53395,1a:00:00:00:00:00,-30,11,1,0,1,1,1,0,0,0,1,-97,0,11,2,719070486,0,44,0,384,0,"[0,0,0,0,0,0,0,0,0,0,0,0,12,2,12,2,12,2,12,2,12,2,12,2,11,2,11,2,10,2,10,1,10,1,10,0,9,0,9,-1,9,-1,9,-2,9,-2,9,-3,9,-3,9,-3,9,-4,10,-4,10,-4,10,-5,11,-5,11,-5,0,0,11,-4,11,-4,11,-3,11,-3,10,-3,10,-3,10,-3,10,-3,10,-3,10,-4,10,-4,10,-4,10,-4,10,-3,10,-3,10,-3,10,-3,10,-2,10,-2,10,-1,10,0,10,1,10,1,9,1,8,2,8,2,0,0,0,0,0,0,0,0,0,0,0,0,0,0,-43,-71,-41,-65,-37,-61,-37,-60,-43,-64,-39,-55,-44,-58,-40,-57,-42,-55,-39,-52,-42,-50,-37,-50,-39,-47,-40,-44,-36,-44,-37,-38,-43,-36,-39,-34,-38,-30,-41,-30,-46,-26,-48,-27,-48,-23,-49,-26,-52,-24,-55,-24,-57,-24,-62,-22,-61,-28,-64,-23,-61,-26,-64,-29,-61,-33,-56,-31,-58,-30,-55,-33,-51,-31,-55,-27,-50,-27,-52,-24,-54,-24,-54,-19,-54,-23,-54,-24,-50,-28,-55,-26,-50,-29,-54,-28,-42,-32,-47,-34,-43,-36,-43,-39,-35,-42,-37,-42,-33,-41,-26,-43,-22,-40,0,0,0,0,0,0,0,0,0,0,0,0,0,0,0,0,0,0,0,0,0,0,22,4,22,5,22,7,21,10,20,7,19,4,20,5,17,8,16,7,19,7,20,10,21,10,18,9,18,9,18,10,19,12,16,13,15,11,14,13,10,11,9,8,6,7,5,9,5,3,2,-3,5,-8,3,-9,5,-13,2,-17,3,-20,8,-29,9,-28,14,-34,18,-35,22,-38,27,-37,26,-41,27,-49,34,-49,35,-44,38,-44,37,-49,44,-49,46,-49,40,-51,49,-52,51,-52,51,-54,51,-53,56,-52,58,-53,58,-57,62,-49,67,-50,68,-53,66,-47,69,-47,0,0]",1
CSI_DATA,53396,1a:00:00:00:00:00,-30,11,1,0,1,1,1,0,0,0,1,-97,0,11,2,719090486,0,44,0,384,0,"[0,0,0,0,0,0,0,0,0,0,0,0,-14,-2,-14,-1,-14,-1,-14,-1,-13,-1,-13,-1,-13,-2,-12,-1,-12,-1,-11,-1,-11,0,-11,0,-11,0,-10,1,-10,1,-10,2,-10,2,-10,3,-10,4,-10,4,-10,4,-10,4,-11,5,-11,5,-11,5,-12,5,0,0,-12,5,-12,4,-12,4,-12,4,-12,4,-11,3,-11,3,-10,3,-11,4,-10,4,-10,4,-10,4,-11,4,-11,4,-11,4,-11,3,-11,3,-11,2,-11,2,-11,1,-12,0,-11,0,-11,-1,-10,-1,-10,-2,-9,-3,0,0,0,0,0,0,0,0,0,0,0,0,0,0,48,60,41,55,46,58,46,56,46,50,46,53,46,49,52,52,47,46,46,47,44,48,42,46,43,41,39,35,41,38,41,34,43,29,45,26,44,26,44,23,51,19,48,16,51,13,53,15,56,13,56,13,60,12,62,14,61,15,65,14,65,16,63,19,61,21,58,17,60,22,56,22,53,22,52,20,55,19,54,15,54,13,54,14,55,14,57,11,53,16,54,16,57,21,58,22,54,23,50,26,50,28,46,30,45,31,40,34,38,36,35,36,28,36,0,0,0,0,0,0,0,0,0,0,0,0,0,0,0,0,0,0,0,0,0,0,-24,-2,-26,-2,-25,-4,-23,-5,-21,-9,-18,-4,-20,-3,-19,-7,-22,-4,-17,-7,-22,-6,-21,-7,-22,-7,-22,-8,-21,-10,-21,-11,-18,-11,-18,-13,-16,-13,-10,-10,-14,-11,-9,-7,-9,-3,-6,-2,-6,2,-4,5,-1,9,-3,11,-3,17,-5,19,-6,25,-6,32,-10,31,-14,36,-16,39,-17,41,-21,45,-26,47,-31,48,-31,49,-33,48,-36,49,-43,48,-39,51,-40,51,-35,58,-49,66,-38,55,-48,47,-48,58,-50,56,-51,63,-57,57,-59,54,-60,61,-62,56,-61,51,0,0]",1
CSI_DATA,53397,1a:00:00:00:00:00,-30,11,1,0,1,1,1,0,0,0,1,-97,0,11,2,719100498,0,44,0,384,0,"[0,0,0,0,0,0,0,0,0,0,0,0,1,-14,1,-14,1,-14,1,-14,1,-13,1,-13,1,-13,0,-12,0,-12,0,-11,0,-11,-1,-11,-1,-10,-2,-10,-2,-10,-3,-10,-3,-9,-4,-10,-5,-10,-5,-10,-5,-10,-6,-10,-6,-11,-6,-11,-6,-11,-6,-11,0,0,-6,-12,-6,-12,-6,-12,-5,-12,-5,-11,-5,-11,-5,-11,-5,-10,-5,-10,-5,-10,-6,-10,-6,-10,-5,-11,-6,-10,-5,-11,-5,-11,-5,-11,-4,-11,-4,-11,-3,-11,-2,-11,-2,-11,-1,-11,0,-10,1,-10,1,-9,0,0,0,0,0,0,0,0,0,0,0,0,0,0,-62,50,-58,50,-53,47,-54,47,-50,47,-47,48,-47,52,-50,51,-46,49,-45,45,-43,47,-44,44,-41,46,-35,43,-35,42,-30,45,-30,42,-25,46,-22,46,-20,49,-18,49,-18,52,-12,50,-15,55,-11,54,-12,57,-11,59,-10,62,-13,62,-13,67,-14,69,-18,65,-16,63,-14,60,-16,59,-20,60,-19,55,-17,56,-15,56,-16,59,-12,54,-11,56,-13,57,-10,59,-16,57,-12,56,-17,56,-18,58,-21,55,-23,52,-22,51,-28,49,-28,45,-31,45,-33,38,-33,36,-37,30,0,0,0,0,0,0,0,0,0,0,0,0,0,0,0,0,0,0,0,0,0,0,2,-24,4,-21,3,-24,5,-22,6,-19,6,-20,7,-20,5,-17,5,-22,3,-21,5,-19,3,-19,7,-20,7,-22,5,-20,11,-19,9,-22,9,-18,7,-16,9,-14,7,-9,5,-10,4,-6,0,-6,-1,-4,-6,-5,-11,-3,-12,-3,-15,-3,-23,-4,-25,-6,-30,-5,-33,-8,-38,-15,-42,-14,-42,-21,-47,-23,-42,-25,-46,-28,-50,-30,-52,-36,-54,-35,-52,-38,-57,-41,-50,-37,-59,-37,-59,-39,-59,-43,-57,-46,-59,-49,-55,-51,-61,-52,-60,-53,-59,-54,-61,-62,-57,-57,-54,-61,0,0]",1
CSI_DATA,53398,1a:00:00:00:00:00,-30,11,1,0,1,1,1,0,0,0,1,-97,0,11,2,719110506,0,44,0,384,0,"[0,0,0,0,0,0,0,0,0,0,0,0,14,0,13,0,13,0,13,0,13,0,12,0,12,0,12,0,11,0,11,0,11,-1,10,-1,10,-2,9,-2,9,-2,9,-4,9,-4,9,-4,9,-5,9,-6,9,-6,9,-6,10,-6,10,-7,10,-7,10,-7,0,0,11,-6,11,-6,10,-6,11,-6,10,-5,10,-5,10,-5,9,-5,9,-6,9,-6,9,-6,9,-6,9,-6,9,-6,10,-6,10,-5,10,-5,10,-5,10,-4,10,-3,10,-3,10,-2,10,-1,9,-1,9,0,8,1,0,0,0,0,0,0,0,0,0,0,0,0,0,0,-45,-62,-47,-58,-50,-56,-51,-58,-49,-53,-46,-55,-45,-52,-52,-55,-48,-51,-45,-50,-44,-46,-44,-47,-45,-42,-42,-39,-40,-40,-45,-36,-44,-31,-44,-25,-44,-25,-45,-20,-46,-22,-51,-20,-53,-13,-52,-14,-53,-18,-57,-15,-59,-14,-60,-17,-66,-18,-68,-17,-65,-19,-64,-24,-61,-21,-63,-20,-60,-19,-59,-25,-55,-23,-54,-24,-53,-23,-53,-17,-52,-17,-57,-15,-55,-21,-57,-14,-59,-17,-59,-17,-53,-21,-53,-25,-51,-25,-47,-27,-51,-35,-50,-33,-44,-36,-42,-36,-35,-37,-31,-35,-30,-37,0,0,0,0,0,0,0,0,0,0,0,0,0,0,0,0,0,0,0,0,0,0,23,0,23,4,19,0,18,5,21,0,19,5,19,6,19,3,19,5,19,5,18,5,23,5,19,5,17,7,19,8,19,9,19,9,17,8,16,9,15,10,13,8,10,5,5,1,6,-3,4,-2,3,-9,4,-10,2,-11,-1,-18,1,-26,2,-29,2,-33,10,-37,13,-38,16,-42,21,-40,18,-47,26,-47,26,-51,26,-50,31,-50,30,-54,36,-53,39,-49,33,-54,45,-52,39,-58,45,-60,43,-60,49,-59,48,-59,51,-61,56,-59,55,-58,61,-62,60,-57,62,-53,0,0]",1
CSI_DATA,53399,1a:00:00:00:00:00,-30,11,1,0,1,1,1,0,0,0,1,-97,0,11,2,719130506,0,44,0,384,0,"[0,0,0,0,0,0,0,0,0,0,0,0,-13,1,-13,1,-13,2,-13,2,-13,1,-13,1,-12,1,-12,1,-12,1,-11,1,-11,2,-10,2,-10,2,-9,3,-9,3,-9,4,-9,4,-8,5,-8,6,-8,6,-8,6,-9,6,-9,7,-9,7,-9,7,-10,8,0,0,-10,7,-10,7,-10,7,-10,6,-10,6,-10,6,-9,6,-9,6,-9,6,-9,6,-9,7,-9,6,-9,6,-9,6,-9,6,-10,6,-10,6,-10,5,-10,4,-10,4,-11,3,-10,2,-10,2,-10,1,-10,0,-9,0,0,0,0,0,0,0,0,0,0,0,0,0,0,0,55,50,53,50,54,49,53,46,53,47,53,44,54,43,52,41,47,43,49,40,49,36,48,37,48,35,47,32,43,30,48,28,46,23,47,21,45,20,46,17,50,14,50,12,53,4,56,7,57,7,55,6,60,3,64,8,65,6,65,8,65,8,67,12,62,12,66,11,61,13,60,12,56,12,54,12,57,9,55,9,52,5,57,5,55,9,58,6,59,10,58,8,54,10,56,15,54,17,56,17,51,23,52,22,46,24,45,29,41,30,36,26,32,30,0,0,0,0,0,0,0,0,0,0,0,0,0,0,0,0,0,0,0,0,0,0,-26,4,-23,2,-21,-1,-23,-3,-18,-2,-23,-1,-20,-3,-22,-5,-21,-3,-22,-4,-23,-4,-24,-5,-21,-4,-26,-6,-22,-4,-24,-8,-16,-8,-18,-9,-16,-10,-14,-8,-10,-6,-11,-7,-8,-4,-6,-1,-8,-1,-4,10,0,7,-3,16,-1,15,-2,21,1,25,-6,31,-6,36,-10,37,-11,44,-15,42,-16,45,-22,53,-21,53,-23,52,-26,54,-24,56,-31,57,-31,56,-32,59,-34,57,-35,60,-36,62,-41,67,-40,62,-43,66,-43,66,-47,70,-49,63,-49,66,-53,68,-51,60,0,0]",1
CSI_DATA,53400,1a:00:00:00:00:00,-30,11,1,0,1,1,1,0,0,0,1,-97,0,11,2,719140478,0,44,0,384,0,"[0,0,0,0,0,0,0,0,0,0,0,0,-6,-13,-6,-12,-6,-13,-6,-12,-6,-13,-6,-12,-6,-11,-5,-11,-5,-11,-5,-11,-5,-10,-6,-9,-5,-9,-6,-9,-6,-8,-7,-7,-7,-7,-8,-7,-8,-6,-9,-7,-9,-7,-10,-6,-10,-7,-10,-7,-11,-7,-10,-7,0,0,-10,-8,-11,-8,-10,-8,-10,-8,-9,-8,-9,-8,-9,-8,-9,-7,-9,-7,-9,-7,-9,-7,-9,-7,-9,-7,-9,-7,-10,-7,-9,-8,-9,-8,-8,-8,-8,-8,-7,-9,-7,-10,-6,-10,-5,-10,-4,-9,-3,-10,-3,-9,0,0,0,0,0,0,0,0,0,0,0,0,0,0,-14,73,-17,68,-12,75,-12,67,-12,64,-12,69,-9,64,-10,72,-9,64,-11,61,-10,60,-12,60,-5,58,-4,57,-4,51,-5,51,3,53,6,46,5,50,8,48,17,47,14,45,20,51,20,49,17,50,27,51,25,52,27,54,26,58,25,56,26,60,26,62,27,57,27,58,20,52,21,56,20,54,18,53,20,52,21,51,21,48,23,48,21,52,27,52,22,52,24,52,19,53,18,53,17,55,13,53,12,53,3,55,3,52,1,48,-5,50,-6,45,-10,44,0,0,0,0,0,0,0,0,0,0,0,0,0,0,0,0,0,0,0,0,0,0,-12,-21,-13,-21,-8,-20,-8,-22,-7,-19,-9,-19,-7,-15,-7,-19,-8,-18,-6,-18,-7,-20,-7,-18,-8,-23,-4,-19,-4,-23,-4,-21,-4,-19,-2,-18,-1,-20,0,-17,1,-13,-4,-14,-2,-8,-3,-4,-4,-3,-6,1,-7,2,-11,7,-16,5,-21,10,-25,12,-29,11,-31,8,-38,12,-46,10,-46,8,-48,10,-52,8,-54,4,-56,6,-59,5,-59,5,-64,1,-63,1,-67,-2,-61,1,-71,-1,-69,-1,-73,-4,-77,-5,-79,-5,-77,-6,-80,-10,-78,-10,-83,-9,-84,-15,-77,-13,0,0]",1
CSI_DATA,53401,1a:00:00:00:00:00,-30,11,1,0,1,1,1,0,0,0,1,-97,0,11,2,719150510,0,44,0,384,0,"[0,0,0,0,0,0,0,0,0,0,0,0,12,-4,12,-5,12,-5,12,-5,11,-4,11,-4,11,-4,10,-4,10,-4,9,-5,9,-5,8,-5,8,-5,7,-5,7,-6,7,-6,7,-6,6,-7,6,-8,6,-8,6,-8,6,-9,6,-9,6,-10,7,-10,7,-10,0,0,8,-9,8,-9,8,-9,8,-9,7,-8,8,-8,7,-8,7,-8,7,-8,6,-8,6,-9,6,-9,7,-9,7,-9,7,-8,8,-8,8,-8,8,-7,8,-7,8,-6,9,-6,9,-5,9,-4,8,-4,8,-3,8,-2,0,0,0,0,0,0,0,0,0,0,0,0,0,0,-66,-43,-58,-43,-60,-35,-60,-40,-61,-35,-59,-35,-57,-33,-59,-34,-56,-32,-55,-33,-53,-32,-55,-30,-53,-26,-51,-23,-47,-19,-49,-18,-50,-15,-50,-13,-51,-10,-49,-10,-51,-4,-49,0,-50,1,-52,-1,-54,4,-62,5,-60,7,-60,4,-61,6,-66,7,-67,5,-67,2,-64,-6,-63,0,-63,0,-64,-3,-60,-5,-57,-2,-55,-2,-56,1,-52,1,-55,5,-58,3,-62,5,-61,2,-58,-2,-57,-3,-57,-3,-58,-5,-53,-11,-54,-14,-55,-15,-50,-18,-49,-21,-44,-24,-41,-23,-35,-26,0,0,0,0,0,0,0,0,0,0,0,0,0,0,0,0,0,0,0,0,0,0,21,-8,22,-2,17,-1,20,0,20,1,19,1,19,1,19,0,22,0,22,0,20,-1,20,0,18,-1,21,1,20,-1,20,4,21,5,17,6,14,7,11,8,11,1,8,3,7,0,4,-1,3,-5,1,-8,-3,-9,3,-14,-4,-18,-3,-23,-3,-26,-4,-31,0,-35,6,-42,1,-42,9,-46,6,-50,9,-47,14,-56,11,-57,16,-57,15,-56,17,-60,19,-60,19,-61,23,-67,23,-64,27,-64,30,-72,27,-69,30,-69,32,-71,38,-74,38,-66,36,-70,38,-68,43,-69,0,0]",1
CSI_DATA,53402,1a:00:00:00:00:00,-30,11,1,0,1,1,1,0,0,0,1,-97,0,11,2,719170480,0,44,0,384,0,"[0,0,0,0,0,0,0,0,0,0,0,0,-11,7,-11,7,-11,8,-11,7,-10,7,-10,7,-10,6,-10,6,-9,6,-8,6,-8,6,-7,7,-7,7,-6,7,-6,7,-5,7,-5,7,-5,8,-4,8,-4,9,-4,9,-4,10,-4,10,-4,10,-4,11,-4,11,0,0,-5,11,-5,11,-5,10,-5,10,-5,10,-5,9,-5,9,-5,9,-4,9,-4,9,-4,9,-4,10,-4,10,-4,10,-4,10,-5,10,-5,10,-5,9,-6,9,-7,8,-7,8,-7,7,-7,7,-7,6,-7,5,-7,4,0,0,0,0,0,0,0,0,0,0,0,0,0,0,75,22,72,19,72,15,69,16,66,11,67,11,67,13,72,12,62,10,63,12,59,9,58,15,56,9,54,8,54,3,55,-1,52,-2,50,-4,48,-4,46,-10,49,-17,48,-16,52,-20,47,-22,50,-19,52,-23,54,-25,54,-28,58,-32,58,-30,59,-26,64,-25,60,-25,62,-25,61,-20,64,-20,57,-16,53,-18,57,-16,55,-19,53,-25,51,-25,53,-23,55,-24,55,-24,55,-24,57,-19,57,-15,58,-16,58,-10,57,-6,56,-5,54,0,53,3,49,4,47,7,43,11,0,0,0,0,0,0,0,0,0,0,0,0,0,0,0,0,0,0,0,0,0,0,-21,11,-24,10,-20,11,-21,6,-18,6,-21,4,-20,9,-20,2,-20,7,-21,6,-19,9,-20,7,-20,8,-22,7,-24,5,-23,2,-18,3,-19,0,-20,-2,-14,-3,-13,-2,-11,-2,-6,-1,-3,0,-6,0,2,1,1,8,4,12,9,16,11,20,12,22,12,29,8,36,10,40,7,46,5,47,7,51,5,54,4,55,3,58,3,59,-1,61,-1,62,-1,64,-3,63,-1,67,0,71,-7,70,-7,77,-7,74,-9,77,-9,78,-15,79,-13,79,-9,80,-19,80,-24,78,0,0]",1
CSI_DATA,53403,1a:00:00:00:00:00,-30,11,1,0,1,1,1,0,0,0,1,-97,0,11,2,719180510,0,44,0,384,0,"[0,0,0,0,0,0,0,0,0,0,0,0,-8,-12,-8,-12,-8,-11,-7,-12,-7,-11,-7,-11,-7,-11,-7,-10,-7,-10,-7,-9,-7,-9,-7,-8,-7,-8,-7,-7,-8,-7,-8,-6,-8,-6,-9,-5,-9,-5,-10,-5,-10,-5,-10,-5,-11,-5,-12,-5,-12,-5,-12,-5,0,0,-12,-6,-11,-6,-12,-6,-11,-6,-11,-6,-11,-6,-10,-6,-10,-5,-10,-5,-10,-5,-11,-5,-10,-5,-10,-5,-11,-5,-10,-6,-11,-6,-10,-6,-10,-6,-10,-7,-9,-7,-8,-8,-8,-8,-7,-8,-6,-8,-6,-9,-5,-8,0,0,0,0,0,0,0,0,0,0,0,0,0,0,-15,77,-16,69,-10,72,-8,67,-11,69,-13,67,-8,64,-9,69,-9,63,-7,63,-8,61,-6,60,-5,60,-3,52,-1,52,2,53,5,50,6,49,11,48,10,45,16,48,18,45,26,47,23,50,20,49,25,50,26,51,28,55,30,54,30,57,29,56,27,59,24,57,31,61,21,56,23,60,21,55,22,56,19,50,21,51,23,46,24,51,24,52,25,57,26,55,25,53,22,55,18,57,15,55,16,51,12,58,8,54,4,55,-4,54,-3,50,-6,48,-7,43,0,0,0,0,0,0,0,0,0,0,0,0,0,0,0,0,0,0,0,0,0,0,-14,-16,-12,-22,-10,-17,-6,-19,-7,-20,-7,-19,-9,-19,-4,-19,-10,-20,-9,-20,-8,-20,-9,-20,-6,-23,-7,-23,-5,-23,-5,-21,-3,-19,-1,-16,-2,-17,2,-16,-1,-18,2,-11,-2,-8,-2,-4,-4,-1,-5,2,-10,4,-13,6,-17,11,-21,11,-21,14,-33,10,-38,14,-37,13,-43,12,-45,11,-48,8,-54,8,-54,7,-58,8,-60,2,-58,4,-66,2,-65,2,-68,3,-68,-3,-68,0,-73,0,-74,0,-76,-4,-78,-5,-81,-1,-81,-7,-79,-9,-83,-7,-84,-14,-80,-9,0,0]",1
CSI_DATA,53404,1a:00:00:00:00:00,-30,11,1,0,1,1,1,0,0,0,1,-97,0,11,2,719200506,0,44,0,384,0,"[0,0,0,0,0,0,0,0,0,0,0,0,8,10,8,10,8,10,7,10,7,10,7,9,7,9,7,9,6,8,6,8,6,7,7,7,7,6,7,5,7,5,8,4,8,4,8,4,9,3,9,3,9,3,10,3,10,3,11,3,11,3,11,4,0,0,11,4,11,4,11,4,10,4,10,5,10,4,10,4,9,4,9,4,9,3,10,3,10,3,10,4,10,3,10,4,10,4,10,5,9,5,9,5,8,6,8,7,7,7,6,7,6,7,5,7,4,7,0,0,0,0,0,0,0,0,0,0,0,0,0,0,11,-74,18,-74,12,-71,5,-72,10,-71,8,-64,4,-69,5,-67,6,-68,7,-63,6,-62,5,-61,2,-63,0,-56,3,-51,1,-51,-3,-58,-8,-49,-10,-47,-12,-48,-17,-48,-19,-50,-19,-48,-24,-48,-24,-50,-27,-52,-31,-53,-30,-58,-30,-59,-32,-58,-27,-61,-25,-60,-27,-64,-26,-60,-22,-62,-20,-59,-23,-57,-19,-53,-20,-53,-21,-54,-24,-52,-25,-52,-23,-53,-27,-52,-21,-53,-26,-55,-17,-55,-19,-58,-15,-52,-14,-55,-10,-58,-9,-56,-4,-53,-1,-54,4,-49,6,-47,13,-42,0,0,0,0,0,0,0,0,0,0,0,0,0,0,0,0,0,0,0,0,0,0,12,16,14,19,9,22,9,17,10,18,7,13,5,19,8,17,7,19,7,19,9,17,9,21,7,20,5,23,5,20,6,19,4,22,4,20,0,18,0,14,-1,14,0,8,-1,5,2,6,3,2,7,-3,7,-6,13,-7,15,-10,20,-10,22,-15,27,-16,33,-13,38,-14,41,-14,44,-12,50,-11,53,-12,55,-9,57,-7,59,-8,59,-9,59,-6,65,-8,61,-8,69,-6,72,-4,72,-6,72,-2,77,1,71,0,76,0,79,2,79,4,81,9,78,10,83,10,0,0]",1
CSI_DATA,53405,1a:00:00:00:00:00,-30,11,1,0,1,1,1,0,0,0,1,-97,0,11,2,719210482,0,44,0,384,0,"[0,0,0,0,0,0,0,0,0,0,0,0,-9,10,-9,10,-9,10,-9,10,-9,10,-9,9,-8,9,-8,9,-8,8,-7,8,-6,8,-6,8,-6,8,-5,8,-4,8,-4,9,-3,9,-3,9,-2,9,-2,10,-2,10,-2,10,-2,11,-1,11,-2,12,-2,12,0,0,-3,12,-3,12,-3,12,-3,11,-3,11,-3,11,-3,10,-3,10,-2,10,-2,10,-2,10,-2,10,-2,11,-2,11,-3,11,-3,11,-4,11,-4,10,-4,10,-5,10,-6,9,-6,9,-6,8,-6,7,-7,6,-7,6,0,0,0,0,0,0,0,0,0,0,0,0,0,0,78,-7,73,-2,69,-6,70,-6,70,-5,65,-6,66,-7,65,-5,70,-8,62,-5,62,-5,60,-9,58,-10,54,-11,51,-8,49,-14,49,-17,47,-21,46,-22,44,-25,44,-26,41,-30,39,-31,45,-35,44,-37,44,-39,45,-39,45,-43,48,-42,46,-45,50,-43,49,-43,51,-36,51,-41,52,-36,47,-35,50,-31,49,-32,46,-33,45,-37,43,-34,43,-37,42,-34,45,-41,42,-33,45,-35,49,-28,50,-34,46,-29,49,-29,51,-25,49,-23,52,-17,50,-14,50,-9,48,-7,43,0,0,0,0,0,0,0,0,0,0,0,0,0,0,0,0,0,0,0,0,0,0,0,-18,17,-20,13,-18,12,-15,11,-20,11,-17,7,-19,9,-17,10,-17,11,-14,14,-19,10,-19,11,-17,12,-18,14,-17,9,-19,9,-20,9,-17,6,-20,6,-17,2,-13,2,-10,5,-10,2,-2,3,0,3,1,6,6,4,7,9,14,14,14,15,18,20,18,25,20,27,20,33,23,36,20,43,21,48,19,49,20,54,20,55,17,57,17,60,13,55,17,65,16,60,18,61,18,68,17,69,18,70,18,74,15,73,15,79,12,79,10,80,11,80,5,78,9,83,0,0]",1
CSI_DATA,53406,1a:00:00:00:00:00,-30,11,1,0,1,1,1,0,0,0,1,-97,0,11,2,719220496,0,44,0,384,0,"[0,0,0,0,0,0,0,0,0,0,0,0,-10,-9,-10,-9,-10,-9,-10,-9,-10,-9,-10,-9,-9,-9,-9,-8,-9,-8,-9,-7,-9,-7,-9,-6,-9,-5,-9,-5,-9,-5,-9,-4,-10,-3,-10,-3,-10,-2,-11,-2,-11,-2,-11,-2,-12,-2,-12,-1,-13,-2,-12,-2,0,0,-13,-3,-12,-2,-13,-3,-12,-3,-12,-3,-12,-3,-11,-3,-11,-2,-11,-2,-11,-2,-11,-1,-11,-2,-11,-2,-11,-2,-12,-2,-12,-3,-11,-3,-11,-3,-11,-4,-11,-4,-10,-5,-10,-5,-9,-6,-8,-6,-8,-6,-7,-6,0,0,0,0,0,0,0,0,0,0,0,0,0,0,2,77,-2,73,-2,72,5,72,2,66,3,68,7,65,6,68,6,61,7,64,7,62,9,60,9,57,11,55,12,52,12,51,15,48,15,48,21,44,23,41,29,42,28,41,33,42,32,42,31,44,40,44,37,43,43,44,39,46,41,49,44,49,42,54,39,52,41,50,34,48,36,52,32,47,32,44,33,44,33,44,35,42,36,42,39,43,40,42,36,42,37,44,37,45,32,46,29,48,27,48,26,50,20,48,18,50,14,49,9,47,6,45,3,47,0,0,0,0,0,0,0,0,0,0,0,0,0,0,0,0,0,0,0,0,0,0,-18,-19,-13,-19,-13,-18,-12,-21,-12,-18,-9,-17,-11,-18,-12,-17,-8,-19,-12,-17,-8,-18,-12,-20,-7,-23,-10,-18,-8,-24,-8,-19,-9,-20,-6,-17,-2,-19,-3,-11,-1,-15,-1,-12,-3,-9,-4,-3,-6,-1,-6,1,-7,3,-10,8,-12,12,-19,15,-20,17,-23,18,-28,18,-33,17,-41,20,-43,18,-44,19,-50,17,-51,17,-57,16,-58,15,-60,19,-64,19,-60,14,-62,13,-67,19,-65,15,-71,14,-75,14,-73,15,-81,9,-79,14,-83,10,-78,5,-83,10,-88,6,-78,5,0,0]",1
CSI_DATA,53407,1a:00:00:00:00:00,-30,11,1,0,1,1,1,0,0,0,1,-97,0,11,2,719240477,0,44,0,384,0,"[0,0,0,0,0,0,0,0,0,0,0,0,11,7,11,6,11,6,11,6,10,6,10,6,9,6,9,6,9,5,9,5,9,4,9,4,9,3,8,2,9,2,9,1,9,1,9,0,9,0,9,0,10,0,10,-1,11,-1,11,-1,11,-1,12,-1,0,0,12,0,12,-1,12,-1,12,0,11,0,11,0,10,0,10,0,10,0,10,-1,10,-1,10,-1,11,-1,11,-1,11,0,11,0,11,0,10,1,10,1,10,2,10,3,9,3,9,4,8,4,8,4,7,4,0,0,0,0,0,0,0,0,0,0,0,0,0,0,-14,-78,-12,-75,-16,-71,-15,-70,-19,-69,-17,-69,-20,-66,-18,-71,-20,-65,-18,-61,-19,-61,-21,-60,-22,-59,-23,-53,-22,-51,-23,-50,-23,-47,-28,-45,-27,-46,-31,-39,-36,-38,-36,-36,-42,-34,-42,-33,-45,-35,-46,-38,-49,-38,-49,-38,-51,-40,-55,-40,-53,-44,-54,-44,-48,-47,-50,-44,-49,-44,-47,-44,-43,-42,-45,-43,-45,-39,-48,-40,-46,-39,-45,-34,-48,-40,-48,-38,-48,-38,-46,-36,-45,-38,-46,-44,-39,-42,-38,-41,-38,-43,-31,-44,-31,-46,-25,-45,-23,-45,-20,-49,-12,-46,0,0,0,0,0,0,0,0,0,0,0,0,0,0,0,0,0,0,0,0,0,0,19,15,18,16,14,18,13,20,14,17,11,14,11,15,12,17,13,16,12,18,6,17,11,16,14,17,13,19,15,17,12,17,10,19,10,19,4,16,4,15,3,13,4,9,4,5,3,4,3,-1,5,0,6,-10,9,-13,13,-14,13,-18,20,-20,21,-21,26,-24,34,-30,37,-25,41,-25,44,-27,44,-27,49,-27,53,-29,59,-28,55,-29,57,-29,60,-23,59,-28,62,-28,67,-31,69,-29,71,-28,72,-25,73,-27,75,-29,82,-24,76,-27,84,-24,85,-20,79,-18,0,0]",1
CSI_DATA,53408,1a:00:00:00:00:00,-30,11,1,0,1,1,1,0,0,0,1,-97,0,11,2,719250509,0,44,0,384,0,"[0,0,0,0,0,0,0,0,0,0,0,0,-8,11,-8,11,-8,11,-8,10,-8,11,-7,10,-7,10,-7,9,-7,9,-6,9,-6,9,-5,9,-5,8,-4,9,-3,8,-3,9,-2,9,-2,9,-1,9,-1,10,-1,10,-1,10,0,11,0,11,0,12,0,12,0,0,-1,12,-1,12,-1,12,-1,12,-1,11,-2,11,-2,11,-1,10,-1,10,-1,11,0,10,-1,10,-1,11,-1,11,-1,11,-1,11,-2,11,-2,11,-3,10,-4,10,-4,10,-5,9,-5,9,-5,8,-6,7,-6,6,0,0,0,0,0,0,0,0,0,0,0,0,0,0,74,-14,71,-22,71,-20,68,-21,65,-19,65,-21,65,-21,68,-20,60,-19,61,-18,56,-19,55,-21,58,-19,51,-20,50,-23,45,-23,47,-29,41,-27,43,-26,39,-30,38,-38,36,-36,36,-39,32,-40,37,-44,37,-45,37,-46,39,-48,37,-52,39,-49,40,-51,48,-48,47,-43,44,-48,41,-44,47,-43,41,-39,44,-38,43,-38,39,-42,39,-43,39,-42,37,-43,38,-46,36,-44,40,-43,40,-39,43,-39,45,-37,46,-34,49,-28,48,-29,49,-23,48,-21,44,-16,43,-16,44,-8,0,0,0,0,0,0,0,0,0,0,0,0,0,0,0,0,0,0,0,0,0,0,-8,18,-11,21,-13,18,-14,15,-13,15,-14,17,-14,15,-13,15,-14,12,-12,15,-14,17,-14,13,-14,14,-15,16,-19,15,-14,16,-19,15,-18,10,-14,7,-13,7,-11,4,-9,5,-6,2,-6,3,0,3,2,3,8,5,12,6,14,5,20,14,22,13,26,17,24,21,27,25,29,29,31,31,30,35,35,40,30,45,31,47,34,50,32,49,31,52,30,56,35,56,29,58,34,59,28,62,34,68,32,67,31,70,32,71,29,76,26,74,31,77,27,80,28,76,0,0]",1
CSI_DATA,53409,1a:00:00:00:00:00,-30,11,1,0,1,1,1,0,0,0,1,-97,0,11,2,719260487,0,44,0,384,0,"[0,0,0,0,0,0,0,0,0,0,0,0,-13,-6,-13,-5,-13,-5,-13,-5,-12,-5,-12,-5,-12,-5,-12,-5,-11,-5,-11,-4,-11,-4,-10,-3,-10,-2,-10,-2,-10,-2,-10,0,-10,0,-10,0,-10,1,-11,1,-11,1,-11,2,-12,2,-12,2,-12,2,-13,2,0,0,-13,1,-13,1,-13,1,-13,1,-12,1,-12,1,-12,1,-11,1,-11,1,-11,1,-11,2,-11,2,-11,1,-11,1,-12,1,-12,1,-12,0,-12,0,-12,-1,-12,-1,-11,-2,-11,-3,-11,-3,-10,-4,-9,-4,-8,-4,0,0,0,0,0,0,0,0,0,0,0,0,0,0,26,72,30,69,31,64,29,64,30,66,30,59,31,61,30,59,30,55,27,56,27,54,27,52,27,51,28,49,29,46,31,43,33,43,33,39,32,33,36,34,39,30,40,30,43,29,45,28,44,31,50,27,52,26,53,30,53,32,55,29,59,31,55,34,51,35,55,32,52,35,50,35,48,34,45,34,47,33,45,31,45,27,47,31,46,31,50,29,49,30,48,29,47,33,46,38,45,34,44,34,39,40,36,42,34,44,29,45,23,43,21,41,18,41,0,0,0,0,0,0,0,0,0,0,0,0,0,0,0,0,0,0,0,0,0,0,-20,-8,-22,-6,-23,-9,-19,-15,-20,-12,-19,-8,-14,-12,-18,-11,-17,-11,-16,-11,-16,-14,-17,-14,-14,-12,-17,-10,-15,-16,-18,-15,-17,-15,-11,-16,-12,-14,-9,-11,-11,-10,-6,-8,-6,-6,-5,-2,-2,-2,-4,3,-7,6,-7,11,-7,17,-9,20,-12,21,-11,26,-20,28,-23,31,-27,37,-30,37,-32,36,-36,35,-42,36,-44,39,-44,37,-48,40,-50,37,-54,38,-53,41,-47,43,-53,44,-58,44,-60,42,-63,40,-65,40,-69,44,-72,39,-70,38,-75,39,-76,39,-73,40,0,0]",1
CSI_DATA,53410,1a:00:00:00:00:00,-31,11,1,0,1,1,1,0,0,0,1,-97,0,11,2,719280490,0,44,0,384,0,"[0,0,0,0,0,0,0,0,0,0,0,0,12,4,12,3,12,3,12,3,11,3,11,3,11,3,10,3,10,3,9,2,9,2,9,1,9,1,9,0,9,0,9,-1,9,-1,9,-2,9,-2,9,-3,9,-3,10,-3,10,-3,10,-4,11,-4,11,-4,0,0,12,-3,11,-3,11,-3,11,-3,11,-2,10,-2,10,-2,10,-2,10,-3,10,-3,10,-3,10,-3,10,-3,10,-3,10,-2,10,-2,10,-2,10,-1,10,-1,10,0,10,1,10,2,9,2,8,2,8,3,7,3,0,0,0,0,0,0,0,0,0,0,0,0,0,0,-36,-70,-36,-68,-36,-66,-36,-60,-39,-61,-40,-60,-40,-60,-38,-59,-37,-57,-38,-54,-39,-49,-37,-50,-42,-49,-36,-45,-33,-42,-36,-42,-38,-36,-40,-34,-39,-34,-40,-28,-46,-25,-47,-22,-51,-21,-48,-20,-55,-22,-56,-21,-57,-22,-59,-20,-61,-27,-62,-22,-64,-26,-62,-30,-61,-29,-61,-29,-60,-30,-57,-31,-54,-26,-50,-30,-54,-26,-54,-25,-54,-24,-51,-22,-51,-25,-57,-25,-53,-24,-56,-29,-57,-31,-53,-30,-49,-31,-53,-34,-47,-35,-44,-36,-42,-41,-37,-43,-32,-43,-30,-38,-22,-42,0,0,0,0,0,0,0,0,0,0,0,0,0,0,0,0,0,0,0,0,0,0,24,5,22,5,20,9,20,10,17,9,16,9,18,8,19,10,18,8,16,12,16,8,21,12,15,11,16,13,17,15,20,12,17,13,16,13,14,14,7,8,5,8,7,8,6,8,3,3,7,2,1,-5,4,-9,4,-13,3,-21,6,-23,6,-30,10,-31,14,-33,20,-34,26,-38,26,-40,32,-38,37,-41,37,-44,36,-44,42,-46,42,-52,45,-41,47,-48,44,-47,46,-46,49,-50,54,-49,55,-55,59,-51,58,-51,65,-54,67,-48,69,-49,75,-53,71,-48,72,-47,0,0]",1
CSI_DATA,53411,1a:00:00:00:00:00,-31,11,1,0,1,1,1,0,0,0,1,-97,0,11,2,719290490,0,44,0,384,0,"[0,0,0,0,0,0,0,0,0,0,0,0,-3,12,-3,12,-3,12,-3,12,-3,12,-3,11,-3,11,-3,10,-3,10,-2,10,-2,10,-1,9,-1,9,0,9,0,9,1,8,1,8,2,8,2,9,3,9,3,9,3,9,3,10,4,10,4,10,4,10,0,0,3,11,3,11,3,11,3,11,2,10,2,10,2,10,2,10,3,9,3,9,3,9,3,10,3,10,3,10,2,10,2,10,2,10,1,10,1,10,0,10,-1,10,-2,10,-2,9,-2,9,-3,8,-4,7,0,0,0,0,0,0,0,0,0,0,0,0,0,0,71,-36,65,-34,63,-36,63,-39,60,-38,61,-38,57,-36,62,-34,55,-37,51,-37,55,-37,49,-34,47,-33,41,-36,42,-34,42,-37,37,-39,34,-36,32,-41,31,-39,27,-43,26,-45,25,-48,24,-50,21,-51,24,-52,23,-57,27,-55,27,-64,28,-58,27,-60,34,-62,30,-58,28,-58,32,-56,30,-52,29,-50,30,-53,27,-53,25,-52,27,-50,27,-53,26,-55,25,-56,27,-56,27,-51,29,-50,26,-50,31,-47,33,-49,37,-46,41,-38,40,-38,41,-36,42,-28,40,-27,43,-21,0,0,0,0,0,0,0,0,0,0,0,0,0,0,0,0,0,0,0,0,0,0,-6,23,-9,20,-11,21,-10,18,-12,17,-11,17,-9,17,-12,19,-11,19,-10,20,-12,19,-12,15,-11,20,-12,20,-13,17,-14,15,-15,18,-18,12,-15,11,-13,13,-9,7,-13,5,-9,2,-3,4,-2,4,6,4,6,4,10,2,17,5,22,8,24,8,27,13,32,15,32,20,36,24,39,28,39,31,40,35,41,39,40,41,46,40,44,41,42,47,44,48,41,50,50,52,49,52,48,53,50,57,47,61,49,63,51,60,47,68,49,68,47,69,45,73,43,71,0,0]",1
CSI_DATA,53412,1a:00:00:00:00:00,-31,11,1,0,1,1,1,0,0,0,1,-97,0,11,2,719300491,0,44,0,384,0,"[0,0,0,0,0,0,0,0,0,0,0,0,-14,-4,-13,-4,-13,-3,-13,-4,-13,-4,-12,-3,-12,-3,-11,-3,-11,-3,-11,-3,-11,-2,-11,-2,-10,-1,-10,-1,-10,0,-10,1,-9,1,-10,2,-10,2,-10,2,-10,3,-10,3,-11,3,-11,4,-11,4,-12,4,0,0,-12,3,-12,4,-12,3,-12,3,-12,3,-11,3,-11,2,-11,3,-11,3,-11,3,-11,4,-11,3,-11,3,-11,3,-11,3,-11,3,-12,2,-11,2,-12,1,-11,1,-11,0,-11,0,-11,-2,-10,-2,-10,-3,-9,-3,0,0,0,0,0,0,0,0,0,0,0,0,0,0,43,60,43,57,43,54,45,49,45,54,46,49,44,49,45,51,43,44,40,47,41,41,43,44,43,39,39,33,40,34,45,30,40,27,41,24,45,25,41,21,45,14,43,16,48,11,52,9,53,12,55,11,54,9,55,16,62,12,61,12,61,11,64,13,63,20,62,17,61,16,56,21,54,18,51,14,54,17,53,13,53,14,54,11,56,12,55,12,57,13,53,14,54,17,56,20,50,22,51,24,51,25,45,28,45,31,42,31,37,29,33,32,30,35,0,0,0,0,0,0,0,0,0,0,0,0,0,0,0,0,0,0,0,0,0,0,-24,-3,-22,-6,-19,-11,-20,-10,-19,-10,-18,-7,-18,-9,-21,-9,-20,-9,-17,-8,-23,-8,-21,-6,-20,-10,-23,-11,-21,-11,-19,-14,-16,-12,-19,-13,-14,-13,-9,-11,-8,-8,-7,-9,-9,-6,-4,-2,-3,-2,-4,2,2,9,-1,11,-2,14,-2,22,-5,24,-10,32,-11,34,-12,37,-20,38,-23,39,-23,43,-24,44,-31,47,-32,46,-32,48,-34,45,-39,47,-40,52,-41,50,-43,50,-45,53,-46,53,-47,56,-47,56,-51,55,-51,60,-55,58,-58,52,-62,60,-63,57,-60,50,0,0]",1
CSI_DATA,53413,1a:00:00:00:00:00,-31,11,1,0,1,1,1,0,0,0,1,-97,0,11,2,719320477,0,44,0,384,0,"[0,0,0,0,0,0,0,0,0,0,0,0,13,2,13,1,13,1,12,1,12,1,12,1,11,1,11,1,11,1,10,0,10,0,10,0,9,-1,9,-1,9,-2,9,-3,8,-3,9,-4,8,-4,9,-5,9,-5,9,-5,9,-5,10,-6,10,-6,10,-6,0,0,11,-6,11,-5,11,-5,11,-5,10,-5,10,-5,10,-4,9,-5,9,-5,9,-5,9,-5,9,-5,10,-5,10,-5,10,-5,10,-5,10,-4,10,-4,10,-3,10,-3,10,-2,10,-1,10,-1,9,0,9,1,8,1,0,0,0,0,0,0,0,0,0,0,0,0,0,0,-45,-68,-39,-62,-42,-60,-43,-61,-43,-57,-44,-59,-41,-57,-45,-60,-38,-50,-41,-50,-41,-52,-42,-46,-39,-47,-41,-38,-42,-40,-41,-37,-47,-32,-45,-30,-44,-30,-42,-25,-47,-20,-47,-15,-55,-18,-51,-17,-56,-18,-57,-19,-61,-16,-61,-13,-62,-18,-69,-18,-66,-19,-72,-19,-57,-20,-63,-22,-60,-24,-57,-25,-56,-22,-57,-22,-57,-19,-56,-20,-52,-15,-55,-14,-57,-13,-61,-16,-61,-21,-57,-16,-62,-20,-56,-21,-55,-21,-51,-26,-52,-32,-45,-29,-51,-35,-40,-34,-36,-35,-32,-36,-30,-40,0,0,0,0,0,0,0,0,0,0,0,0,0,0,0,0,0,0,0,0,0,0,24,1,25,7,20,13,17,13,15,7,18,10,19,9,15,10,16,9,14,5,19,9,13,10,18,10,19,10,15,11,16,10,17,11,15,13,13,12,11,8,9,9,5,10,5,2,7,3,2,1,4,-6,1,-12,1,-14,3,-14,2,-23,6,-23,8,-29,13,-33,16,-36,21,-38,22,-41,26,-40,30,-46,33,-46,37,-49,39,-47,38,-46,42,-47,43,-46,45,-52,49,-50,50,-52,48,-55,56,-54,53,-53,57,-55,57,-58,66,-59,61,-50,63,-54,68,-52,68,-47,0,0]",1
CSI_DATA,53414,1a:00:00:00:00:00,-31,11,1,0,1,1,1,0,0,0,1,-97,0,11,2,719330495,0,44,0,384,0,"[0,0,0,0,0,0,0,0,0,0,0,0,-1,13,-1,13,-1,13,-1,12,-1,12,-1,12,-1,12,-1,11,-1,11,0,10,0,10,1,10,1,9,1,9,2,9,3,8,3,8,4,8,4,8,5,8,5,8,6,8,6,9,6,9,6,9,7,9,0,0,6,10,6,10,6,10,6,10,5,9,5,9,5,9,5,9,5,8,6,8,6,8,6,8,6,9,6,9,6,9,5,9,5,10,5,9,4,10,4,10,3,10,2,10,2,10,1,9,0,9,-1,8,0,0,0,0,0,0,0,0,0,0,0,0,0,0,57,-58,52,-50,52,-53,50,-55,45,-53,45,-55,41,-53,41,-53,38,-52,39,-51,37,-51,36,-48,36,-53,29,-50,31,-48,28,-46,24,-47,18,-50,16,-45,10,-47,8,-54,8,-50,5,-55,3,-53,3,-57,-2,-61,3,-60,-1,-66,1,-66,-1,-66,-1,-66,2,-67,3,-63,2,-66,6,-65,7,-62,4,-60,2,-61,4,-60,3,-59,0,-53,0,-57,2,-54,-2,-59,3,-59,0,-61,5,-62,6,-59,8,-59,12,-58,12,-58,16,-53,19,-53,22,-51,22,-45,22,-42,28,-37,0,0,0,0,0,0,0,0,0,0,0,0,0,0,0,0,0,0,0,0,0,0,-5,25,-5,23,-4,22,-8,22,-10,20,-9,19,-7,20,-8,17,-8,19,-10,20,-8,22,-10,17,-10,20,-8,21,-7,18,-10,17,-10,13,-13,19,-14,15,-11,12,-5,7,-7,8,-8,5,-1,6,3,4,3,1,6,0,13,0,17,3,20,3,26,4,30,6,34,7,36,13,39,14,44,15,44,19,48,22,48,27,48,26,55,27,53,28,54,32,54,32,57,30,56,34,57,37,62,39,60,42,63,45,64,47,65,48,63,50,62,50,64,53,63,59,64,52,0,0]",1
CSI_DATA,53415,1a:00:00:00:00:00,-31,11,1,0,1,1,1,0,0,0,1,-97,0,11,2,719340489,0,44,0,384,0,"[0,0,0,0,0,0,0,0,0,0,0,0,-14,1,-14,1,-14,1,-13,1,-13,1,-13,1,-12,1,-12,1,-12,1,-11,1,-11,2,-10,2,-10,2,-9,3,-9,3,-9,4,-9,4,-8,5,-8,6,-8,6,-8,6,-8,7,-9,7,-9,8,-9,8,-9,8,0,0,-10,8,-10,8,-10,7,-10,7,-10,7,-10,6,-9,6,-9,6,-9,7,-9,7,-8,7,-8,7,-9,7,-9,7,-9,7,-9,7,-10,6,-9,6,-10,5,-10,5,-11,4,-10,3,-10,3,-10,2,-10,1,-9,1,0,0,0,0,0,0,0,0,0,0,0,0,0,0,57,50,58,53,53,43,53,44,57,45,55,38,54,38,52,43,52,43,50,37,46,38,48,36,47,32,46,27,47,29,49,24,47,21,48,18,45,18,44,12,47,11,48,9,46,3,50,6,52,6,56,7,59,0,61,0,60,1,64,0,66,3,66,5,62,10,62,6,62,4,59,9,57,9,60,6,57,8,56,3,53,3,55,4,56,6,56,1,57,4,59,7,57,10,60,9,55,11,51,13,56,15,51,19,46,21,47,27,41,26,38,26,37,27,0,0,0,0,0,0,0,0,0,0,0,0,0,0,0,0,0,0,0,0,0,0,-24,0,-24,-2,-25,-3,-21,-4,-20,-5,-19,-5,-16,-2,-21,-6,-22,-7,-19,-3,-19,-5,-18,-6,-22,-3,-20,-8,-19,-7,-20,-7,-19,-11,-21,-9,-16,-9,-11,-10,-10,-7,-8,-7,-6,-5,-4,-1,-4,-3,-3,2,-2,7,0,12,1,16,-1,22,-1,27,-5,29,-4,34,-8,37,-11,41,-17,42,-17,45,-16,50,-19,52,-22,55,-25,53,-27,56,-29,54,-31,56,-29,56,-33,62,-34,62,-33,61,-40,61,-42,64,-38,63,-39,67,-46,66,-45,66,-48,67,-49,62,-54,63,0,0]",1
CSI_DATA,53416,1a:00:00:00:00:00,-31,11,1,0,1,1,1,0,0,0,1,-97,0,11,2,719361022,0,44,0,384,0,"[0,0,0,0,0,0,0,0,0,0,0,0,-11,7,-11,7,-11,7,-11,7,-10,7,-10,7,-10,6,-9,6,-9,6,-8,6,-8,6,-7,6,-7,6,-6,7,-6,7,-5,7,-5,7,-5,8,-4,8,-4,9,-4,9,-4,10,-4,10,-4,10,-4,11,-4,11,0,0,-5,11,-5,11,-5,11,-5,10,-5,10,-5,10,-5,9,-4,9,-4,9,-4,9,-4,10,-4,10,-4,10,-4,10,-4,10,-5,10,-5,10,-5,9,-6,9,-6,8,-7,8,-7,7,-8,7,-7,6,-8,5,-8,4,0,0,0,0,0,0,0,0,0,0,0,0,0,0,75,18,73,16,71,12,69,13,68,11,66,10,65,10,69,11,65,8,65,8,58,8,62,12,58,8,54,2,53,2,50,0,51,-3,49,-7,46,-8,48,-15,47,-17,45,-18,48,-20,48,-22,51,-24,49,-26,51,-25,55,-26,53,-28,55,-29,58,-29,60,-27,56,-26,59,-24,56,-23,53,-24,51,-24,52,-20,51,-21,53,-21,48,-25,51,-25,48,-24,51,-29,53,-27,51,-26,54,-24,54,-19,54,-17,53,-13,55,-9,54,-9,52,-6,55,1,48,1,48,6,45,10,0,0,0,0,0,0,0,0,0,0,0,0,0,0,0,0,0,0,0,0,0,0,-22,14,-25,7,-20,7,-21,6,-18,5,-21,6,-19,6,-18,5,-20,7,-21,2,-19,5,-18,4,-19,5,-20,5,-18,2,-23,4,-18,-1,-19,0,-19,-3,-13,-4,-14,-5,-11,1,-9,-4,-6,1,-4,2,2,5,2,6,5,7,8,15,9,19,13,22,11,30,10,32,14,36,11,42,6,44,7,46,7,51,6,54,5,54,4,58,5,58,4,62,-1,64,2,61,-3,68,0,70,1,70,1,75,-4,75,-6,80,-6,79,-8,80,-10,79,-12,80,-13,80,-18,78,0,0]",1
CSI_DATA,53417,1a:00:00:00:00:00,-31,11,1,0,1,1,1,0,0,0,1,-97,0,11,2,719370483,0,44,0,384,0,"[0,0,0,0,0,0,0,0,0,0,0,0,4,12,4,12,4,11,4,12,4,11,4,11,4,10,4,10,4,10,4,9,4,9,5,8,5,8,5,7,5,7,6,6,6,6,7,6,7,6,8,5,8,6,8,6,9,6,9,6,9,6,10,6,0,0,10,7,9,7,9,7,9,7,9,7,8,7,8,6,8,6,8,6,8,5,9,5,9,6,9,6,9,6,8,6,8,7,8,7,8,7,7,7,7,8,6,8,5,9,5,8,4,8,3,8,2,8,0,0,0,0,0,0,0,0,0,0,0,0,0,0,45,-63,46,-56,44,-59,38,-59,38,-56,34,-59,37,-57,40,-57,36,-54,34,-54,32,-54,34,-54,29,-51,27,-49,28,-52,22,-47,19,-50,15,-51,15,-54,10,-48,4,-52,5,-51,5,-51,-1,-51,-3,-58,-1,-60,-3,-61,-7,-64,-6,-65,-3,-65,-1,-68,3,-69,-1,-68,-3,-67,2,-65,5,-63,2,-59,3,-59,1,-57,-1,-60,1,-58,-3,-58,1,-60,-4,-57,-3,-59,-2,-57,1,-62,1,-62,7,-60,8,-55,12,-57,15,-57,19,-52,20,-48,23,-45,27,-41,27,-37,0,0,0,0,0,0,0,0,0,0,0,0,0,0,0,0,0,0,0,0,0,0,5,21,0,26,-3,25,-2,25,-3,21,-6,18,-2,22,-2,20,-2,20,-4,19,-4,17,-7,20,-4,24,-3,20,-7,21,-5,23,-5,18,-4,16,-7,15,-7,11,-12,11,-3,12,-4,6,1,7,-1,3,4,0,4,-2,14,-1,18,-5,22,-1,27,-3,31,2,35,-1,37,4,44,4,47,8,47,13,47,12,52,17,53,17,58,21,55,23,58,24,61,24,61,22,60,27,65,26,68,28,67,32,68,35,66,36,74,37,73,43,64,43,69,46,74,50,69,47,0,0]",1
CSI_DATA,53418,1a:00:00:00:00:00,-31,11,1,0,1,1,1,0,0,0,1,-97,0,11,2,719390495,0,44,0,384,0,"[0,0,0,0,0,0,0,0,0,0,0,0,-3,-14,-4,-13,-4,-13,-3,-13,-3,-13,-3,-12,-3,-12,-3,-12,-3,-11,-4,-11,-4,-10,-4,-10,-4,-9,-5,-9,-5,-9,-6,-9,-6,-8,-7,-8,-7,-7,-7,-8,-8,-8,-8,-8,-9,-8,-9,-8,-9,-8,-9,-8,0,0,-9,-9,-9,-9,-9,-9,-9,-10,-8,-9,-8,-9,-8,-9,-8,-8,-8,-8,-8,-8,-8,-8,-8,-8,-9,-8,-8,-8,-8,-9,-8,-9,-8,-10,-7,-9,-7,-10,-6,-10,-5,-10,-4,-10,-4,-10,-3,-10,-2,-10,-2,-9,0,0,0,0,0,0,0,0,0,0,0,0,0,0,-37,66,-34,69,-28,67,-30,62,-28,65,-24,65,-22,66,-27,62,-25,60,-25,61,-20,56,-23,59,-20,57,-16,54,-20,53,-14,52,-9,51,-7,51,-3,49,-3,48,3,53,4,50,11,54,7,51,8,51,13,57,11,57,14,61,15,62,13,61,11,65,12,70,10,62,10,64,8,63,6,62,5,56,7,61,7,56,9,56,10,55,10,56,10,57,14,56,10,58,7,61,4,58,3,60,-2,59,-3,58,-7,57,-6,53,-10,54,-16,54,-17,46,-16,46,-21,40,0,0,0,0,0,0,0,0,0,0,0,0,0,0,0,0,0,0,0,0,0,0,-7,-22,-9,-21,-5,-19,-8,-21,-3,-22,-2,-19,-2,-18,-2,-18,-3,-23,-4,-21,-2,-19,-5,-23,-4,-22,-1,-20,0,-23,-1,-19,2,-21,1,-18,3,-15,4,-16,6,-14,5,-11,0,-8,1,-6,-4,-3,-4,0,-7,2,-11,4,-19,6,-21,6,-26,7,-31,8,-34,6,-39,5,-45,3,-48,3,-49,0,-52,-2,-58,-7,-57,-6,-60,-8,-58,-9,-62,-10,-62,-10,-63,-13,-71,-13,-70,-14,-71,-15,-76,-20,-75,-18,-76,-21,-81,-22,-80,-25,-78,-27,-81,-31,-77,-33,-78,-36,0,0]",1
CSI_DATA,53419,1a:00:00:00:00:00,-31,11,1,0,1,1,1,0,0,0,1,-97,0,11,2,719400479,0,44,0,384,0,"[0,0,0,0,0,0,0,0,0,0,0,0,12,-5,11,-5,11,-5,11,-5,11,-5,11,-5,10,-5,10,-5,10,-4,9,-5,9,-5,8,-5,8,-5,7,-6,7,-6,6,-7,6,-7,6,-7,5,-8,6,-8,6,-8,6,-9,6,-9,6,-10,6,-10,6,-10,0,0,7,-10,7,-10,7,-10,7,-9,7,-9,7,-9,7,-8,6,-8,6,-9,6,-9,5,-9,6,-9,6,-9,6,-9,7,-9,7,-9,7,-8,7,-8,8,-8,8,-7,8,-6,8,-6,8,-5,8,-4,8,-3,8,-3,0,0,0,0,0,0,0,0,0,0,0,0,0,0,-67,-43,-60,-41,-60,-38,-61,-37,-64,-35,-65,-36,-57,-32,-65,-35,-59,-32,-58,-29,-55,-28,-54,-24,-57,-24,-50,-21,-52,-20,-51,-16,-49,-18,-49,-13,-53,-12,-45,-6,-54,-3,-51,-1,-54,7,-54,4,-54,6,-58,7,-56,8,-58,9,-63,9,-64,5,-65,8,-70,3,-64,5,-66,6,-64,1,-66,2,-58,3,-57,1,-57,1,-58,6,-54,8,-59,7,-58,7,-60,5,-65,7,-60,5,-60,2,-61,1,-60,-2,-58,-3,-58,-9,-55,-9,-55,-18,-52,-16,-48,-18,-44,-20,-39,-23,0,0,0,0,0,0,0,0,0,0,0,0,0,0,0,0,0,0,0,0,0,0,25,-7,24,-4,21,-2,23,1,18,2,20,-1,20,1,18,2,21,0,19,0,21,1,20,2,21,3,21,2,24,1,22,1,23,2,16,4,19,11,14,6,10,4,12,5,9,7,5,-2,3,0,2,-3,-1,-6,-4,-13,-5,-19,-7,-22,-3,-26,-3,-31,-2,-36,-2,-38,0,-42,5,-47,5,-46,10,-51,9,-53,16,-54,18,-58,14,-56,20,-61,20,-63,18,-65,17,-57,23,-70,26,-71,24,-74,27,-71,30,-72,30,-77,36,-77,34,-71,38,-77,41,-76,39,-73,0,0]",1
CSI_DATA,53420,1a:00:00:00:00:00,-31,11,1,0,1,1,1,0,0,0,1,-97,0,11,2,719410483,0,44,0,384,0,"[0,0,0,0,0,0,0,0,0,0,0,0,2,13,2,12,2,12,2,12,2,12,2,12,1,11,1,11,1,10,2,10,2,9,3,9,3,9,3,8,3,8,4,7,5,7,5,7,6,7,6,7,6,7,7,8,7,8,8,7,8,8,8,8,0,0,7,9,7,9,7,9,7,9,6,9,6,9,6,8,6,8,6,8,6,7,7,7,7,8,7,8,7,8,7,9,6,8,6,9,6,9,5,9,4,10,3,10,2,10,2,10,2,9,1,9,0,8,0,0,0,0,0,0,0,0,0,0,0,0,0,0,49,-63,48,-57,44,-54,41,-59,43,-58,36,-58,32,-57,39,-54,37,-57,36,-55,34,-54,34,-50,32,-52,29,-51,30,-48,20,-47,24,-48,19,-46,14,-49,11,-49,3,-52,8,-52,1,-55,2,-55,1,-56,2,-59,0,-61,0,-61,1,-63,-1,-66,3,-63,6,-68,4,-66,5,-65,8,-66,4,-62,8,-58,7,-59,3,-56,3,-57,4,-57,3,-58,2,-61,5,-61,7,-58,5,-63,10,-62,12,-62,11,-57,14,-55,18,-55,22,-52,21,-49,27,-48,31,-44,27,-39,31,-38,0,0,0,0,0,0,0,0,0,0,0,0,0,0,0,0,0,0,0,0,0,0,6,22,0,23,3,21,1,22,-2,22,-2,18,-4,20,0,19,-4,21,1,23,-2,21,-4,20,-1,23,-4,20,-4,23,-2,22,-4,19,-7,17,-7,17,-9,14,-8,12,-3,7,-5,10,-4,4,0,3,4,1,8,-3,8,-3,12,-6,20,-7,27,-4,33,-2,33,2,38,3,45,2,45,7,46,11,50,13,53,15,55,19,56,18,58,21,57,19,58,26,62,24,66,19,65,27,66,30,71,29,69,35,74,39,71,39,70,42,72,43,75,43,69,45,66,48,0,0]",1
CSI_DATA,53421,1a:00:00:00:00:00,-31,11,1,0,1,1,1,0,0,0,1,-97,0,11,2,719430489,0,44,0,384,0,"[0,0,0,0,0,0,0,0,0,0,0,0,-2,-14,-2,-14,-2,-13,-2,-13,-2,-13,-2,-13,-2,-13,-2,-12,-2,-12,-2,-11,-3,-11,-3,-10,-4,-10,-4,-9,-4,-9,-5,-9,-5,-8,-6,-8,-6,-8,-7,-8,-7,-9,-7,-9,-8,-9,-9,-8,-9,-9,-9,-9,0,0,-8,-10,-8,-10,-8,-10,-8,-10,-8,-10,-7,-10,-7,-9,-7,-9,-7,-9,-8,-8,-8,-8,-8,-8,-8,-8,-8,-9,-8,-9,-8,-9,-7,-10,-7,-10,-6,-10,-5,-10,-5,-11,-4,-11,-4,-11,-3,-10,-2,-10,-1,-9,0,0,0,0,0,0,0,0,0,0,0,0,0,0,-55,57,-51,54,-46,56,-44,54,-46,55,-43,49,-45,57,-44,53,-43,55,-42,51,-35,49,-36,49,-36,47,-31,46,-29,45,-25,47,-25,44,-22,48,-19,48,-15,48,-10,49,-8,50,-1,51,-5,56,-5,53,-1,58,-3,62,-2,62,-4,61,0,68,-4,65,-4,67,-6,63,-8,64,-9,63,-9,60,-8,58,-10,58,-8,54,-7,59,-5,54,-3,57,-2,59,-1,59,-4,58,-5,57,-5,60,-9,63,-13,53,-14,54,-20,58,-20,50,-24,52,-30,47,-28,44,-27,39,-32,33,0,0,0,0,0,0,0,0,0,0,0,0,0,0,0,0,0,0,0,0,0,0,-4,-28,1,-26,6,-23,4,-23,5,-21,8,-21,3,-19,4,-20,5,-22,3,-22,6,-15,4,-25,5,-22,6,-22,8,-21,5,-21,6,-17,8,-21,11,-16,13,-16,7,-14,6,-10,6,-8,0,-9,-3,-6,-5,-2,-5,0,-11,-1,-17,4,-24,-4,-27,-1,-30,-4,-36,-5,-42,-10,-43,-11,-47,-14,-47,-14,-50,-15,-56,-23,-55,-25,-53,-27,-55,-23,-57,-31,-59,-31,-56,-31,-61,-27,-64,-32,-62,-35,-68,-41,-68,-40,-64,-42,-68,-44,-67,-46,-65,-47,-69,-51,-65,-54,-62,-52,0,0]",1
CSI_DATA,53422,1a:00:00:00:00:00,-31,11,1,0,1,1,1,0,0,0,1,-97,0,11,2,719450491,0,44,0,384,0,"[0,0,0,0,0,0,0,0,0,0,0,0,3,12,3,12,3,12,3,12,3,12,3,11,3,11,3,11,3,10,3,10,3,9,4,9,3,8,4,8,4,8,5,7,5,7,6,7,6,6,7,7,7,7,8,7,8,7,8,7,9,7,9,7,0,0,9,8,8,8,8,8,8,8,7,8,7,8,7,7,7,7,7,7,7,7,8,6,7,7,8,7,8,7,7,7,7,8,7,8,7,8,6,8,5,9,5,9,4,9,3,9,3,9,2,9,1,8,0,0,0,0,0,0,0,0,0,0,0,0,0,0,53,-60,50,-56,44,-57,42,-54,40,-58,40,-56,40,-55,38,-58,38,-52,36,-54,33,-52,35,-47,30,-54,26,-49,24,-46,22,-49,19,-50,16,-46,14,-48,11,-48,7,-50,8,-52,2,-51,2,-53,0,-55,-4,-57,-3,-64,-2,-64,-2,-65,-2,-65,-2,-64,2,-68,5,-65,1,-64,5,-62,5,-60,4,-58,4,-56,2,-58,-1,-60,0,-56,-2,-58,-1,-57,-4,-59,0,-61,0,-62,1,-61,5,-59,7,-56,6,-59,13,-57,16,-57,16,-55,23,-50,24,-49,23,-42,26,-38,0,0,0,0,0,0,0,0,0,0,0,0,0,0,0,0,0,0,0,0,0,0,0,20,2,24,-4,26,-5,23,-3,20,-4,19,-5,21,-4,20,-3,20,-7,19,-8,16,-9,16,-5,21,-8,18,-8,19,-9,17,-9,18,-11,19,-10,15,-10,14,-8,11,-9,9,-6,6,-5,1,-2,1,4,0,8,-4,13,-2,17,1,23,-3,25,-4,32,3,33,4,39,7,42,10,44,10,46,13,48,14,51,21,52,21,54,25,53,26,54,27,59,26,58,28,54,29,61,30,63,30,68,36,69,35,68,40,71,42,68,47,62,44,70,52,68,52,61,49,0,0]",1
CSI_DATA,53423,1a:00:00:00:00:00,-31,11,1,0,1,1,1,0,0,0,1,-97,0,11,2,719460480,0,44,0,384,0,"[0,0,0,0,0,0,0,0,0,0,0,0,-13,4,-12,4,-13,5,-12,4,-13,4,-12,4,-12,4,-11,4,-11,4,-10,4,-10,4,-9,5,-9,5,-8,5,-8,5,-7,6,-7,6,-7,7,-6,7,-6,8,-6,8,-6,9,-7,9,-6,9,-7,10,-7,10,0,0,-7,10,-7,10,-7,9,-7,10,-7,8,-7,8,-7,8,-7,8,-6,8,-6,9,-6,9,-6,9,-6,9,-6,9,-7,9,-7,9,-7,9,-7,8,-8,8,-8,7,-9,7,-9,6,-9,6,-9,5,-9,4,-8,3,0,0,0,0,0,0,0,0,0,0,0,0,0,0,71,32,64,35,65,28,65,26,68,26,61,24,64,21,62,20,68,19,59,23,58,16,60,12,57,13,57,8,52,15,49,9,49,6,50,5,48,0,51,-4,49,-12,53,-10,49,-13,52,-17,54,-16,54,-23,59,-21,58,-23,61,-19,59,-23,62,-19,62,-21,63,-21,60,-21,63,-15,59,-16,55,-14,52,-19,55,-18,51,-17,52,-19,53,-22,56,-20,53,-24,53,-19,57,-24,61,-15,61,-19,55,-12,59,-13,58,-8,58,-4,54,-2,58,2,52,5,46,10,42,15,0,0,0,0,0,0,0,0,0,0,0,0,0,0,0,0,0,0,0,0,0,0,-24,6,-26,2,-23,1,-20,-2,-20,-2,-21,-1,-20,2,-19,2,-22,-1,-23,4,-22,-1,-22,-2,-23,-1,-25,-3,-26,-3,-23,-6,-18,-7,-23,-6,-17,-6,-16,-4,-15,-5,-11,-7,-7,-5,-6,-1,-4,3,0,3,2,7,4,12,8,16,6,24,5,27,7,31,6,36,5,36,2,45,-1,49,-2,49,-4,53,-10,54,-7,61,-5,57,-8,62,-13,55,-12,66,-12,63,-10,68,-10,68,-14,72,-14,73,-19,76,-20,74,-23,76,-24,76,-29,76,-31,83,-29,76,-30,74,0,0]",1
CSI_DATA,53424,1a:00:00:00:00:00,-31,11,1,0,1,1,1,0,0,0,1,-97,0,11,2,719470489,0,44,0,384,0,"[0,0,0,0,0,0,0,0,0,0,0,0,-5,-14,-5,-13,-5,-13,-5,-13,-5,-13,-5,-12,-5,-12,-5,-12,-5,-11,-5,-11,-5,-11,-5,-10,-5,-9,-6,-9,-6,-8,-7,-8,-7,-7,-8,-7,-8,-7,-9,-7,-9,-7,-9,-7,-10,-8,-10,-7,-10,-8,-10,-8,0,0,-10,-8,-10,-9,-10,-8,-10,-9,-9,-8,-9,-8,-9,-8,-9,-8,-9,-7,-9,-7,-9,-7,-9,-7,-9,-7,-9,-8,-10,-8,-9,-8,-9,-9,-9,-9,-8,-9,-7,-10,-7,-10,-6,-10,-5,-10,-4,-10,-3,-10,-2,-9,0,0,0,0,0,0,0,0,0,0,0,0,0,0,-22,72,-20,70,-15,72,-14,64,-12,65,-12,65,-13,64,-11,68,-11,63,-10,60,-9,60,-10,59,-10,54,-6,54,-4,54,-2,53,1,53,2,48,1,50,10,48,13,48,14,46,16,49,17,49,17,49,21,51,22,53,27,55,26,55,30,57,26,58,23,62,21,59,26,61,18,54,16,58,16,57,15,50,16,54,16,47,16,48,22,49,21,53,23,53,19,56,18,52,16,54,13,53,11,55,7,57,7,54,3,54,-6,51,-4,49,-8,48,-9,43,-12,44,0,0,0,0,0,0,0,0,0,0,0,0,0,0,0,0,0,0,0,0,0,0,-14,-20,-11,-20,-13,-20,-11,-21,-8,-21,-7,-17,-6,-18,-5,-22,-7,-19,-5,-20,-10,-18,-7,-18,-10,-21,-4,-23,-4,-22,-5,-23,-1,-21,0,-21,-2,-18,1,-17,-1,-14,0,-10,0,-11,-1,-6,-4,-5,-8,0,-8,3,-10,10,-13,9,-17,11,-18,12,-30,13,-30,14,-37,10,-40,12,-43,11,-46,9,-51,8,-57,8,-57,10,-60,6,-56,6,-65,7,-63,3,-65,0,-67,1,-67,-2,-70,-1,-71,-1,-74,-5,-74,-1,-78,-2,-81,-8,-81,-8,-81,-12,-85,-13,-79,-17,0,0]",1
CSI_DATA,53425,1a:00:00:00:00:00,-31,11,1,0,1,1,1,0,0,0,1,-97,0,11,2,719480493,0,44,0,384,0,"[0,0,0,0,0,0,0,0,0,0,0,0,13,-6,12,-6,12,-6,12,-6,12,-6,11,-5,11,-5,10,-5,10,-5,9,-6,9,-6,8,-6,8,-6,7,-6,7,-7,6,-8,6,-8,6,-8,5,-9,5,-9,5,-9,5,-10,5,-10,5,-11,6,-11,6,-11,0,0,6,-11,6,-11,6,-11,6,-11,6,-10,6,-10,6,-10,6,-9,5,-10,5,-10,5,-10,5,-10,5,-10,5,-10,6,-10,6,-10,6,-10,6,-10,7,-9,7,-9,8,-8,8,-7,8,-7,8,-6,8,-5,8,-4,0,0,0,0,0,0,0,0,0,0,0,0,0,0,-69,-37,-69,-30,-70,-25,-66,-24,-63,-24,-66,-23,-64,-20,-65,-24,-64,-23,-62,-21,-58,-20,-59,-18,-59,-15,-54,-13,-58,-13,-55,-6,-53,-8,-51,-4,-53,-2,-48,3,-51,7,-51,9,-49,13,-53,14,-53,13,-54,20,-57,18,-58,17,-63,19,-62,20,-65,21,-65,19,-61,13,-62,16,-61,14,-61,12,-58,13,-57,13,-55,14,-58,16,-53,14,-52,15,-55,19,-54,18,-60,18,-55,17,-54,18,-59,14,-58,6,-58,8,-59,1,-57,-3,-55,-1,-52,-8,-52,-9,-50,-12,-46,-16,0,0,0,0,0,0,0,0,0,0,0,0,0,0,0,0,0,0,0,0,0,0,20,-8,23,-6,22,-3,22,-2,22,0,19,-2,21,0,19,-2,21,-1,18,-2,22,-3,21,-1,21,-1,22,-1,25,-1,22,1,23,4,19,6,17,2,13,8,10,4,9,5,5,3,4,1,1,-1,0,-1,-1,-7,-4,-13,-8,-15,-9,-20,-6,-25,-9,-35,-5,-36,-5,-40,-7,-45,-2,-46,-1,-48,2,-52,3,-54,2,-56,8,-59,3,-61,7,-64,7,-62,8,-68,7,-64,11,-68,14,-70,13,-72,15,-76,18,-76,22,-80,26,-83,23,-78,26,-80,30,-84,29,-78,0,0]",1
CSI_DATA,53426,1a:00:00:00:00:00,-31,11,1,0,1,1,1,0,0,0,1,-97,0,11,2,719490500,0,44,0,384,0,"[0,0,0,0,0,0,0,0,0,0,0,0,7,10,7,10,7,10,6,10,6,10,6,9,6,9,6,9,6,8,6,8,6,7,6,7,6,6,6,6,7,5,7,5,7,4,8,4,8,3,8,4,9,3,9,3,10,3,10,3,10,3,11,3,0,0,11,4,10,4,10,4,10,4,9,4,9,4,9,4,9,4,9,4,9,3,9,3,9,3,9,3,10,3,10,4,9,4,9,4,9,4,9,5,8,6,8,6,7,7,7,7,6,6,5,7,4,7,0,0,0,0,0,0,0,0,0,0,0,0,0,0,25,-78,20,-73,21,-69,20,-70,17,-69,18,-70,15,-66,16,-68,13,-66,12,-65,12,-62,12,-59,10,-59,6,-59,6,-56,4,-55,-2,-56,-5,-52,-8,-54,-10,-48,-15,-50,-13,-48,-17,-52,-21,-48,-21,-53,-25,-53,-26,-55,-27,-53,-26,-58,-28,-60,-26,-61,-23,-63,-24,-63,-22,-63,-20,-62,-19,-61,-16,-56,-18,-55,-19,-54,-23,-54,-22,-50,-26,-51,-22,-54,-24,-57,-26,-56,-20,-56,-20,-56,-20,-57,-16,-55,-14,-58,-9,-58,-6,-56,-1,-56,2,-52,5,-53,6,-51,13,-46,0,0,0,0,0,0,0,0,0,0,0,0,0,0,0,0,0,0,0,0,0,0,11,20,8,19,7,21,4,21,5,19,2,17,3,22,4,21,6,18,3,19,2,22,3,20,4,18,0,20,1,19,3,18,1,22,-5,22,-3,19,-5,16,-7,13,-3,11,1,7,-3,4,1,3,2,1,8,-6,10,-7,12,-12,19,-10,24,-12,28,-11,34,-10,40,-7,45,-10,48,-9,44,-5,52,-3,55,-3,58,-4,59,1,57,1,62,1,65,3,62,0,66,3,70,5,69,4,74,3,75,8,77,11,78,12,83,15,80,14,85,16,80,20,78,19,0,0]",1
CSI_DATA,53427,1a:00:00:00:00:00,-31,11,1,0,1,1,1,0,0,0,1,-97,0,11,2,719500479,0,44,0,384,0,"[0,0,0,0,0,0,0,0,0,0,0,0,-12,6,-11,6,-11,6,-11,6,-11,6,-11,5,-10,5,-10,5,-10,5,-9,5,-9,5,-8,6,-8,6,-7,6,-7,6,-6,7,-6,7,-5,7,-5,8,-5,8,-5,9,-5,9,-5,9,-5,10,-5,10,-5,10,0,0,-6,10,-6,10,-6,10,-6,10,-6,9,-6,9,-6,9,-5,9,-5,9,-5,9,-5,9,-5,9,-5,9,-5,9,-5,9,-6,9,-6,9,-6,9,-7,8,-7,8,-8,7,-8,7,-8,6,-8,5,-8,4,-8,3,0,0,0,0,0,0,0,0,0,0,0,0,0,0,75,24,66,20,70,17,66,17,67,13,69,16,68,13,67,12,62,12,66,12,63,11,61,10,59,7,55,6,54,4,51,1,54,1,49,-5,50,-5,48,-10,50,-12,48,-16,48,-19,45,-19,52,-21,51,-24,51,-26,55,-27,59,-30,58,-29,57,-26,63,-23,61,-21,57,-21,57,-20,56,-24,54,-19,54,-19,52,-16,51,-20,52,-22,52,-24,55,-23,53,-26,59,-23,55,-22,56,-21,57,-18,56,-16,55,-11,58,-11,57,-6,53,0,51,-1,51,5,49,8,46,12,0,0,0,0,0,0,0,0,0,0,0,0,0,0,0,0,0,0,0,0,0,0,-20,9,-23,12,-21,8,-22,4,-21,8,-22,6,-18,3,-19,3,-19,3,-20,2,-23,2,-24,5,-23,5,-23,5,-21,3,-25,0,-20,0,-21,0,-20,-4,-17,-2,-12,-6,-10,-5,-11,-4,-5,-3,-4,3,2,5,4,3,6,11,11,14,11,18,10,21,12,31,12,34,5,37,9,42,5,46,8,48,10,50,7,56,5,57,1,59,-1,59,-2,60,-1,62,-2,63,-1,63,-3,69,-7,72,-5,73,-6,76,-9,77,-7,78,-10,83,-12,76,-14,81,-18,83,-18,82,0,0]",1
CSI_DATA,53428,1a:00:00:00:00:00,-31,11,1,0,1,1,1,0,0,0,1,-97,0,11,2,719520510,0,44,0,384,0,"[0,0,0,0,0,0,0,0,0,0,0,0,12,-4,12,-4,12,-4,12,-4,11,-4,11,-4,11,-3,10,-3,10,-3,9,-4,9,-4,9,-4,8,-4,8,-5,7,-5,7,-6,7,-6,6,-7,6,-7,6,-8,7,-8,7,-8,7,-9,7,-9,7,-9,7,-10,0,0,8,-9,8,-9,8,-9,8,-9,8,-8,8,-8,7,-8,7,-8,7,-8,6,-8,6,-8,7,-8,7,-8,7,-9,7,-8,7,-8,8,-8,8,-8,8,-7,8,-6,9,-6,9,-5,9,-4,8,-4,9,-3,8,-2,0,0,0,0,0,0,0,0,0,0,0,0,0,0,-68,-40,-61,-39,-62,-35,-63,-36,-65,-31,-58,-34,-60,-31,-63,-30,-59,-31,-59,-29,-58,-28,-56,-24,-52,-26,-52,-19,-54,-18,-53,-19,-51,-14,-52,-8,-49,-8,-50,-2,-51,0,-52,3,-54,3,-53,6,-57,6,-56,11,-61,9,-62,13,-66,14,-66,11,-63,9,-66,7,-64,9,-62,8,-62,4,-62,3,-56,4,-61,4,-56,3,-54,6,-58,7,-56,13,-55,8,-60,11,-58,8,-59,10,-57,6,-62,8,-58,3,-60,-2,-57,-8,-56,-9,-53,-11,-53,-13,-51,-18,-47,-18,-40,-23,0,0,0,0,0,0,0,0,0,0,0,0,0,0,0,0,0,0,0,0,0,0,22,-5,22,-6,20,0,23,3,19,1,22,1,20,2,20,1,22,-1,18,0,21,3,25,1,22,1,23,4,21,4,22,4,21,5,17,8,16,9,13,5,9,4,9,6,7,5,1,1,1,-4,0,-5,-1,-9,-3,-14,-5,-19,-8,-24,-6,-26,-4,-33,-2,-35,-1,-41,1,-44,3,-46,4,-52,9,-52,8,-53,12,-54,14,-58,12,-58,16,-61,16,-64,17,-63,22,-61,21,-66,21,-72,25,-71,26,-71,25,-72,26,-77,31,-77,32,-78,34,-79,37,-75,40,-73,0,0]",1
CSI_DATA,53429,1a:00:00:00:00:00,-31,11,1,0,1,1,1,0,0,0,1,-97,0,11,2,719530507,0,44,0,384,0,"[0,0,0,0,0,0,0,0,0,0,0,0,4,12,4,12,4,12,4,12,4,12,3,11,3,11,3,10,3,10,3,9,4,9,4,9,4,8,4,8,5,7,5,7,6,6,6,6,7,6,7,6,7,6,8,6,8,6,9,6,9,7,9,7,0,0,9,7,9,8,8,7,8,8,8,7,8,7,7,7,7,7,8,6,8,6,8,6,8,6,8,6,8,7,8,7,8,7,7,8,7,8,7,8,6,9,5,9,4,9,4,9,3,9,2,9,1,8,0,0,0,0,0,0,0,0,0,0,0,0,0,0,33,-72,31,-67,27,-70,24,-66,22,-63,23,-67,22,-62,24,-65,23,-61,21,-65,20,-60,19,-58,16,-57,15,-53,17,-53,10,-53,8,-50,1,-54,3,-53,-3,-51,-7,-55,-8,-52,-10,-53,-14,-55,-13,-53,-17,-55,-13,-58,-18,-60,-17,-62,-16,-64,-13,-65,-10,-69,-11,-62,-10,-65,-9,-59,-8,-62,-10,-58,-8,-58,-9,-57,-12,-56,-9,-53,-15,-56,-10,-60,-15,-58,-12,-62,-14,-57,-6,-59,-7,-60,-5,-58,-3,-58,4,-56,6,-55,8,-56,14,-52,14,-48,20,-47,20,-41,0,0,0,0,0,0,0,0,0,0,0,0,0,0,0,0,0,0,0,0,0,0,9,20,6,21,7,20,4,24,7,20,1,19,3,20,2,20,2,21,4,22,0,21,4,21,2,23,2,23,0,23,0,22,-2,22,-4,19,-6,19,-4,15,-5,12,-1,9,-4,10,3,5,3,2,5,0,5,-5,11,-5,14,-10,18,-12,23,-10,31,-9,37,-6,37,-6,41,-7,45,-3,48,-6,55,-3,53,2,56,3,59,3,57,6,65,6,61,9,66,7,64,6,66,9,68,10,76,13,76,13,73,19,77,17,81,20,78,20,78,26,77,27,76,31,0,0]",1
CSI_DATA,53430,1a:00:00:00:00:00,-31,11,1,0,1,1,1,0,0,0,1,-97,0,11,2,719540476,0,44,0,384,0,"[0,0,0,0,0,0,0,0,0,0,0,0,-12,6,-11,6,-11,6,-11,6,-11,6,-11,6,-10,6,-10,6,-10,5,-9,6,-9,5,-8,6,-8,6,-7,6,-7,6,-6,7,-6,7,-5,7,-5,8,-5,8,-5,9,-5,9,-5,9,-5,10,-5,10,-5,10,0,0,-6,10,-6,10,-6,10,-6,10,-6,9,-6,9,-6,8,-5,8,-5,9,-5,8,-5,9,-5,9,-5,9,-5,9,-6,9,-6,9,-7,9,-7,8,-7,8,-8,7,-8,7,-9,6,-9,5,-8,5,-9,4,-8,3,0,0,0,0,0,0,0,0,0,0,0,0,0,0,67,30,67,29,68,24,65,22,66,23,62,24,67,19,62,22,63,21,58,20,56,17,56,19,57,16,56,12,53,13,53,12,53,7,47,2,48,-1,48,-5,50,-8,51,-11,49,-16,49,-13,53,-17,54,-15,60,-17,61,-19,59,-22,62,-19,64,-18,65,-16,67,-18,61,-17,63,-12,58,-12,55,-12,56,-8,58,-13,55,-14,55,-16,53,-16,57,-16,56,-16,54,-18,58,-15,57,-13,60,-11,55,-8,55,-4,59,-2,55,4,54,8,57,9,48,12,45,14,40,17,0,0,0,0,0,0,0,0,0,0,0,0,0,0,0,0,0,0,0,0,0,0,-23,9,-22,10,-22,4,-21,4,-23,4,-20,2,-20,1,-18,1,-22,2,-22,2,-20,-1,-24,3,-23,3,-23,1,-23,-3,-23,0,-22,-1,-22,-1,-18,-4,-19,-7,-12,-4,-10,-4,-7,-4,-6,-1,-3,0,-1,5,2,7,5,12,8,14,9,20,11,24,7,30,5,31,6,36,5,43,4,44,0,51,-1,53,-7,54,-2,57,-5,58,-3,61,-6,59,-7,66,-9,59,-12,67,-9,68,-10,69,-14,73,-16,79,-14,74,-18,78,-19,77,-20,83,-22,84,-29,77,-33,79,0,0]",1
CSI_DATA,53431,1a:00:00:00:00:00,-31,11,1,0,1,1,1,0,0,0,1,-97,0,11,2,719560502,0,44,0,384,0,"[0,0,0,0,0,0,0,0,0,0,0,0,13,-1,12,-1,13,-1,12,-1,12,-1,12,-1,11,-1,11,-1,11,-1,10,-1,10,-2,9,-2,9,-3,9,-3,8,-4,8,-4,8,-5,8,-5,8,-6,8,-6,8,-6,8,-7,9,-7,9,-8,9,-8,9,-8,0,0,10,-7,10,-7,9,-7,10,-7,9,-7,9,-6,9,-6,8,-6,8,-7,8,-7,8,-7,8,-7,8,-7,8,-7,9,-7,9,-7,9,-7,9,-6,9,-5,10,-5,10,-4,10,-3,10,-3,9,-2,9,-1,8,0,0,0,0,0,0,0,0,0,0,0,0,0,0,0,-64,-50,-61,-48,-58,-44,-57,-42,-59,-43,-58,-38,-56,-35,-55,-37,-58,-39,-52,-36,-53,-31,-53,-34,-52,-28,-49,-32,-48,-28,-50,-22,-49,-20,-47,-15,-50,-14,-48,-11,-49,-5,-53,-8,-50,2,-53,5,-56,-3,-59,6,-65,3,-60,3,-65,0,-66,3,-70,1,-71,1,-67,-1,-64,-2,-64,-5,-62,-4,-57,-5,-58,-2,-58,-3,-58,2,-57,-1,-59,2,-57,1,-60,3,-59,-1,-61,-4,-58,-1,-61,-5,-55,-6,-59,-9,-57,-15,-57,-14,-55,-20,-50,-24,-47,-25,-45,-23,-37,-25,0,0,0,0,0,0,0,0,0,0,0,0,0,0,0,0,0,0,0,0,0,0,24,-7,24,-2,23,2,19,3,20,4,21,1,21,1,19,2,20,2,19,4,21,2,27,3,23,7,22,3,22,5,21,7,18,7,18,9,12,10,13,8,9,8,8,6,6,3,6,0,-1,0,0,-5,0,-10,-2,-11,-1,-17,-4,-25,-2,-25,0,-33,2,-36,3,-40,6,-44,8,-45,8,-49,12,-53,14,-54,20,-58,18,-57,22,-61,24,-56,25,-62,23,-57,25,-67,27,-64,31,-62,33,-68,35,-70,35,-67,37,-70,40,-72,45,-73,44,-72,46,-69,50,-73,0,0]",1
CSI_DATA,53432,1a:00:00:00:00:00,-31,11,1,0,1,1,1,0,0,0,1,-97,0,11,2,719570487,0,44,0,384,0,"[0,0,0,0,0,0,0,0,0,0,0,0,0,13,0,12,0,13,0,12,0,12,0,12,1,12,0,11,1,10,1,10,1,10,1,9,2,9,2,8,2,8,4,8,4,8,4,8,5,8,5,8,6,8,6,8,6,8,7,9,7,9,7,9,0,0,7,9,7,10,6,9,6,10,6,9,6,9,5,9,5,8,6,8,6,8,6,8,6,8,6,8,6,8,6,9,6,9,6,9,5,9,5,9,4,9,3,10,2,10,2,10,1,9,0,9,-1,8,0,0,0,0,0,0,0,0,0,0,0,0,0,0,52,-59,49,-56,48,-56,47,-59,42,-56,41,-55,45,-54,39,-57,38,-53,38,-52,36,-53,33,-51,35,-50,27,-50,25,-45,24,-46,21,-49,17,-50,11,-50,10,-46,9,-51,6,-51,2,-53,-1,-54,-2,-55,2,-61,2,-60,-2,-59,-1,-63,0,-65,3,-68,0,-70,4,-64,4,-67,5,-63,6,-64,2,-59,5,-60,2,-57,1,-58,-1,-56,0,-56,2,-57,-3,-61,-5,-64,-3,-58,7,-60,2,-60,4,-59,10,-55,11,-57,14,-55,21,-56,21,-47,23,-47,27,-42,28,-38,0,0,0,0,0,0,0,0,0,0,0,0,0,0,0,0,0,0,0,0,0,0,0,24,-5,23,-6,20,-6,23,-6,19,-4,19,-6,19,-5,19,-6,19,-7,20,-8,21,-4,21,-6,21,-8,26,-9,23,-12,23,-12,22,-10,18,-16,16,-10,12,-10,10,-9,11,-7,3,-4,7,-2,3,2,0,9,0,13,-1,15,-1,24,-4,22,0,35,3,34,5,38,8,45,10,44,15,43,17,45,18,48,20,55,24,55,25,52,25,55,33,57,29,54,27,56,31,63,31,61,30,66,39,67,40,66,41,70,43,68,47,61,43,68,48,66,53,68,51,0,0]",1
CSI_DATA,53433,1a:00:00:00:00:00,-31,11,1,0,1,1,1,0,0,0,1,-97,0,11,2,719580484,0,44,0,384,0,"[0,0,0,0,0,0,0,0,0,0,0,0,-14,0,-14,0,-14,0,-13,0,-13,0,-13,0,-12,0,-12,0,-12,0,-11,0,-11,1,-10,1,-10,1,-10,2,-9,2,-9,3,-9,3,-9,4,-9,5,-9,5,-9,5,-9,6,-10,6,-10,7,-10,7,-10,7,0,0,-11,6,-11,6,-10,6,-11,6,-10,5,-10,5,-10,5,-9,5,-9,5,-9,5,-9,6,-9,6,-9,6,-9,6,-10,5,-10,5,-10,5,-10,5,-11,4,-11,3,-11,2,-11,2,-11,1,-10,1,-10,0,-9,-1,0,0,0,0,0,0,0,0,0,0,0,0,0,0,55,54,46,50,52,52,52,49,49,41,52,46,49,41,49,47,49,41,47,39,45,34,46,32,47,34,43,29,42,30,43,24,46,21,44,20,49,19,42,12,48,14,47,6,52,3,52,6,55,5,59,3,55,2,57,2,64,5,60,2,65,6,65,5,64,7,65,6,58,7,60,13,56,8,55,6,51,7,55,4,52,6,56,4,55,6,58,4,61,6,56,5,55,8,55,10,55,13,55,15,54,18,52,19,50,23,44,25,41,24,37,27,36,29,0,0,0,0,0,0,0,0,0,0,0,0,0,0,0,0,0,0,0,0,0,0,-23,-1,-22,-4,-22,-5,-23,-8,-19,-5,-19,-7,-17,-8,-20,-6,-22,-6,-18,-6,-22,-8,-22,-6,-18,-5,-21,-6,-20,-10,-20,-9,-20,-13,-19,-9,-17,-14,-13,-11,-8,-11,-9,-9,-3,-5,-4,-3,-4,2,-2,3,-1,6,-3,12,-1,15,-2,20,-1,24,-5,30,-8,35,-9,32,-9,39,-15,42,-17,44,-24,48,-25,49,-27,52,-29,53,-28,47,-32,53,-33,50,-34,54,-34,58,-32,59,-39,57,-38,59,-41,58,-43,60,-51,64,-51,64,-48,57,-56,61,-55,63,-54,58,0,0]",1
CSI_DATA,53434,1a:00:00:00:00:00,-31,11,1,0,1,1,1,0,0,0,1,-97,0,11,2,719600605,0,44,0,384,0,"[0,0,0,0,0,0,0,0,0,0,0,0,10,7,10,7,10,7,10,7,9,7,9,7,9,7,8,6,8,6,8,5,8,5,8,4,8,4,8,3,8,3,8,2,8,2,8,1,9,1,9,1,10,0,10,0,10,0,11,0,11,0,11,0,0,0,12,1,11,1,11,1,11,1,11,1,10,2,10,1,10,1,10,1,9,0,10,0,10,0,10,0,10,0,10,1,10,1,10,2,10,2,10,3,9,3,9,4,8,5,8,5,7,5,7,5,6,5,0,0,0,0,0,0,0,0,0,0,0,0,0,0,-6,-75,-8,-71,-13,-71,-9,-70,-11,-69,-13,-68,-14,-65,-16,-68,-16,-62,-14,-61,-15,-61,-17,-59,-18,-59,-15,-53,-16,-49,-18,-47,-19,-48,-24,-46,-23,-45,-28,-38,-31,-41,-32,-39,-37,-38,-38,-36,-38,-38,-41,-42,-43,-38,-47,-40,-45,-43,-49,-44,-48,-45,-48,-49,-44,-48,-41,-46,-44,-43,-42,-44,-35,-45,-39,-46,-37,-40,-39,-43,-38,-39,-39,-39,-40,-41,-41,-42,-42,-41,-45,-41,-38,-45,-40,-45,-34,-45,-32,-44,-30,-48,-27,-49,-23,-49,-18,-51,-14,-49,-12,-43,-6,-46,0,0,0,0,0,0,0,0,0,0,0,0,0,0,0,0,0,0,0,0,0,0,18,14,13,14,14,18,16,17,11,16,10,13,12,13,10,13,14,15,14,16,15,14,12,17,9,18,15,14,11,18,10,19,8,17,9,20,3,16,3,13,2,14,2,7,1,7,0,0,3,2,4,-2,6,-8,7,-10,9,-12,13,-17,18,-20,25,-22,25,-23,27,-24,33,-24,37,-25,38,-25,45,-27,46,-27,50,-27,53,-25,51,-25,56,-23,58,-24,60,-25,58,-21,65,-25,65,-27,68,-26,71,-24,69,-23,74,-28,79,-25,76,-18,81,-21,80,-18,79,-17,0,0]",1
CSI_DATA,53435,1a:00:00:00:00:00,-31,11,1,0,1,1,1,0,0,0,1,-97,0,11,2,719610484,0,44,0,384,0,"[0,0,0,0,0,0,0,0,0,0,0,0,1,13,1,13,1,13,1,12,1,12,1,12,1,11,1,11,1,10,1,10,2,10,2,9,2,9,3,8,3,8,4,8,4,7,5,7,5,7,6,7,6,7,7,7,7,8,7,8,7,8,8,8,0,0,7,9,8,9,7,9,7,9,6,9,6,8,6,8,6,8,7,7,7,7,7,7,7,8,7,8,7,8,7,8,7,8,6,9,6,8,6,9,5,9,4,9,4,9,3,9,2,9,1,9,1,8,0,0,0,0,0,0,0,0,0,0,0,0,0,0,51,-62,48,-59,43,-55,42,-61,40,-60,42,-60,38,-57,39,-58,35,-57,36,-56,33,-53,32,-48,31,-53,29,-49,30,-47,24,-52,21,-49,16,-49,11,-53,9,-47,4,-52,2,-52,-1,-50,-4,-55,-3,-55,-7,-56,0,-64,-1,-64,-2,-67,-2,-67,-2,-63,1,-70,-1,-61,2,-65,2,-64,4,-63,2,-61,0,-63,-1,-59,-2,-58,-1,-58,-4,-54,2,-59,-5,-59,-2,-59,-3,-60,0,-62,2,-62,6,-60,5,-59,10,-58,14,-56,18,-53,17,-49,24,-48,25,-43,26,-37,0,0,0,0,0,0,0,0,0,0,0,0,0,0,0,0,0,0,0,0,0,0,2,20,-5,23,0,25,-5,22,-4,22,-9,22,-3,21,-4,20,-5,21,-5,21,-8,18,-5,20,-7,25,-9,22,-9,19,-9,22,-10,19,-11,16,-12,16,-8,12,-10,11,-5,10,-10,6,-2,6,-1,0,4,2,8,-4,15,-3,18,0,23,-2,25,-2,29,0,35,1,38,5,42,3,46,12,45,16,48,16,49,21,52,23,53,23,56,25,56,26,61,25,59,26,62,25,63,28,65,29,66,33,67,39,69,41,70,40,68,43,70,46,69,51,66,48,63,51,0,0]",1
CSI_DATA,53436,1a:00:00:00:00:00,-31,11,1,0,1,1,1,0,0,0,1,-97,0,11,2,719620853,0,44,0,384,0,"[0,0,0,0,0,0,0,0,0,0,0,0,5,-13,4,-13,4,-13,4,-13,4,-12,4,-12,4,-12,4,-11,3,-11,3,-11,2,-11,2,-10,1,-10,1,-10,0,-10,-1,-10,-1,-10,-1,-10,-2,-10,-3,-10,-3,-11,-3,-11,-3,-11,-4,-12,-4,-12,-4,-12,0,0,-3,-13,-3,-13,-3,-12,-3,-12,-2,-12,-2,-12,-2,-11,-3,-11,-3,-11,-3,-11,-3,-11,-3,-11,-3,-11,-3,-11,-3,-11,-3,-12,-2,-12,-2,-12,-1,-12,0,-11,0,-11,1,-11,2,-11,2,-10,3,-9,3,-8,0,0,0,0,0,0,0,0,0,0,0,0,0,0,-76,20,-77,22,-70,25,-67,19,-68,27,-64,28,-61,29,-65,27,-63,28,-57,24,-57,22,-55,22,-55,25,-51,28,-52,24,-46,31,-46,32,-39,32,-37,34,-35,34,-35,38,-31,41,-28,46,-35,44,-31,45,-33,51,-31,53,-35,55,-28,53,-34,60,-36,55,-39,56,-38,52,-37,54,-38,51,-40,47,-37,44,-34,47,-32,44,-30,47,-29,47,-28,48,-31,52,-28,55,-29,48,-35,54,-36,46,-38,49,-37,43,-42,42,-43,43,-45,33,-45,32,-44,30,-44,27,-44,22,-43,17,0,0,0,0,0,0,0,0,0,0,0,0,0,0,0,0,0,0,0,0,0,0,14,-22,9,-20,14,-19,12,-18,13,-20,14,-16,13,-16,12,-13,16,-14,11,-19,15,-18,13,-16,13,-18,14,-17,14,-13,18,-15,18,-14,16,-14,15,-9,15,-7,13,-7,9,-3,8,-3,4,-7,1,-2,-6,0,-2,-3,-11,-4,-16,-8,-19,-11,-24,-15,-27,-19,-28,-19,-32,-30,-31,-31,-29,-36,-35,-38,-34,-39,-35,-48,-34,-45,-37,-47,-38,-49,-36,-52,-40,-54,-35,-53,-38,-54,-37,-62,-37,-63,-40,-67,-37,-71,-40,-68,-39,-70,-37,-76,-34,-74,-34,-76,-32,-81,-30,-73,0,0]",1
CSI_DATA,53437,1a:00:00:00:00:00,-31,11,1,0,1,1,1,0,0,0,1,-97,0,11,2,719640505,0,44,0,384,0,"[0,0,0,0,0,0,0,0,0,0,0,0,13,1,13,1,12,1,12,1,12,1,12,1,11,1,11,1,11,1,10,0,10,0,9,0,9,-1,9,-1,8,-2,9,-3,8,-3,8,-4,8,-4,9,-5,9,-5,9,-5,9,-5,10,-6,10,-6,10,-6,0,0,11,-5,10,-5,10,-5,10,-5,10,-5,10,-4,9,-4,9,-5,9,-5,9,-5,9,-5,9,-5,9,-5,9,-5,10,-5,10,-5,10,-4,10,-4,10,-3,10,-3,10,-2,10,-1,10,-1,9,0,9,1,8,1,0,0,0,0,0,0,0,0,0,0,0,0,0,0,-50,-65,-45,-59,-51,-58,-46,-53,-48,-55,-47,-53,-46,-51,-47,-52,-46,-52,-43,-51,-46,-47,-42,-46,-42,-41,-43,-41,-40,-36,-39,-33,-40,-30,-41,-30,-42,-26,-45,-21,-48,-21,-50,-18,-51,-14,-52,-14,-56,-13,-56,-13,-62,-14,-62,-14,-62,-17,-66,-12,-63,-14,-66,-19,-62,-18,-63,-16,-61,-18,-62,-22,-55,-21,-53,-17,-55,-16,-55,-16,-55,-13,-56,-14,-57,-16,-57,-16,-56,-16,-59,-16,-55,-18,-59,-22,-53,-25,-52,-24,-50,-27,-47,-31,-45,-32,-42,-38,-36,-34,-33,-36,-29,-37,0,0,0,0,0,0,0,0,0,0,0,0,0,0,0,0,0,0,0,0,0,0,22,1,23,4,20,6,20,6,21,7,18,8,19,4,17,6,19,7,23,8,20,9,19,8,17,10,20,9,20,9,19,11,17,13,17,11,14,10,13,13,7,13,6,10,3,6,4,4,2,0,3,-6,1,-8,2,-14,1,-18,2,-23,6,-29,3,-32,9,-36,13,-39,13,-39,20,-42,24,-45,27,-46,28,-47,31,-51,30,-49,35,-53,38,-50,39,-53,37,-52,42,-55,39,-56,44,-60,47,-59,50,-62,53,-60,50,-59,56,-60,59,-62,61,-63,63,-58,62,-58,0,0]",1
CSI_DATA,53438,1a:00:00:00:00:00,-31,11,1,0,1,1,1,0,0,0,1,-97,0,11,2,719650481,0,44,0,384,0,"[0,0,0,0,0,0,0,0,0,0,0,0,-1,13,-1,12,-1,13,-1,12,-1,13,-1,12,-1,11,-1,11,-1,11,-1,10,0,10,0,9,0,9,1,9,1,9,3,8,3,8,3,8,4,8,4,8,4,9,5,9,5,9,6,9,6,10,6,10,0,0,5,10,5,10,5,10,5,10,4,10,4,10,4,10,4,9,4,9,5,9,5,9,5,9,5,9,5,9,5,10,4,9,4,10,4,10,3,10,2,10,1,10,1,10,0,10,0,9,-1,9,-2,8,0,0,0,0,0,0,0,0,0,0,0,0,0,0,63,-56,55,-52,53,-52,55,-52,48,-51,52,-51,52,-47,46,-52,48,-51,49,-50,41,-46,40,-45,41,-45,34,-45,34,-44,29,-44,29,-50,26,-45,22,-48,13,-48,13,-49,12,-53,8,-53,7,-52,7,-56,9,-61,7,-59,6,-59,9,-65,8,-62,13,-66,14,-68,12,-64,13,-65,16,-61,15,-61,15,-57,13,-58,13,-55,13,-57,10,-53,11,-58,15,-55,10,-62,11,-58,12,-57,17,-60,17,-60,21,-56,21,-54,24,-55,27,-52,29,-50,31,-46,30,-42,35,-36,34,-33,0,0,0,0,0,0,0,0,0,0,0,0,0,0,0,0,0,0,0,0,0,0,0,23,-2,23,-4,21,-5,23,-3,26,-6,20,-6,18,-7,17,-5,18,-5,21,-7,21,-6,22,-7,21,-10,22,-10,19,-11,19,-11,21,-12,18,-12,12,-11,10,-8,10,-9,12,-9,5,-5,7,1,1,5,1,9,0,9,0,15,1,23,0,29,1,30,5,32,5,38,7,39,14,42,14,44,21,46,20,50,26,52,26,48,30,52,30,53,35,54,35,53,35,56,30,57,36,60,37,62,40,65,47,61,48,65,51,65,49,58,50,64,49,63,57,62,60,0,0]",1
CSI_DATA,53439,1a:00:00:00:00:00,-31,11,1,0,1,1,1,0,0,0,1,-97,0,11,2,719660487,0,44,0,384,0,"[0,0,0,0,0,0,0,0,0,0,0,0,-14,-2,-14,-1,-14,-1,-13,-1,-13,-1,-13,-1,-13,-1,-12,-1,-12,-1,-11,0,-11,0,-11,0,-10,0,-10,1,-10,2,-10,2,-9,3,-9,3,-9,4,-10,4,-10,5,-10,5,-10,5,-10,6,-11,6,-11,6,0,0,-12,5,-12,5,-11,5,-12,5,-11,4,-11,4,-10,4,-10,4,-10,4,-10,5,-10,5,-10,5,-10,5,-10,5,-11,4,-11,4,-11,4,-11,3,-11,3,-11,2,-11,1,-11,1,-11,0,-10,-1,-10,-2,-9,-2,0,0,0,0,0,0,0,0,0,0,0,0,0,0,47,64,43,57,50,57,46,54,46,52,45,54,46,48,47,54,50,49,44,48,44,45,42,47,41,40,42,36,41,35,43,29,41,28,41,27,40,23,44,22,43,20,48,16,49,12,53,16,52,13,54,14,59,11,61,12,63,14,65,12,65,15,66,16,62,19,61,15,59,20,60,21,56,18,56,19,55,17,55,15,53,14,57,11,56,15,57,14,56,13,55,16,56,18,58,20,51,23,51,25,52,28,45,29,44,31,42,35,37,36,32,33,28,34,0,0,0,0,0,0,0,0,0,0,0,0,0,0,0,0,0,0,0,0,0,0,-23,2,-25,-4,-21,-4,-21,-7,-21,-7,-23,-5,-22,-7,-22,-4,-23,-7,-21,-5,-22,-5,-25,-5,-23,-7,-23,-7,-23,-8,-22,-13,-22,-11,-17,-15,-16,-14,-15,-13,-12,-9,-10,-8,-8,-4,-3,-5,-5,0,-2,3,-2,10,1,12,1,16,-3,21,-2,27,-7,31,-8,34,-14,40,-12,42,-19,41,-21,42,-22,50,-25,49,-25,49,-30,49,-34,53,-34,53,-38,52,-36,52,-39,56,-41,56,-42,57,-44,61,-46,61,-48,63,-51,62,-56,60,-58,61,-58,62,-60,58,-65,58,0,0]",1
CSI_DATA,53440,1a:00:00:00:00:00,-31,11,1,0,1,1,1,0,0,0,1,-97,0,11,2,719670494,0,44,0,384,0,"[0,0,0,0,0,0,0,0,0,0,0,0,3,-13,3,-13,3,-13,3,-13,2,-13,2,-12,2,-12,2,-11,2,-11,1,-11,1,-11,1,-10,0,-10,0,-10,-1,-10,-2,-10,-2,-9,-3,-9,-3,-10,-4,-10,-4,-10,-4,-10,-5,-11,-5,-11,-5,-11,-5,-12,0,0,-5,-12,-5,-12,-5,-12,-4,-12,-4,-11,-4,-11,-4,-11,-4,-10,-4,-10,-4,-10,-5,-10,-5,-10,-5,-10,-5,-11,-5,-11,-4,-11,-4,-11,-4,-11,-3,-11,-2,-11,-1,-11,-1,-11,0,-11,0,-10,1,-10,1,-9,0,0,0,0,0,0,0,0,0,0,0,0,0,0,-64,40,-62,37,-62,37,-59,37,-53,36,-57,37,-54,36,-57,40,-53,37,-51,39,-49,38,-48,38,-45,36,-43,36,-42,34,-41,36,-36,37,-31,39,-30,40,-26,42,-24,44,-22,46,-18,47,-19,50,-18,53,-15,52,-17,56,-18,58,-18,57,-21,60,-23,59,-24,62,-24,58,-22,57,-25,58,-25,58,-24,55,-22,52,-18,51,-17,51,-15,50,-18,53,-19,54,-17,54,-17,54,-20,55,-23,52,-22,51,-24,51,-25,51,-28,48,-33,44,-32,45,-36,40,-38,35,-37,28,-37,27,0,0,0,0,0,0,0,0,0,0,0,0,0,0,0,0,0,0,0,0,0,0,8,-25,6,-21,9,-22,10,-20,12,-19,11,-19,8,-18,13,-18,13,-17,6,-20,14,-19,10,-18,15,-22,15,-15,14,-18,14,-18,14,-14,16,-14,13,-12,10,-11,14,-9,8,-5,6,-8,5,-6,-1,-6,-4,-2,-10,-3,-13,-2,-18,-4,-21,-7,-22,-10,-29,-15,-32,-16,-38,-20,-35,-24,-39,-27,-37,-29,-40,-34,-41,-38,-40,-36,-45,-40,-43,-42,-43,-43,-44,-45,-42,-44,-46,-47,-48,-47,-48,-53,-50,-56,-51,-56,-53,-60,-54,-60,-54,-63,-47,-66,-54,-68,-49,-68,-48,-68,0,0]",1
CSI_DATA,53441,1a:00:00:00:00:00,-31,11,1,0,1,1,1,0,0,0,1,-97,0,11,2,719690480,0,44,0,384,0,"[0,0,0,0,0,0,0,0,0,0,0,0,-4,12,-4,12,-4,12,-4,12,-4,12,-4,11,-3,11,-3,11,-3,10,-3,10,-2,10,-2,9,-2,9,-1,9,0,9,1,9,1,8,2,9,2,9,3,9,3,9,3,10,3,10,4,10,4,11,4,10,0,0,3,11,3,11,3,11,3,11,2,10,2,10,2,10,3,10,3,10,3,9,3,9,3,10,3,10,3,10,3,10,3,10,2,11,2,10,1,10,1,10,0,10,-1,10,-1,10,-2,9,-3,9,-3,8,0,0,0,0,0,0,0,0,0,0,0,0,0,0,70,-39,67,-33,60,-37,66,-36,62,-39,57,-40,57,-39,60,-36,57,-38,52,-33,51,-40,50,-37,53,-37,46,-37,42,-33,37,-38,38,-39,31,-38,35,-42,29,-40,25,-42,24,-45,23,-48,18,-49,20,-51,19,-54,25,-61,20,-55,20,-65,21,-64,24,-61,25,-69,26,-60,27,-58,28,-57,30,-54,23,-55,27,-54,23,-55,24,-51,24,-51,17,-50,21,-55,20,-56,24,-57,22,-58,25,-52,24,-55,30,-49,29,-47,40,-48,40,-43,39,-41,39,-40,37,-35,39,-27,35,-27,0,0,0,0,0,0,0,0,0,0,0,0,0,0,0,0,0,0,0,0,0,0,-10,22,-8,21,-8,21,-10,19,-10,17,-14,17,-13,16,-11,21,-12,19,-13,19,-15,17,-13,20,-14,18,-14,20,-15,19,-15,15,-17,19,-17,15,-15,9,-15,9,-13,7,-11,5,-6,1,-3,3,3,1,5,2,6,4,12,4,17,2,20,7,25,8,27,9,33,16,33,22,37,22,36,27,38,29,40,34,39,40,42,41,44,43,42,45,42,48,41,49,45,47,42,51,43,49,45,53,46,57,49,62,49,60,52,62,44,66,46,66,49,69,48,74,44,74,0,0]",1
CSI_DATA,53442,1a:00:00:00:00:00,-31,11,1,0,1,1,1,0,0,0,1,-97,0,11,2,719700506,0,44,0,384,0,"[0,0,0,0,0,0,0,0,0,0,0,0,-12,-8,-12,-7,-12,-7,-12,-7,-12,-7,-11,-7,-11,-7,-10,-7,-10,-6,-10,-6,-10,-5,-10,-5,-9,-4,-9,-3,-9,-3,-10,-2,-10,-1,-10,-1,-10,0,-11,0,-11,0,-11,0,-12,0,-12,1,-13,0,-12,0,0,0,-13,0,-13,0,-12,0,-13,-1,-12,-1,-12,-1,-12,-1,-11,-1,-11,0,-11,0,-12,0,-11,0,-11,0,-11,0,-12,0,-12,-1,-12,-1,-12,-1,-12,-2,-11,-3,-11,-4,-11,-4,-10,-5,-9,-5,-9,-5,-8,-5,0,0,0,0,0,0,0,0,0,0,0,0,0,0,25,72,25,73,24,71,24,65,27,63,27,65,31,60,28,63,25,63,25,59,24,55,26,55,26,55,30,49,25,51,32,45,33,42,33,41,34,39,33,34,40,32,41,30,44,31,41,29,47,31,51,29,53,31,52,31,58,30,55,32,58,34,57,39,53,35,54,35,52,36,48,39,47,35,47,35,46,34,48,32,45,29,50,30,49,32,54,29,48,32,50,31,50,32,50,37,45,37,39,39,39,45,33,44,35,43,28,45,24,40,22,42,15,43,0,0,0,0,0,0,0,0,0,0,0,0,0,0,0,0,0,0,0,0,0,0,-22,-9,-20,-12,-19,-14,-20,-16,-17,-17,-14,-12,-18,-13,-19,-11,-15,-16,-16,-15,-17,-15,-19,-17,-17,-14,-18,-14,-17,-18,-15,-17,-13,-17,-11,-17,-10,-19,-8,-13,-4,-14,-7,-12,-3,-7,-4,-4,-4,-2,-6,3,-5,7,-5,13,-9,16,-9,19,-12,23,-17,26,-20,29,-27,33,-31,30,-33,32,-37,36,-41,34,-41,33,-42,37,-45,35,-48,38,-50,35,-54,37,-57,37,-54,35,-57,36,-61,39,-64,43,-67,41,-66,43,-68,44,-74,40,-74,39,-76,41,-76,35,-76,34,0,0]",1
CSI_DATA,53443,1a:00:00:00:00:00,-31,11,1,0,1,1,1,0,0,0,1,-97,0,11,2,719710492,0,44,0,384,0,"[0,0,0,0,0,0,0,0,0,0,0,0,7,-12,6,-12,6,-11,7,-12,6,-11,6,-11,6,-11,5,-10,5,-10,5,-10,4,-10,4,-10,3,-9,3,-9,2,-10,1,-9,1,-10,0,-10,0,-10,-1,-11,0,-11,-1,-11,-1,-11,-1,-12,-1,-12,-1,-13,0,0,-1,-13,0,-12,0,-13,0,-12,0,-12,0,-12,0,-11,0,-11,0,-11,0,-11,-1,-11,-1,-11,-1,-11,-1,-12,0,-11,0,-12,0,-12,1,-12,1,-11,2,-11,3,-11,3,-10,4,-10,4,-9,5,-8,5,-8,0,0,0,0,0,0,0,0,0,0,0,0,0,0,-78,13,-73,15,-72,18,-69,17,-70,15,-67,18,-69,18,-71,22,-68,19,-64,17,-65,17,-60,18,-60,19,-53,19,-51,20,-52,19,-48,25,-44,28,-43,28,-39,30,-41,33,-37,36,-35,38,-36,42,-36,37,-40,47,-39,48,-42,46,-40,48,-41,51,-44,50,-48,49,-44,45,-46,49,-48,48,-46,42,-45,41,-43,40,-43,39,-41,42,-40,41,-36,39,-41,45,-40,44,-39,41,-40,42,-46,45,-44,44,-47,40,-46,34,-49,30,-50,30,-52,24,-48,23,-50,15,-48,12,-46,10,0,0,0,0,0,0,0,0,0,0,0,0,0,0,0,0,0,0,0,0,0,0,11,-24,11,-21,14,-18,13,-16,15,-19,13,-13,13,-16,13,-16,16,-14,11,-17,16,-15,16,-14,15,-15,17,-16,21,-11,20,-15,19,-11,18,-10,17,-7,16,-6,14,-6,10,-4,5,-1,4,-3,2,-4,-4,-6,-7,-5,-9,-5,-14,-11,-19,-13,-22,-17,-25,-21,-26,-23,-28,-33,-29,-35,-28,-37,-31,-42,-32,-44,-28,-48,-30,-50,-29,-51,-29,-55,-32,-57,-30,-60,-29,-58,-33,-60,-34,-68,-33,-68,-27,-69,-29,-72,-32,-72,-36,-79,-28,-82,-28,-77,-25,-81,-24,-81,-21,-82,0,0]",1
CSI_DATA,53444,1a:00:00:00:00:00,-31,11,1,0,1,1,1,0,0,0,1,-97,0,11,2,719730499,0,44,0,384,0,"[0,0,0,0,0,0,0,0,0,0,0,0,-6,12,-6,12,-6,12,-6,12,-5,12,-5,11,-5,11,-5,11,-5,10,-4,10,-4,10,-3,10,-3,9,-2,9,-1,9,0,9,0,9,1,9,1,9,2,10,2,10,2,10,2,11,3,11,3,12,3,12,0,0,2,12,2,12,2,12,2,12,2,11,2,11,2,11,2,10,2,10,2,10,3,10,2,10,2,11,3,11,2,11,2,11,2,11,1,11,0,11,0,11,-1,11,-2,10,-2,10,-3,9,-4,9,-4,8,0,0,0,0,0,0,0,0,0,0,0,0,0,0,78,-31,71,-21,66,-26,66,-29,65,-32,63,-26,62,-28,66,-32,63,-32,59,-31,56,-27,54,-29,52,-30,47,-28,45,-28,45,-31,42,-35,40,-36,35,-37,31,-37,33,-42,31,-42,25,-46,22,-46,30,-50,25,-53,25,-56,26,-57,30,-56,29,-61,30,-60,32,-63,33,-59,32,-58,34,-56,33,-50,27,-49,28,-47,29,-50,26,-50,27,-52,25,-51,26,-52,30,-53,27,-49,31,-56,30,-49,34,-52,33,-48,34,-43,40,-45,36,-43,41,-40,45,-37,39,-29,43,-27,42,-21,0,0,0,0,0,0,0,0,0,0,0,0,0,0,0,0,0,0,0,0,0,0,-11,19,-13,20,-13,18,-15,16,-19,15,-14,15,-14,16,-19,13,-14,16,-16,16,-11,15,-19,14,-15,14,-17,16,-19,14,-19,12,-19,13,-19,12,-16,7,-11,5,-15,5,-11,3,-7,0,-2,3,0,3,1,2,4,2,10,4,15,6,20,11,19,14,26,16,31,21,32,28,30,28,33,32,34,36,31,37,34,44,35,46,38,49,35,48,36,52,38,56,37,51,38,54,40,58,40,62,42,60,36,65,37,67,45,75,40,76,37,73,38,71,38,78,32,74,0,0]",1
CSI_DATA,53445,1a:00:00:00:00:00,-31,11,1,0,1,1,1,0,0,0,1,-97,0,11,2,719740508,0,44,0,384,0,"[0,0,0,0,0,0,0,0,0,0,0,0,-12,-8,-12,-7,-12,-7,-12,-7,-11,-7,-11,-7,-11,-7,-11,-6,-10,-6,-10,-5,-10,-5,-10,-4,-10,-4,-10,-3,-10,-3,-10,-2,-10,-1,-10,-1,-10,0,-11,0,-11,0,-11,0,-12,1,-12,1,-12,1,-13,1,0,0,-13,0,-13,0,-13,0,-13,0,-12,0,-12,-1,-12,-1,-11,0,-11,0,-11,0,-11,1,-11,1,-11,1,-12,1,-12,0,-12,0,-12,0,-12,-1,-12,-1,-11,-2,-11,-3,-11,-4,-10,-4,-9,-4,-9,-5,-8,-5,0,0,0,0,0,0,0,0,0,0,0,0,0,0,14,77,10,72,15,72,13,69,20,68,16,68,16,66,14,67,16,58,18,62,16,60,17,55,16,57,20,52,21,49,23,47,24,47,25,42,26,40,31,35,33,39,34,33,39,34,41,37,40,32,45,38,45,35,49,34,52,38,52,37,52,36,54,43,46,41,49,39,45,38,43,40,41,40,40,38,41,36,42,37,37,33,43,31,45,33,46,30,45,36,43,36,45,41,42,39,42,42,36,44,36,43,29,44,27,48,26,45,20,42,17,44,13,40,0,0,0,0,0,0,0,0,0,0,0,0,0,0,0,0,0,0,0,0,0,0,-21,-13,-22,-16,-14,-16,-15,-18,-12,-16,-14,-15,-14,-16,-13,-14,-11,-18,-15,-16,-16,-17,-17,-20,-14,-17,-16,-16,-13,-20,-10,-18,-12,-18,-8,-18,-4,-20,-3,-15,-5,-16,-3,-9,-3,-8,-2,-5,-5,-1,-3,-1,-7,7,-9,12,-10,10,-13,14,-18,20,-23,23,-25,23,-33,26,-34,27,-39,26,-39,26,-45,29,-48,28,-52,29,-57,26,-56,25,-57,26,-55,28,-59,30,-63,25,-66,30,-64,29,-69,28,-71,28,-75,28,-73,31,-82,29,-72,21,-78,26,-79,20,-77,18,0,0]",1
CSI_DATA,53446,1a:00:00:00:00:00,-30,11,1,0,1,1,1,0,0,0,1,-97,0,11,2,719750493,0,44,0,384,0,"[0,0,0,0,0,0,0,0,0,0,0,0,5,-13,5,-13,4,-12,5,-13,4,-12,4,-12,4,-11,4,-11,4,-11,3,-10,3,-10,2,-10,2,-10,1,-10,1,-10,-1,-10,-1,-10,-1,-10,-2,-10,-2,-10,-2,-11,-3,-11,-3,-11,-3,-12,-3,-12,-3,-12,0,0,-3,-13,-3,-12,-3,-12,-2,-12,-2,-12,-2,-12,-2,-11,-2,-11,-2,-11,-3,-11,-3,-11,-3,-11,-3,-11,-3,-11,-3,-11,-2,-12,-2,-11,-1,-12,-1,-11,0,-11,1,-11,1,-11,2,-10,2,-10,3,-9,3,-8,0,0,0,0,0,0,0,0,0,0,0,0,0,0,-74,33,-74,26,-71,35,-67,33,-61,29,-64,32,-63,34,-63,31,-57,32,-60,31,-57,32,-55,30,-50,30,-48,27,-47,29,-45,31,-38,33,-36,34,-34,39,-32,37,-33,40,-27,41,-23,49,-25,46,-22,51,-23,57,-23,56,-26,56,-28,60,-28,61,-27,62,-28,65,-29,59,-29,61,-32,56,-32,56,-28,53,-29,49,-29,53,-28,51,-24,50,-24,51,-25,56,-24,56,-26,60,-23,56,-28,54,-28,50,-31,51,-33,46,-38,49,-39,43,-39,42,-41,35,-41,31,-41,29,-44,21,0,0,0,0,0,0,0,0,0,0,0,0,0,0,0,0,0,0,0,0,0,0,9,-23,14,-24,9,-21,12,-15,11,-15,13,-18,12,-13,16,-13,15,-16,10,-17,16,-18,16,-12,15,-17,16,-17,17,-15,19,-14,20,-16,18,-10,18,-12,15,-7,11,-7,9,-5,7,-5,4,0,0,-3,-3,-6,-8,-3,-12,-8,-17,-9,-21,-11,-22,-12,-28,-21,-29,-21,-32,-27,-34,-33,-35,-36,-33,-36,-35,-41,-36,-46,-36,-44,-40,-50,-38,-47,-38,-53,-37,-50,-38,-56,-37,-50,-40,-58,-45,-62,-43,-65,-43,-64,-45,-67,-45,-75,-43,-78,-40,-70,-40,-76,-39,-80,-36,-80,0,0]",1
CSI_DATA,53447,1a:00:00:00:00:00,-31,11,1,0,1,1,1,0,0,0,1,-97,0,11,2,719770481,0,44,0,384,0,"[0,0,0,0,0,0,0,0,0,0,0,0,-4,13,-3,13,-3,13,-3,12,-3,12,-3,12,-3,11,-3,11,-3,11,-2,10,-2,10,-1,10,-1,9,0,9,0,9,1,9,1,9,2,9,3,9,3,9,3,9,3,10,4,10,4,10,4,11,4,11,0,0,4,11,4,11,3,11,3,11,3,11,3,10,2,10,3,10,3,10,3,10,3,10,3,10,3,10,3,10,3,10,2,10,2,11,2,10,1,10,0,10,-1,10,-1,10,-2,10,-2,9,-3,9,-3,8,0,0,0,0,0,0,0,0,0,0,0,0,0,0,71,-28,72,-23,65,-26,66,-25,64,-28,64,-28,60,-26,65,-27,61,-30,55,-26,56,-25,53,-27,53,-27,49,-25,48,-29,45,-30,40,-30,41,-34,37,-33,33,-34,32,-40,31,-41,29,-44,27,-46,26,-45,30,-48,29,-50,29,-55,34,-56,32,-56,34,-58,39,-57,35,-54,36,-56,35,-50,37,-48,34,-50,36,-46,33,-45,33,-46,28,-44,29,-48,30,-52,29,-49,32,-50,33,-51,37,-49,32,-47,39,-43,40,-40,45,-39,42,-36,45,-32,42,-29,43,-22,44,-19,44,-15,0,0,0,0,0,0,0,0,0,0,0,0,0,0,0,0,0,0,0,0,0,0,-7,22,-13,20,-13,18,-17,15,-10,19,-13,17,-15,15,-10,12,-13,13,-12,17,-13,16,-14,17,-17,15,-14,17,-16,13,-16,14,-15,14,-19,12,-18,9,-16,7,-11,7,-8,5,-10,4,-2,4,-2,5,0,1,6,2,13,5,17,6,21,8,24,13,28,17,24,18,30,27,32,28,32,30,33,36,35,40,31,45,35,46,35,49,35,46,35,51,35,53,38,54,34,53,35,58,40,60,38,61,40,64,38,65,41,69,39,73,37,69,35,74,35,78,34,71,0,0]",1
CSI_DATA,53448,1a:00:00:00:00:00,-31,11,1,0,1,1,1,0,0,0,1,-97,0,11,2,719780487,0,44,0,384,0,"[0,0,0,0,0,0,0,0,0,0,0,0,-13,-6,-13,-5,-13,-5,-13,-5,-13,-5,-12,-5,-12,-5,-12,-5,-11,-4,-11,-4,-11,-3,-10,-3,-10,-2,-10,-2,-10,-1,-10,0,-10,0,-10,1,-10,1,-10,2,-11,2,-11,2,-12,2,-12,3,-12,3,-12,3,0,0,-13,2,-13,2,-13,2,-13,1,-12,1,-12,1,-11,1,-11,1,-11,1,-11,2,-11,2,-11,2,-11,2,-12,2,-12,1,-12,1,-12,1,-12,0,-12,0,-11,-1,-12,-2,-11,-3,-11,-3,-10,-3,-9,-4,-8,-4,0,0,0,0,0,0,0,0,0,0,0,0,0,0,37,69,31,64,33,61,37,60,37,57,36,59,36,57,36,58,36,57,33,52,34,49,35,48,36,46,31,44,30,41,33,39,34,39,37,32,39,31,38,25,44,25,46,23,46,22,48,18,49,22,53,20,54,20,57,21,59,20,65,24,59,25,65,24,59,26,59,27,56,25,53,28,54,26,50,25,50,28,49,21,49,21,52,25,55,21,53,21,55,23,52,22,54,26,50,27,47,31,45,29,49,33,40,35,39,36,36,37,34,38,28,37,23,37,0,0,0,0,0,0,0,0,0,0,0,0,0,0,0,0,0,0,0,0,0,0,-22,-8,-21,-9,-22,-10,-21,-10,-19,-10,-17,-7,-14,-6,-14,-16,-17,-11,-19,-12,-20,-11,-18,-15,-18,-14,-20,-15,-20,-16,-18,-17,-17,-16,-16,-16,-10,-15,-10,-16,-7,-13,-5,-9,-5,-7,-5,-5,-3,0,-5,3,-6,8,-4,12,-7,16,-9,22,-7,22,-14,28,-15,29,-20,31,-25,36,-27,37,-32,36,-36,41,-41,41,-40,38,-39,41,-42,40,-49,43,-46,44,-48,40,-51,46,-49,47,-56,48,-56,44,-58,48,-63,45,-64,48,-67,50,-62,43,-73,41,-72,45,-69,43,0,0]",1
CSI_DATA,53449,1a:00:00:00:00:00,-30,11,1,0,1,1,1,0,0,0,1,-97,0,11,2,719790506,0,44,0,384,0,"[0,0,0,0,0,0,0,0,0,0,0,0,7,-12,6,-12,6,-12,6,-12,6,-11,6,-11,6,-10,6,-10,5,-10,5,-10,4,-10,4,-10,3,-9,3,-9,2,-9,1,-10,1,-10,0,-10,0,-10,0,-11,0,-11,-1,-11,-1,-11,-1,-12,-1,-12,-1,-12,0,0,0,-13,0,-13,0,-13,0,-12,0,-12,1,-12,1,-11,0,-11,0,-11,0,-11,-1,-11,0,-11,0,-11,0,-11,0,-12,0,-12,1,-12,1,-11,2,-11,3,-11,3,-11,4,-10,4,-9,4,-9,5,-8,5,-7,0,0,0,0,0,0,0,0,0,0,0,0,0,0,-77,11,-76,8,-70,12,-70,12,-70,14,-68,12,-67,16,-66,13,-65,14,-62,12,-59,14,-59,13,-59,18,-52,15,-54,13,-49,17,-49,21,-44,21,-45,22,-41,29,-41,30,-39,34,-37,36,-38,40,-39,37,-39,44,-42,45,-40,46,-44,46,-44,48,-46,48,-46,45,-50,42,-46,46,-45,45,-44,39,-44,42,-43,40,-40,42,-39,38,-38,36,-40,39,-42,42,-36,44,-43,42,-42,42,-43,36,-46,40,-43,33,-45,32,-50,28,-48,26,-50,25,-47,20,-47,11,-48,13,-46,4,0,0,0,0,0,0,0,0,0,0,0,0,0,0,0,0,0,0,0,0,0,0,14,-19,15,-17,16,-19,16,-14,15,-16,14,-12,15,-10,13,-12,16,-15,18,-13,16,-14,17,-11,19,-12,16,-15,18,-13,19,-12,20,-10,16,-9,15,-6,15,-6,13,-4,12,-4,4,0,6,0,0,-3,-1,-6,-6,-4,-9,-9,-15,-11,-18,-15,-20,-20,-24,-22,-24,-26,-25,-32,-27,-35,-27,-42,-28,-43,-26,-46,-25,-49,-26,-51,-26,-52,-25,-55,-21,-58,-27,-61,-25,-61,-24,-61,-26,-63,-24,-69,-26,-68,-25,-76,-21,-76,-24,-80,-23,-78,-23,-82,-17,-84,-19,-76,-16,-85,0,0]",1
CSI_DATA,53450,1a:00:00:00:00:00,-30,11,1,0,1,1,1,0,0,0,1,-97,0,11,2,719810491,0,44,0,384,0,"[0,0,0,0,0,0,0,0,0,0,0,0,-3,12,-3,12,-2,12,-3,12,-2,12,-3,11,-2,11,-2,10,-2,10,-1,10,-1,10,-1,9,0,9,0,8,1,8,1,8,2,8,2,8,3,8,4,9,4,9,4,9,4,9,5,9,5,10,5,10,0,0,4,10,4,10,4,10,4,10,4,10,4,10,3,9,3,9,4,9,4,9,4,9,4,9,4,9,4,9,4,9,4,10,3,10,3,10,2,10,2,10,1,10,0,10,0,9,-1,9,-2,8,-2,8,0,0,0,0,0,0,0,0,0,0,0,0,0,0,68,-44,61,-38,58,-42,57,-42,54,-39,57,-38,52,-41,56,-42,52,-40,49,-36,48,-39,46,-38,45,-39,40,-40,39,-38,40,-38,32,-40,26,-41,26,-40,25,-42,21,-46,20,-48,18,-51,16,-50,17,-53,15,-55,16,-56,18,-60,19,-63,17,-61,18,-68,23,-62,23,-61,20,-60,22,-63,23,-57,24,-53,21,-54,20,-53,17,-54,18,-53,17,-55,17,-58,16,-55,19,-57,17,-57,21,-54,25,-55,25,-52,28,-52,31,-50,32,-46,34,-43,39,-40,33,-32,36,-33,36,-29,0,0,0,0,0,0,0,0,0,0,0,0,0,0,0,0,0,0,0,0,0,0,-5,21,-10,22,-7,19,-10,19,-11,19,-10,13,-10,16,-12,15,-12,18,-11,21,-14,17,-11,17,-13,25,-9,21,-14,19,-12,15,-15,16,-15,14,-16,14,-12,10,-14,10,-8,6,-8,4,-4,7,-2,6,8,5,9,4,11,3,18,6,21,9,25,8,29,7,28,11,32,18,39,23,37,23,39,27,38,32,42,36,44,36,45,37,46,43,44,41,45,42,45,43,52,49,49,46,50,49,52,50,53,53,51,55,52,59,50,61,51,65,50,63,50,67,49,63,0,0]",1
CSI_DATA,53451,1a:00:00:00:00:00,-30,11,1,0,1,1,1,0,0,0,1,-97,0,11,2,719821295,0,44,0,384,0,"[0,0,0,0,0,0,0,0,0,0,0,0,5,11,5,11,6,11,5,11,5,11,5,11,5,10,5,10,4,9,5,9,5,8,5,8,5,7,5,7,6,6,6,6,7,5,7,5,8,5,8,5,8,5,9,5,9,5,10,5,10,5,10,5,0,0,10,6,10,6,10,6,9,6,9,6,9,6,9,6,9,5,9,5,8,5,9,5,9,5,9,5,9,5,9,5,9,6,9,6,8,6,8,7,7,7,7,8,6,8,5,8,4,8,4,8,3,7,0,0,0,0,0,0,0,0,0,0,0,0,0,0,18,-74,20,-72,16,-70,16,-71,14,-68,9,-66,12,-65,8,-67,13,-67,10,-65,9,-62,4,-61,3,-60,5,-59,2,-54,1,-52,-3,-51,-5,-50,-9,-50,-13,-47,-17,-49,-18,-49,-27,-49,-22,-50,-23,-51,-25,-53,-29,-54,-31,-56,-31,-56,-30,-58,-30,-59,-26,-59,-23,-61,-26,-60,-21,-59,-23,-60,-20,-56,-19,-58,-17,-54,-22,-53,-21,-53,-26,-56,-23,-54,-27,-55,-23,-53,-24,-56,-19,-58,-18,-56,-16,-55,-14,-57,-10,-57,-7,-56,-1,-52,-1,-51,3,-50,7,-47,14,-43,0,0,0,0,0,0,0,0,0,0,0,0,0,0,0,0,0,0,0,0,0,0,11,17,11,20,11,20,7,18,9,22,8,19,5,19,7,17,7,22,4,20,8,22,6,20,9,18,4,21,8,23,3,21,3,21,3,18,0,17,-3,16,0,14,-1,11,2,9,3,3,6,0,3,0,7,-5,12,-6,13,-11,20,-10,22,-13,28,-8,35,-14,38,-12,42,-10,44,-10,46,-8,52,-9,54,-5,57,-7,58,-5,59,-4,59,-3,65,-3,64,-4,65,2,65,-1,70,-1,70,2,76,4,80,2,79,7,80,9,80,11,83,13,78,10,78,15,0,0]",1
CSI_DATA,53452,1a:00:00:00:00:00,-30,11,1,0,1,1,1,0,0,0,1,-97,0,11,2,719830480,0,44,0,384,0,"[0,0,0,0,0,0,0,0,0,0,0,0,-1,-14,-2,-14,-1,-14,-1,-14,-1,-14,-1,-13,-1,-12,-1,-12,-1,-12,-2,-12,-2,-11,-3,-10,-3,-10,-3,-10,-4,-9,-4,-9,-5,-9,-6,-9,-6,-8,-6,-9,-7,-9,-7,-9,-8,-10,-8,-9,-8,-10,-9,-10,0,0,-8,-11,-8,-11,-7,-11,-8,-11,-7,-10,-7,-10,-7,-10,-7,-10,-7,-10,-7,-9,-7,-9,-7,-9,-8,-9,-7,-9,-7,-10,-7,-10,-7,-11,-6,-10,-5,-11,-5,-11,-4,-11,-3,-11,-3,-11,-2,-10,-1,-10,-1,-9,0,0,0,0,0,0,0,0,0,0,0,0,0,0,-59,52,-54,49,-55,49,-51,49,-49,49,-52,47,-49,48,-49,48,-49,47,-44,43,-44,43,-38,50,-39,43,-33,45,-34,43,-31,43,-27,43,-22,44,-20,43,-21,43,-14,45,-11,48,-10,52,-8,55,-8,55,-8,57,-5,58,-10,61,-10,63,-8,66,-12,62,-14,65,-15,61,-12,63,-14,61,-15,60,-13,58,-15,58,-10,52,-13,56,-12,49,-9,55,-16,57,-10,56,-13,55,-15,55,-16,58,-17,56,-19,54,-20,52,-23,52,-26,50,-30,45,-31,42,-32,38,-32,34,-32,26,0,0,0,0,0,0,0,0,0,0,0,0,0,0,0,0,0,0,0,0,0,0,1,-21,1,-23,5,-20,1,-22,5,-22,6,-18,6,-18,4,-18,2,-19,1,-23,7,-21,5,-21,9,-20,6,-20,8,-23,8,-18,9,-20,10,-15,15,-16,10,-14,9,-11,2,-13,1,-9,0,-10,0,-6,-6,1,-5,-5,-14,-3,-16,-4,-21,-2,-27,-5,-32,-6,-37,-10,-40,-13,-41,-14,-44,-18,-41,-20,-50,-23,-51,-27,-49,-28,-48,-31,-54,-31,-53,-32,-53,-34,-53,-36,-59,-38,-60,-40,-59,-41,-63,-44,-61,-43,-64,-49,-68,-51,-62,-57,-61,-56,-65,-58,-64,-58,-56,-56,0,0]",1
CSI_DATA,53453,1a:00:00:00:00:00,-30,11,1,0,1,1,1,0,0,0,1,-97,0,11,2,719850490,0,44,0,384,0,"[0,0,0,0,0,0,0,0,0,0,0,0,0,13,1,13,1,12,1,13,1,12,1,12,0,11,0,11,0,11,1,10,1,10,2,9,2,9,3,9,3,8,4,8,4,8,5,8,5,8,6,8,6,8,6,8,7,8,8,8,8,9,8,9,0,0,7,10,7,10,7,10,6,9,6,9,6,10,5,9,6,9,6,8,6,8,7,8,6,8,6,8,6,9,6,9,6,9,5,9,5,10,4,10,3,10,3,10,2,10,1,10,1,9,0,9,-1,8,0,0,0,0,0,0,0,0,0,0,0,0,0,0,58,-47,58,-39,53,-48,52,-46,48,-48,49,-50,47,-48,50,-47,47,-47,42,-44,43,-46,39,-43,41,-43,36,-45,35,-40,32,-40,28,-44,24,-47,22,-43,17,-46,14,-47,14,-52,11,-50,11,-52,13,-56,11,-58,6,-59,6,-61,8,-66,8,-64,11,-65,13,-65,16,-61,12,-65,17,-62,13,-61,18,-58,18,-53,16,-57,13,-57,9,-55,8,-57,10,-58,6,-56,11,-56,6,-57,16,-56,15,-58,20,-55,19,-57,26,-52,26,-48,30,-46,31,-41,31,-40,30,-33,32,-29,0,0,0,0,0,0,0,0,0,0,0,0,0,0,0,0,0,0,0,0,0,0,-3,22,-5,22,-5,20,-7,23,-8,20,-7,17,-7,17,-8,19,-3,18,-8,19,-7,22,-7,23,-6,21,-6,19,-12,20,-11,22,-9,17,-12,15,-11,14,-12,15,-11,12,-8,7,-7,3,-3,6,0,3,3,1,10,-1,12,4,20,1,20,4,24,3,32,10,33,10,36,15,38,17,41,21,45,24,44,23,47,26,48,32,51,30,49,34,50,36,51,36,51,41,52,37,57,43,55,44,55,49,58,51,58,48,60,47,58,58,57,55,62,56,57,63,55,58,0,0]",1
CSI_DATA,53454,1a:00:00:00:00:00,-31,11,1,0,1,1,1,0,0,0,1,-97,0,11,2,719860479,0,44,0,384,0,"[0,0,0,0,0,0,0,0,0,0,0,0,-13,1,-13,2,-13,2,-13,1,-13,1,-12,1,-12,1,-11,1,-11,1,-10,2,-10,2,-10,2,-9,2,-9,3,-9,3,-8,4,-8,4,-8,5,-8,5,-8,6,-8,6,-8,7,-8,7,-8,7,-9,8,-9,8,0,0,-10,7,-10,7,-10,7,-10,7,-9,6,-9,6,-9,6,-9,6,-9,6,-8,6,-8,6,-9,6,-9,6,-9,6,-9,6,-9,6,-10,6,-9,5,-10,5,-10,4,-10,3,-10,2,-10,2,-9,1,-10,0,-9,0,0,0,0,0,0,0,0,0,0,0,0,0,0,0,54,51,55,50,53,45,51,43,52,42,51,42,53,38,53,41,51,41,49,37,48,37,47,36,46,33,46,29,43,28,44,24,46,22,48,19,45,16,44,8,49,12,49,7,49,4,55,4,53,3,55,1,60,-1,59,-1,62,3,65,2,65,4,68,6,64,8,61,4,64,6,58,9,58,11,57,10,55,6,55,5,55,7,55,-1,54,6,60,1,58,5,56,2,57,8,61,11,53,14,55,17,53,15,53,22,49,26,44,23,41,30,34,26,31,31,0,0,0,0,0,0,0,0,0,0,0,0,0,0,0,0,0,0,0,0,0,0,-25,0,-26,1,-21,-1,-22,-5,-22,-4,-21,-3,-20,-5,-18,-2,-22,-4,-21,-4,-21,-3,-20,-6,-22,-5,-22,-4,-23,-9,-23,-11,-17,-8,-19,-10,-16,-10,-16,-6,-9,-7,-9,-6,-7,-3,-5,0,-7,2,-3,2,-1,6,-1,12,1,18,-3,22,-2,23,-4,32,-5,33,-9,37,-16,41,-12,42,-18,46,-19,50,-24,51,-25,53,-26,51,-27,49,-31,56,-33,56,-32,59,-32,57,-35,57,-35,64,-39,62,-41,63,-47,67,-45,68,-46,63,-49,65,-49,68,-54,64,-55,60,0,0]",1
CSI_DATA,53455,1a:00:00:00:00:00,-31,11,1,0,1,1,1,0,0,0,1,-97,0,11,2,719880490,0,44,0,384,0,"[0,0,0,0,0,0,0,0,0,0,0,0,13,-1,13,-1,12,-1,13,-1,12,-1,12,-1,11,-1,11,-1,10,-1,10,-1,10,-2,9,-2,9,-2,9,-3,8,-3,8,-4,8,-4,7,-5,8,-6,8,-6,8,-6,8,-7,8,-7,8,-8,9,-8,9,-8,0,0,10,-8,10,-7,10,-7,9,-7,9,-7,9,-6,9,-6,9,-6,8,-6,8,-7,8,-7,8,-7,8,-7,9,-7,9,-7,9,-6,9,-6,9,-6,10,-5,10,-4,10,-4,10,-3,9,-2,9,-2,9,-1,8,0,0,0,0,0,0,0,0,0,0,0,0,0,0,0,-50,-57,-49,-59,-48,-55,-48,-51,-49,-49,-47,-53,-48,-45,-48,-49,-50,-45,-44,-44,-44,-44,-45,-42,-42,-39,-42,-34,-43,-33,-40,-28,-43,-28,-43,-23,-46,-21,-47,-17,-47,-15,-50,-11,-52,-13,-55,-10,-53,-9,-56,-7,-60,-8,-62,-6,-66,-8,-63,-5,-63,-10,-70,-13,-60,-10,-64,-10,-64,-13,-65,-12,-60,-15,-58,-16,-55,-13,-56,-11,-52,-11,-58,-10,-56,-12,-61,-11,-56,-10,-59,-11,-56,-14,-59,-16,-56,-19,-53,-19,-53,-25,-47,-26,-46,-32,-43,-29,-40,-30,-35,-33,-33,-31,0,0,0,0,0,0,0,0,0,0,0,0,0,0,0,0,0,0,0,0,0,0,24,0,24,3,25,5,20,6,23,8,17,5,18,6,18,4,16,5,19,6,22,8,19,3,22,8,20,7,19,8,17,9,20,11,16,10,18,9,10,10,8,11,7,4,6,6,5,2,4,-1,6,-6,1,-12,2,-16,-1,-18,4,-26,6,-27,8,-30,11,-34,13,-36,16,-40,18,-43,24,-45,25,-47,28,-48,29,-49,29,-53,32,-49,36,-50,31,-54,36,-55,39,-58,40,-56,41,-57,43,-55,49,-55,48,-66,47,-65,57,-63,57,-60,56,-60,59,-59,59,-54,0,0]",1
CSI_DATA,53456,1a:00:00:00:00:00,-30,11,1,0,1,1,1,0,0,0,1,-97,0,11,2,719890483,0,44,0,384,0,"[0,0,0,0,0,0,0,0,0,0,0,0,-1,13,0,12,0,13,-1,12,-1,12,-1,12,0,11,-1,11,0,11,0,10,0,10,1,9,1,9,1,9,2,8,3,8,3,8,4,8,4,8,5,8,5,8,6,8,6,9,6,9,6,9,7,9,0,0,6,10,6,10,6,10,6,10,5,9,5,9,5,9,5,9,5,8,5,9,6,8,5,9,6,9,6,9,6,9,5,9,5,10,4,9,4,10,3,10,2,10,2,10,1,10,0,9,-1,9,-1,8,0,0,0,0,0,0,0,0,0,0,0,0,0,0,51,-60,47,-55,43,-56,37,-54,40,-59,37,-55,38,-58,36,-54,39,-57,36,-53,34,-55,33,-49,28,-49,29,-49,25,-47,21,-49,17,-48,11,-45,12,-43,9,-53,5,-51,4,-53,0,-51,-1,-54,3,-53,-2,-58,-4,-60,-1,-64,4,-65,-4,-70,3,-65,6,-64,1,-62,-2,-64,5,-64,3,-63,2,-59,6,-59,3,-58,3,-56,1,-58,1,-58,2,-59,0,-59,-1,-59,-1,-59,3,-59,3,-61,6,-55,9,-55,13,-54,19,-53,21,-50,22,-49,23,-43,24,-40,29,-35,0,0,0,0,0,0,0,0,0,0,0,0,0,0,0,0,0,0,0,0,0,0,3,24,1,19,2,25,-2,24,-4,21,-2,17,-3,21,-4,16,-1,19,-2,21,-4,19,-2,20,-6,20,-4,20,-3,19,-5,21,-8,16,-9,20,-8,17,-9,14,-9,14,-6,11,-5,7,2,8,4,1,7,2,6,1,13,-4,18,-3,23,2,27,-3,29,2,32,5,38,7,42,8,44,9,45,15,52,15,55,17,52,19,52,22,58,22,56,25,59,25,57,25,59,27,63,30,65,31,67,35,69,34,70,37,72,39,68,42,70,43,71,45,65,47,65,47,0,0]",1
CSI_DATA,53457,1a:00:00:00:00:00,-30,11,1,0,1,1,1,0,0,0,1,-97,0,11,2,719900487,0,44,0,384,0,"[0,0,0,0,0,0,0,0,0,0,0,0,-14,-2,-14,-1,-14,-1,-13,-1,-13,-1,-13,-1,-13,-1,-12,-1,-12,-1,-11,0,-11,0,-11,0,-10,1,-10,1,-10,2,-9,2,-9,3,-9,4,-9,4,-9,5,-10,5,-10,5,-10,6,-10,6,-11,6,-11,6,0,0,-11,6,-12,6,-11,6,-11,5,-11,5,-11,5,-11,4,-10,5,-10,5,-10,5,-10,5,-10,5,-10,5,-10,5,-11,5,-11,5,-11,4,-11,4,-11,3,-11,2,-11,2,-11,1,-11,0,-10,0,-10,-1,-9,-1,0,0,0,0,0,0,0,0,0,0,0,0,0,0,43,60,39,63,44,57,43,54,43,52,43,54,44,50,46,52,43,47,44,49,40,44,41,45,42,44,37,38,38,37,41,35,42,32,39,29,42,25,42,19,47,19,46,15,51,13,51,13,53,10,54,9,57,9,60,11,63,14,63,15,62,15,67,20,65,18,64,16,61,16,59,18,55,19,52,18,55,16,57,14,53,14,53,12,56,14,55,11,61,13,55,15,57,14,55,21,51,23,53,24,51,26,47,27,46,30,41,29,35,35,32,32,29,37,0,0,0,0,0,0,0,0,0,0,0,0,0,0,0,0,0,0,0,0,0,0,-22,-6,-25,-7,-17,-9,-18,-11,-21,-8,-20,-7,-19,-9,-20,-7,-22,-9,-17,-11,-18,-11,-18,-13,-18,-12,-21,-8,-24,-12,-19,-13,-18,-13,-15,-12,-14,-12,-13,-13,-10,-13,-7,-8,-6,-3,-5,-5,-7,-3,-7,4,-2,7,-6,10,-5,16,-6,21,-10,26,-10,31,-18,34,-19,34,-23,41,-26,40,-27,38,-30,39,-35,40,-35,42,-40,45,-38,44,-40,49,-40,45,-45,47,-42,52,-46,53,-45,55,-50,53,-53,53,-55,56,-56,57,-62,57,-60,50,-66,57,-68,55,-66,56,0,0]",1
CSI_DATA,53458,1a:00:00:00:00:00,-30,11,1,0,1,1,1,0,0,0,1,-97,0,11,2,719920478,0,44,0,384,0,"[0,0,0,0,0,0,0,0,0,0,0,0,13,-1,13,-1,13,-1,12,-1,12,-1,12,-1,11,-1,11,-1,11,-1,10,-1,10,-2,9,-2,9,-2,8,-3,8,-3,8,-4,8,-5,8,-5,8,-6,8,-6,8,-6,8,-7,9,-7,8,-8,9,-8,9,-8,0,0,10,-7,10,-7,10,-7,10,-7,10,-6,10,-6,9,-6,9,-6,9,-6,9,-6,8,-7,9,-7,8,-7,9,-6,9,-6,9,-6,10,-6,10,-5,10,-4,10,-4,10,-3,10,-2,10,-2,9,-1,9,0,8,0,0,0,0,0,0,0,0,0,0,0,0,0,0,0,-61,-53,-57,-51,-56,-52,-58,-43,-52,-45,-58,-45,-54,-42,-59,-42,-55,-40,-54,-39,-55,-39,-50,-35,-53,-34,-49,-29,-46,-31,-51,-30,-46,-25,-48,-21,-49,-20,-48,-14,-54,-8,-53,-10,-55,-7,-56,-2,-56,-3,-60,0,-58,-6,-62,0,-64,-4,-68,-1,-67,-5,-72,-6,-68,-9,-66,-8,-62,-10,-65,-13,-60,-8,-63,-9,-62,-7,-61,-5,-57,-8,-57,-8,-62,-7,-60,-6,-60,-7,-61,-7,-61,-11,-63,-11,-60,-14,-55,-14,-56,-18,-54,-19,-49,-23,-43,-28,-42,-30,-35,-30,-37,-36,0,0,0,0,0,0,0,0,0,0,0,0,0,0,0,0,0,0,0,0,0,0,18,-4,22,-4,22,-3,21,3,19,2,22,3,20,0,19,-1,24,-1,18,-1,21,2,22,0,22,1,22,2,21,6,21,7,23,7,18,8,14,3,12,7,14,6,9,2,6,3,7,-1,3,-5,5,-3,3,-12,-1,-17,-1,-19,-4,-26,-3,-30,1,-33,3,-39,5,-43,9,-45,13,-45,8,-48,14,-52,22,-55,23,-57,22,-61,23,-59,27,-64,31,-62,34,-64,26,-62,28,-68,28,-70,34,-70,36,-68,40,-69,43,-74,47,-72,48,-67,49,-67,53,-71,48,-71,0,0]",1
CSI_DATA,53459,1a:00:00:00:00:00,-30,11,1,0,1,1,1,0,0,0,1,-97,0,11,2,719930508,0,44,0,384,0,"[0,0,0,0,0,0,0,0,0,0,0,0,-1,13,-1,13,-1,13,-1,13,-1,12,-1,12,-1,12,0,11,-1,11,0,10,1,10,1,10,1,9,2,9,2,9,3,8,3,8,4,8,5,8,5,8,5,8,6,9,6,8,7,9,7,9,7,9,0,0,7,10,6,10,6,10,6,10,6,10,6,10,5,9,5,9,5,9,6,8,6,8,6,8,6,8,6,9,6,9,6,9,5,9,5,10,4,10,4,10,3,10,2,10,2,10,1,9,0,9,0,8,0,0,0,0,0,0,0,0,0,0,0,0,0,0,62,-41,60,-44,54,-45,59,-44,52,-47,56,-44,49,-44,52,-45,49,-45,46,-41,46,-34,46,-38,46,-43,39,-40,37,-40,32,-42,27,-39,24,-44,24,-43,21,-45,21,-45,16,-48,13,-47,18,-50,16,-57,15,-58,13,-60,11,-60,7,-65,12,-63,12,-65,20,-68,16,-62,17,-61,20,-61,19,-61,16,-56,17,-55,15,-55,17,-60,12,-53,9,-55,11,-57,10,-58,13,-58,14,-58,16,-55,17,-58,19,-54,23,-53,28,-50,28,-49,32,-47,31,-41,30,-39,32,-37,34,-31,0,0,0,0,0,0,0,0,0,0,0,0,0,0,0,0,0,0,0,0,0,0,-5,23,-7,20,-7,20,-13,20,-7,19,-8,17,-11,18,-11,16,-10,18,-8,18,-8,14,-9,20,-9,19,-10,20,-11,22,-11,16,-14,13,-14,14,-10,13,-14,6,-12,9,-9,10,-6,5,-4,3,-1,9,4,4,8,1,12,3,15,6,19,1,24,9,31,12,31,17,34,19,32,23,42,29,43,25,43,28,43,33,48,34,46,37,48,38,46,41,52,43,46,41,52,45,51,46,51,49,53,58,53,54,54,53,58,56,56,63,54,60,55,63,51,67,49,63,0,0]",1
CSI_DATA,53460,1a:00:00:00:00:00,-30,11,1,0,1,1,1,0,0,0,1,-97,0,11,2,719950487,0,44,0,384,0,"[0,0,0,0,0,0,0,0,0,0,0,0,-5,-13,-5,-13,-5,-13,-5,-13,-5,-13,-5,-12,-5,-12,-5,-11,-5,-11,-5,-10,-5,-10,-5,-9,-5,-9,-6,-8,-6,-8,-7,-7,-7,-7,-8,-7,-8,-6,-9,-6,-9,-7,-9,-6,-10,-7,-10,-7,-11,-7,-11,-7,0,0,-11,-8,-11,-8,-10,-8,-10,-8,-9,-8,-9,-8,-9,-7,-9,-7,-9,-7,-9,-7,-10,-6,-10,-7,-10,-7,-9,-7,-10,-7,-9,-7,-10,-8,-9,-8,-8,-8,-8,-9,-7,-9,-6,-9,-6,-9,-5,-9,-4,-9,-3,-8,0,0,0,0,0,0,0,0,0,0,0,0,0,0,-20,74,-22,69,-15,70,-12,72,-17,69,-14,69,-13,65,-9,70,-14,65,-12,63,-8,61,-12,58,-4,56,-7,54,-4,50,-2,54,1,51,4,49,3,50,11,47,16,47,18,47,22,47,22,49,21,50,29,50,24,58,28,53,29,58,28,58,28,54,23,60,26,58,26,62,21,59,22,60,19,57,18,53,20,53,23,51,20,48,24,51,25,52,24,50,21,56,22,57,21,56,17,57,14,53,15,56,11,57,6,55,2,53,-1,52,-6,48,-4,45,-10,45,0,0,0,0,0,0,0,0,0,0,0,0,0,0,0,0,0,0,0,0,0,0,-10,-21,-11,-20,-7,-23,-7,-23,-5,-19,-6,-19,-7,-19,-7,-16,-7,-18,-5,-16,-7,-17,-4,-19,-8,-23,-5,-23,-3,-26,-7,-21,-6,-21,-2,-20,-3,-18,1,-15,1,-14,0,-9,-3,-11,-1,-6,-5,-5,-7,0,-11,4,-13,6,-16,8,-23,11,-24,10,-32,9,-34,11,-42,9,-42,8,-46,8,-48,8,-55,4,-58,1,-57,2,-61,2,-62,2,-64,0,-65,-3,-69,-1,-68,3,-69,1,-73,-1,-73,-2,-76,-7,-78,-10,-81,-8,-82,-9,-79,-9,-83,-11,-88,-16,-81,-17,0,0]",1
CSI_DATA,53461,1a:00:00:00:00:00,-30,11,1,0,1,1,1,0,0,0,1,-97,0,11,2,719960482,0,44,0,384,0,"[0,0,0,0,0,0,0,0,0,0,0,0,11,-7,11,-7,11,-7,11,-7,10,-7,10,-6,10,-6,9,-6,9,-6,8,-6,8,-6,7,-6,7,-7,6,-7,6,-7,5,-8,5,-8,5,-8,4,-9,4,-10,4,-10,4,-10,4,-10,4,-11,4,-12,4,-12,0,0,5,-12,5,-12,5,-11,5,-11,5,-10,5,-10,5,-10,5,-10,5,-10,4,-10,4,-10,4,-10,4,-10,4,-10,5,-10,5,-10,6,-10,6,-9,6,-9,7,-9,7,-8,8,-7,7,-7,7,-6,8,-5,7,-4,0,0,0,0,0,0,0,0,0,0,0,0,0,0,-70,-31,-67,-30,-68,-28,-65,-28,-66,-24,-66,-23,-61,-20,-69,-24,-65,-21,-61,-19,-56,-19,-59,-18,-59,-16,-54,-14,-53,-16,-53,-10,-51,-6,-50,-3,-49,-2,-48,2,-51,7,-48,9,-51,12,-52,10,-53,14,-55,15,-56,16,-60,18,-60,17,-62,21,-61,18,-66,13,-61,14,-62,12,-62,11,-61,10,-60,7,-58,11,-57,10,-56,14,-55,10,-53,14,-59,12,-57,15,-59,11,-59,13,-58,13,-61,6,-60,4,-57,1,-61,-1,-53,-5,-55,-8,-53,-11,-47,-14,-45,-15,-43,-17,0,0,0,0,0,0,0,0,0,0,0,0,0,0,0,0,0,0,0,0,0,0,22,-10,23,-7,19,-7,20,-2,19,-5,18,-3,21,0,19,-5,22,-2,18,-2,22,-1,24,-3,20,-3,22,-4,23,-3,21,1,25,1,20,0,21,2,14,4,15,6,9,0,10,-1,5,-4,5,-4,1,-7,-3,-9,-5,-12,-9,-18,-10,-22,-8,-25,-7,-34,-3,-36,-3,-39,-4,-48,-2,-46,1,-50,4,-53,2,-55,5,-59,4,-59,6,-59,10,-64,9,-65,9,-64,13,-64,11,-72,12,-72,15,-74,20,-72,17,-74,21,-78,25,-81,24,-81,26,-81,34,-82,31,-78,0,0]",1
CSI_DATA,53462,1a:00:00:00:00:00,-30,11,1,0,1,1,1,0,0,0,1,-97,0,11,2,719970505,0,44,0,384,0,"[0,0,0,0,0,0,0,0,0,0,0,0,6,11,6,11,6,11,6,11,5,10,6,10,5,10,5,9,5,9,5,8,6,8,6,7,6,7,6,6,6,6,6,5,7,5,7,4,8,4,8,4,8,4,9,4,9,4,10,4,11,4,11,4,0,0,10,6,10,5,10,6,10,5,10,6,9,6,9,6,9,5,9,5,9,4,9,4,9,4,9,4,9,5,9,5,9,6,9,6,9,6,8,7,7,7,7,8,6,8,6,7,5,7,4,8,3,7,0,0,0,0,0,0,0,0,0,0,0,0,0,0,27,-77,25,-70,23,-67,23,-65,20,-64,18,-67,20,-65,19,-65,17,-61,19,-65,17,-62,14,-59,12,-56,12,-56,10,-53,9,-55,7,-53,2,-51,-2,-50,-3,-50,-11,-49,-13,-50,-16,-50,-13,-50,-17,-50,-20,-55,-22,-58,-21,-58,-18,-58,-24,-61,-21,-60,-18,-65,-17,-65,-16,-64,-15,-62,-13,-62,-10,-60,-12,-53,-18,-59,-15,-56,-11,-53,-17,-55,-17,-58,-16,-56,-18,-57,-16,-58,-15,-58,-13,-58,-8,-60,-3,-56,-1,-57,1,-57,6,-54,8,-50,14,-50,15,-45,13,-42,0,0,0,0,0,0,0,0,0,0,0,0,0,0,0,0,0,0,0,0,0,0,11,20,5,19,9,22,6,22,5,17,2,19,4,21,5,21,4,18,6,19,8,19,4,22,4,23,4,22,1,24,1,20,2,20,2,22,-2,18,-4,19,-5,11,-2,13,2,10,2,4,3,2,6,1,9,-3,12,-3,16,-9,21,-11,25,-9,33,-8,36,-10,39,-9,44,-6,50,-3,48,-4,53,0,55,1,58,3,61,4,63,3,63,8,64,4,64,7,66,1,66,6,70,8,74,9,76,14,79,16,82,17,81,19,74,20,80,26,82,22,76,25,0,0]",1
CSI_DATA,53463,1a:00:00:00:00:00,-30,11,1,0,1,1,1,0,0,0,1,-97,0,11,2,719990500,0,44,0,384,0,"[0,0,0,0,0,0,0,0,0,0,0,0,-11,-10,-10,-9,-10,-9,-10,-9,-10,-9,-10,-9,-9,-8,-9,-8,-9,-8,-9,-7,-9,-7,-9,-6,-9,-6,-9,-5,-9,-4,-9,-4,-9,-3,-9,-2,-9,-1,-11,-1,-12,-1,-11,-2,-11,-1,-12,-1,-12,-1,-12,-1,0,0,-13,-2,-13,-2,-12,-2,-13,-2,-12,-2,-12,-2,-11,-2,-11,-2,-11,-2,-11,-1,-11,-1,-11,-1,-12,-1,-12,-1,-12,-2,-11,-2,-12,-3,-11,-3,-11,-3,-11,-4,-11,-5,-10,-5,-10,-5,-9,-6,-8,-6,-7,-6,0,0,0,0,0,0,0,0,0,0,0,0,0,0,-7,76,-3,71,0,73,-1,70,1,71,1,66,0,67,4,67,2,62,6,64,5,62,4,61,3,58,7,51,5,51,12,52,12,46,12,48,15,46,22,42,25,40,21,43,20,34,28,49,33,43,43,52,34,55,42,46,40,51,41,49,38,51,37,54,38,50,37,51,33,52,32,52,31,48,31,46,28,45,32,43,33,45,33,45,30,45,36,43,32,45,35,47,30,51,30,50,27,48,21,49,21,51,20,51,10,50,9,49,7,47,5,46,1,44,0,0,0,0,0,0,0,0,0,0,0,0,0,0,0,0,0,0,0,0,0,0,-18,-14,-18,-17,-12,-20,-11,-19,-11,-19,-12,-15,-13,-17,-9,-15,-10,-18,-12,-18,-11,-21,-9,-17,-12,-18,-12,-23,-10,-23,-7,-19,-8,-22,-5,-19,-6,-18,-3,-15,-4,-13,-3,-10,-4,-8,-2,-7,-5,-3,-5,2,-8,2,-10,10,-16,11,-17,17,-25,16,-30,19,-31,20,-38,18,-40,18,-43,17,-48,19,-51,17,-55,15,-52,16,-57,16,-60,17,-64,12,-62,13,-59,14,-61,11,-66,15,-69,13,-71,10,-77,12,-77,11,-78,13,-84,5,-81,8,-82,7,-85,1,-83,0,0,0]",1
CSI_DATA,53464,1a:00:00:00:00:00,-30,11,1,0,1,1,1,0,0,0,1,-97,0,11,2,720000483,0,44,0,384,0,"[0,0,0,0,0,0,0,0,0,0,0,0,6,-12,6,-12,6,-12,6,-12,6,-11,5,-11,5,-10,5,-10,5,-10,4,-10,4,-10,3,-10,3,-9,2,-9,2,-9,1,-9,1,-9,0,-10,-1,-10,-1,-10,-1,-11,-1,-11,-1,-11,-2,-12,-2,-12,-2,-12,0,0,-1,-13,-1,-13,0,-12,0,-12,0,-12,0,-12,0,-11,0,-11,0,-11,-1,-11,-1,-11,-1,-11,-1,-11,-1,-11,0,-11,0,-11,1,-11,1,-11,2,-11,2,-11,3,-10,3,-10,4,-10,4,-9,5,-8,4,-7,0,0,0,0,0,0,0,0,0,0,0,0,0,0,-75,26,-69,24,-68,29,-66,28,-62,27,-63,28,-63,30,-61,31,-59,28,-58,29,-56,27,-58,23,-54,23,-53,30,-46,29,-42,29,-41,33,-39,32,-38,35,-33,33,-31,39,-30,41,-31,46,-29,45,-31,46,-28,51,-30,53,-28,51,-32,56,-31,56,-35,57,-37,57,-39,52,-38,53,-37,52,-37,49,-39,46,-34,47,-36,43,-31,47,-34,44,-32,48,-31,47,-33,49,-32,50,-34,49,-37,45,-38,44,-43,41,-42,39,-43,38,-43,30,-44,29,-46,27,-44,21,-44,18,-46,15,0,0,0,0,0,0,0,0,0,0,0,0,0,0,0,0,0,0,0,0,0,0,3,-25,9,-24,6,-21,8,-18,8,-19,8,-18,9,-19,9,-18,9,-16,9,-17,12,-18,10,-17,11,-22,10,-19,11,-19,12,-18,13,-18,13,-14,11,-15,11,-12,10,-12,9,-3,2,-5,4,-4,0,-8,-4,-7,-6,-6,-14,-6,-15,-6,-23,-10,-24,-11,-30,-18,-30,-23,-32,-25,-36,-28,-39,-33,-36,-34,-39,-40,-40,-43,-40,-40,-42,-46,-39,-46,-40,-49,-42,-49,-39,-51,-43,-54,-43,-55,-44,-58,-42,-62,-45,-64,-45,-65,-45,-68,-43,-71,-42,-72,-42,-73,-36,-76,-40,-74,0,0]",1
CSI_DATA,53465,1a:00:00:00:00:00,-30,11,1,0,1,1,1,0,0,0,1,-97,0,11,2,720010495,0,44,0,384,0,"[0,0,0,0,0,0,0,0,0,0,0,0,11,7,10,7,10,7,10,7,10,7,10,6,9,6,9,6,9,6,9,5,9,5,9,4,8,4,8,3,8,2,9,2,9,1,9,1,9,0,10,0,10,0,10,-1,11,-1,11,-1,11,-1,12,-1,0,0,12,0,12,0,11,0,12,0,11,0,11,0,11,0,10,0,10,0,10,-1,10,-1,10,-1,10,-1,11,-1,11,0,11,0,11,0,11,1,10,1,10,2,10,3,9,3,9,4,8,4,7,5,6,4,0,0,0,0,0,0,0,0,0,0,0,0,0,0,-17,-77,-10,-75,-17,-69,-17,-69,-19,-67,-16,-68,-17,-67,-17,-70,-18,-63,-22,-61,-19,-59,-17,-58,-22,-59,-20,-53,-17,-52,-21,-47,-23,-47,-26,-43,-28,-44,-30,-38,-34,-36,-38,-36,-40,-31,-42,-35,-44,-34,-47,-38,-46,-36,-50,-36,-50,-40,-53,-41,-51,-40,-53,-42,-48,-43,-51,-44,-45,-42,-47,-41,-45,-38,-46,-40,-46,-40,-44,-38,-43,-33,-45,-37,-46,-38,-49,-35,-46,-41,-46,-37,-45,-41,-43,-45,-40,-43,-38,-44,-35,-45,-33,-45,-30,-48,-22,-47,-19,-47,-15,-45,-14,-46,0,0,0,0,0,0,0,0,0,0,0,0,0,0,0,0,0,0,0,0,0,0,22,15,19,11,14,14,12,15,15,13,13,14,11,13,13,13,13,14,12,12,13,15,14,15,13,14,15,15,12,19,12,18,15,18,12,19,6,17,8,15,6,14,4,10,4,6,6,4,3,0,2,-3,7,-8,10,-10,12,-14,12,-19,17,-22,21,-22,22,-25,34,-28,33,-27,38,-25,41,-25,47,-29,49,-26,49,-28,53,-27,53,-27,59,-27,58,-27,58,-27,61,-25,64,-32,69,-28,68,-31,70,-27,74,-26,75,-30,78,-27,75,-24,82,-23,79,-21,78,-21,0,0]",1
CSI_DATA,53466,1a:00:00:00:00:00,-30,11,1,0,1,1,1,0,0,0,1,-97,0,11,2,720020506,0,44,0,384,0,"[0,0,0,0,0,0,0,0,0,0,0,0,-8,10,-8,10,-8,10,-7,10,-8,10,-7,9,-7,9,-7,9,-7,8,-6,9,-5,8,-5,8,-4,8,-3,8,-3,8,-2,8,-2,8,-1,9,-1,9,-1,9,-1,10,0,10,0,10,0,11,0,11,0,11,0,0,-1,12,-1,12,-1,11,-1,11,-1,11,-1,11,-1,10,-1,10,-1,10,0,10,0,10,0,10,0,10,0,10,-1,10,-1,10,-2,11,-2,10,-2,10,-3,10,-4,9,-4,9,-5,9,-5,8,-5,7,-5,6,0,0,0,0,0,0,0,0,0,0,0,0,0,0,79,-4,74,0,73,-6,71,-4,66,-5,69,-6,62,-6,71,-8,63,-10,68,-7,62,-7,59,-7,60,-7,53,-8,53,-13,48,-16,50,-17,47,-21,45,-18,42,-23,45,-31,39,-27,38,-33,43,-33,44,-34,46,-38,43,-39,45,-40,47,-43,48,-44,49,-43,57,-39,48,-37,50,-43,53,-38,51,-31,49,-35,50,-33,47,-33,44,-37,44,-30,44,-35,46,-37,45,-35,46,-38,46,-35,53,-35,50,-31,51,-28,51,-22,51,-21,56,-19,52,-17,51,-10,50,-7,43,-5,43,1,0,0,0,0,0,0,0,0,0,0,0,0,0,0,0,0,0,0,0,0,0,0,-14,19,-17,17,-16,15,-16,15,-16,12,-17,11,-18,10,-13,12,-15,11,-13,12,-15,10,-16,14,-16,12,-17,14,-21,11,-18,12,-21,11,-21,8,-13,8,-15,5,-13,4,-10,2,-10,3,-5,5,1,5,0,3,7,4,9,13,12,16,20,18,19,17,21,23,22,27,18,35,22,37,21,43,20,40,20,45,19,54,20,59,20,57,20,56,19,62,16,62,19,61,23,65,17,70,16,70,19,74,19,72,15,71,19,80,13,81,9,79,11,80,10,82,13,84,0,0]",1
CSI_DATA,53467,1a:00:00:00:00:00,-30,11,1,0,1,1,1,0,0,0,1,-97,0,11,2,720040481,0,44,0,384,0,"[0,0,0,0,0,0,0,0,0,0,0,0,6,-13,5,-12,5,-13,5,-12,5,-12,5,-11,5,-11,4,-11,4,-11,4,-11,3,-10,3,-10,2,-10,2,-10,1,-10,0,-10,0,-10,-1,-10,-2,-10,-2,-11,-2,-11,-2,-11,-2,-12,-2,-12,-3,-12,-3,-12,0,0,-2,-13,-2,-13,-2,-13,-1,-13,-1,-12,-1,-12,-1,-12,-2,-11,-1,-11,-2,-11,-2,-11,-2,-11,-2,-12,-2,-11,-1,-12,-1,-12,-1,-12,0,-11,1,-12,1,-11,2,-11,2,-11,3,-10,3,-9,4,-9,4,-8,0,0,0,0,0,0,0,0,0,0,0,0,0,0,-77,19,-71,20,-69,23,-71,20,-68,24,-65,24,-65,24,-69,24,-62,21,-60,25,-57,21,-57,21,-59,22,-51,23,-49,24,-44,24,-44,30,-41,29,-40,28,-37,32,-38,38,-35,39,-31,42,-32,40,-35,42,-33,46,-34,51,-36,51,-37,52,-36,56,-38,52,-43,55,-39,49,-41,51,-42,44,-40,45,-41,45,-39,42,-39,44,-38,46,-34,44,-35,44,-36,44,-34,49,-40,46,-36,45,-43,42,-40,40,-40,38,-43,36,-47,34,-47,30,-46,29,-46,23,-47,18,-43,16,-46,13,0,0,0,0,0,0,0,0,0,0,0,0,0,0,0,0,0,0,0,0,0,0,11,-23,15,-20,11,-17,12,-19,13,-17,13,-15,11,-16,11,-15,15,-17,12,-15,15,-16,13,-17,14,-19,13,-21,14,-15,14,-13,18,-16,16,-13,15,-14,15,-10,12,-8,10,-5,8,-6,3,-8,-1,-6,-7,-10,-9,-8,-14,-9,-17,-11,-19,-14,-23,-14,-26,-19,-28,-24,-33,-30,-30,-30,-29,-39,-32,-37,-35,-44,-33,-48,-34,-49,-34,-51,-33,-52,-31,-57,-36,-54,-35,-53,-32,-52,-34,-59,-32,-63,-37,-68,-36,-70,-36,-72,-37,-75,-34,-77,-31,-77,-35,-78,-31,-82,-26,-79,0,0]",1
CSI_DATA,53468,1a:00:00:00:00:00,-30,11,1,0,1,1,1,0,0,0,1,-97,0,11,2,720050486,0,44,0,384,0,"[0,0,0,0,0,0,0,0,0,0,0,0,11,6,11,6,11,6,11,6,11,6,11,6,10,5,10,5,9,5,9,4,9,4,9,3,9,3,9,2,8,2,9,1,9,0,9,0,9,-1,10,-1,10,-1,10,-1,11,-2,11,-2,11,-2,12,-2,0,0,12,-1,12,-1,12,-1,11,-1,11,0,11,0,11,0,10,-1,10,-1,10,-1,10,-2,10,-1,11,-1,11,-1,11,0,11,0,11,0,11,1,11,1,10,2,10,3,9,3,9,4,8,4,7,4,7,4,0,0,0,0,0,0,0,0,0,0,0,0,0,0,-25,-78,-22,-66,-21,-74,-26,-66,-28,-67,-26,-67,-26,-62,-26,-66,-23,-61,-21,-60,-23,-58,-23,-56,-30,-54,-28,-49,-26,-48,-29,-46,-26,-42,-30,-38,-32,-41,-34,-33,-39,-34,-35,-33,-46,-32,-45,-32,-44,-31,-50,-33,-52,-32,-54,-33,-52,-37,-57,-36,-56,-37,-56,-45,-49,-41,-53,-42,-48,-38,-48,-41,-43,-39,-44,-38,-44,-36,-45,-35,-43,-31,-46,-36,-45,-37,-50,-36,-51,-37,-46,-33,-46,-41,-44,-39,-43,-43,-40,-43,-38,-47,-31,-46,-27,-49,-24,-47,-21,-48,-16,-44,-12,-45,0,0,0,0,0,0,0,0,0,0,0,0,0,0,0,0,0,0,0,0,0,0,20,6,21,9,20,10,19,12,17,11,16,11,16,7,15,11,18,13,14,10,16,12,16,11,13,12,14,14,19,14,18,14,14,15,12,14,12,14,6,10,9,12,6,7,5,5,6,3,4,0,4,-6,5,-10,7,-11,7,-14,9,-23,13,-25,19,-28,22,-27,28,-29,31,-34,35,-30,34,-33,42,-32,42,-35,48,-37,50,-36,48,-34,54,-37,48,-35,54,-36,60,-40,58,-38,64,-41,65,-37,64,-38,70,-38,72,-37,78,-40,72,-36,79,-34,79,-32,72,-32,0,0]",1
CSI_DATA,53469,1a:00:00:00:00:00,-30,11,1,0,1,1,1,0,0,0,1,-97,0,11,2,720060492,0,44,0,384,0,"[0,0,0,0,0,0,0,0,0,0,0,0,-5,12,-5,11,-5,12,-5,11,-5,11,-5,11,-5,10,-4,10,-4,10,-3,10,-3,9,-2,9,-2,9,-1,9,-1,8,0,9,0,8,1,9,1,9,1,9,2,9,2,10,2,10,3,10,3,11,3,11,0,0,2,11,2,11,2,11,1,11,1,10,1,11,1,10,1,10,1,10,2,10,2,10,2,10,2,10,2,10,1,10,1,10,0,11,0,10,-1,10,-1,10,-2,10,-3,10,-3,9,-3,8,-4,8,-4,7,0,0,0,0,0,0,0,0,0,0,0,0,0,0,70,-42,65,-40,60,-38,61,-41,59,-39,58,-37,56,-38,58,-38,53,-36,54,-38,52,-38,49,-36,47,-36,44,-36,45,-35,39,-33,35,-39,32,-40,32,-40,23,-41,22,-46,22,-47,19,-49,20,-52,18,-55,17,-58,18,-56,19,-60,22,-63,20,-60,25,-62,27,-64,24,-59,27,-61,27,-59,27,-56,27,-53,24,-52,24,-53,20,-53,20,-53,18,-55,20,-54,20,-59,20,-52,23,-55,27,-53,26,-55,31,-51,31,-49,34,-47,32,-44,39,-41,39,-36,40,-29,38,-26,41,-22,0,0,0,0,0,0,0,0,0,0,0,0,0,0,0,0,0,0,0,0,0,0,-4,24,-10,23,-7,18,-8,17,-8,19,-11,17,-10,20,-8,19,-8,19,-11,22,-10,20,-10,19,-11,17,-10,18,-12,18,-14,15,-16,19,-14,14,-15,12,-11,12,-10,7,-10,9,-5,3,-4,4,0,6,3,5,7,5,14,3,16,5,22,6,25,9,28,13,33,15,33,23,36,24,40,27,38,32,40,36,44,39,42,40,43,43,46,43,44,46,44,49,42,45,43,47,45,48,50,52,52,56,51,59,50,57,54,58,49,68,48,65,53,68,44,69,44,71,0,0]",1
CSI_DATA,53470,1a:00:00:00:00:00,-30,11,1,0,1,1,1,0,0,0,1,-97,0,11,2,720080507,0,44,0,384,0,"[0,0,0,0,0,0,0,0,0,0,0,0,5,-13,4,-13,4,-13,4,-13,4,-13,4,-12,4,-12,3,-11,3,-11,3,-11,2,-11,2,-10,1,-10,1,-10,0,-10,-1,-10,-1,-10,-2,-10,-2,-10,-3,-10,-3,-11,-4,-11,-3,-11,-4,-12,-4,-12,-4,-12,0,0,-4,-13,-3,-13,-3,-12,-3,-12,-3,-12,-3,-12,-3,-11,-3,-11,-3,-11,-3,-11,-4,-11,-3,-11,-3,-11,-3,-11,-3,-12,-3,-11,-2,-12,-2,-11,-1,-12,-1,-11,0,-11,1,-11,1,-10,2,-10,3,-9,3,-8,0,0,0,0,0,0,0,0,0,0,0,0,0,0,-70,33,-65,32,-66,32,-61,32,-60,31,-61,32,-58,32,-62,31,-54,33,-56,28,-54,32,-54,30,-47,33,-42,32,-47,29,-42,33,-38,35,-35,37,-35,36,-27,37,-29,42,-26,40,-25,46,-26,48,-22,47,-25,51,-26,56,-26,57,-25,58,-25,59,-28,55,-27,59,-29,55,-29,56,-27,51,-29,57,-28,49,-27,49,-30,49,-25,48,-23,46,-26,48,-31,51,-27,54,-24,53,-23,50,-28,51,-30,47,-34,49,-34,42,-33,44,-35,38,-39,38,-41,32,-41,26,-40,23,-36,19,0,0,0,0,0,0,0,0,0,0,0,0,0,0,0,0,0,0,0,0,0,0,5,-21,10,-19,6,-21,12,-17,9,-18,13,-18,10,-19,11,-16,12,-17,8,-15,11,-15,12,-19,13,-19,12,-18,16,-17,13,-15,15,-17,14,-19,12,-15,13,-12,10,-8,9,-7,6,-5,2,-6,1,-5,-5,-7,-6,-9,-13,-8,-19,-6,-22,-11,-22,-13,-29,-16,-32,-22,-35,-25,-34,-25,-36,-33,-33,-36,-34,-40,-36,-41,-38,-42,-39,-43,-39,-45,-37,-51,-37,-48,-41,-49,-41,-48,-48,-52,-46,-58,-45,-62,-42,-62,-49,-64,-48,-67,-46,-70,-43,-67,-47,-68,-40,-72,-39,-72,0,0]",1
CSI_DATA,53471,1a:00:00:00:00:00,-30,11,1,0,1,1,1,0,0,0,1,-97,0,11,2,720090503,0,44,0,384,0,"[0,0,0,0,0,0,0,0,0,0,0,0,12,3,12,3,12,3,12,3,11,3,11,3,11,3,10,2,10,2,10,2,10,2,9,1,9,1,9,0,9,0,9,-1,9,-2,9,-2,9,-3,9,-3,9,-4,9,-4,10,-4,10,-4,11,-5,11,-5,0,0,11,-4,11,-4,11,-4,11,-4,10,-3,10,-3,10,-3,10,-3,10,-4,9,-4,10,-4,10,-4,10,-4,10,-4,10,-3,10,-3,10,-3,10,-2,10,-2,10,-1,10,0,10,0,9,1,8,1,8,2,7,2,0,0,0,0,0,0,0,0,0,0,0,0,0,0,-40,-71,-41,-66,-44,-63,-43,-62,-44,-59,-42,-56,-41,-56,-43,-61,-42,-53,-38,-53,-40,-49,-37,-49,-36,-47,-37,-42,-35,-40,-40,-38,-43,-33,-40,-30,-44,-31,-44,-22,-47,-23,-48,-22,-51,-18,-55,-18,-53,-22,-60,-15,-61,-15,-65,-16,-62,-21,-67,-18,-65,-18,-66,-23,-62,-23,-62,-24,-57,-22,-55,-25,-54,-23,-55,-23,-54,-23,-52,-20,-56,-17,-55,-19,-56,-18,-61,-20,-58,-22,-58,-20,-56,-25,-54,-24,-49,-26,-51,-33,-47,-32,-43,-36,-42,-36,-36,-38,-35,-35,-32,-36,-29,-37,0,0,0,0,0,0,0,0,0,0,0,0,0,0,0,0,0,0,0,0,0,0,21,1,20,8,17,9,23,9,18,9,18,9,17,6,17,8,20,6,20,5,18,8,23,4,20,11,19,8,18,11,19,9,18,12,16,11,12,10,11,11,8,8,5,8,8,4,4,1,4,-6,7,-7,2,-10,5,-14,6,-18,6,-21,8,-25,12,-31,16,-32,20,-36,21,-38,26,-40,29,-41,29,-44,33,-44,33,-44,40,-44,40,-46,44,-47,44,-45,43,-49,41,-48,48,-50,51,-50,56,-55,58,-53,55,-53,58,-55,65,-55,60,-52,66,-56,69,-52,68,-50,0,0]",1
CSI_DATA,53472,1a:00:00:00:00:00,-30,11,1,0,1,1,1,0,0,0,1,-97,0,11,2,720100503,0,44,0,384,0,"[0,0,0,0,0,0,0,0,0,0,0,0,-5,12,-4,12,-4,12,-4,12,-4,12,-4,11,-4,11,-4,10,-4,10,-3,10,-3,9,-2,9,-2,9,-1,9,-1,9,0,9,1,8,1,9,2,9,2,9,2,9,3,10,3,10,3,10,3,11,3,11,0,0,3,11,3,11,2,11,2,11,2,10,2,10,2,10,2,10,2,10,2,10,3,10,2,10,2,10,2,10,2,10,2,10,1,11,1,10,0,10,0,10,-1,10,-2,10,-2,9,-3,8,-3,8,-4,7,0,0,0,0,0,0,0,0,0,0,0,0,0,0,72,-27,68,-22,69,-25,69,-28,63,-31,62,-29,63,-29,63,-28,63,-31,59,-28,55,-29,54,-24,54,-28,49,-29,48,-28,47,-31,42,-28,37,-34,37,-34,33,-37,34,-39,34,-41,29,-44,30,-46,27,-47,28,-53,32,-54,31,-53,36,-54,35,-59,34,-56,38,-56,35,-58,35,-54,37,-55,37,-50,39,-47,34,-48,34,-46,30,-49,31,-47,31,-48,30,-48,31,-50,30,-50,33,-51,36,-51,36,-47,38,-42,38,-46,40,-41,45,-34,44,-32,46,-28,41,-24,39,-20,42,-18,0,0,0,0,0,0,0,0,0,0,0,0,0,0,0,0,0,0,0,0,0,0,-11,22,-9,20,-10,20,-12,18,-15,16,-14,17,-10,18,-10,15,-14,17,-14,18,-14,15,-12,19,-11,17,-13,18,-13,16,-15,15,-15,14,-17,14,-18,11,-12,11,-12,9,-6,10,-7,2,-3,5,0,5,5,5,9,7,10,5,13,8,18,9,25,10,23,18,28,21,33,28,33,30,32,31,35,36,33,40,35,46,39,43,34,46,38,49,36,51,37,52,39,52,37,59,38,58,39,60,41,61,39,66,37,66,42,70,37,71,35,75,39,75,36,80,35,73,0,0]",1
CSI_DATA,53473,1a:00:00:00:00:00,-30,11,1,0,1,1,1,0,0,0,1,-97,0,11,2,720120488,0,44,0,384,0,"[0,0,0,0,0,0,0,0,0,0,0,0,-2,-14,-2,-14,-2,-14,-2,-14,-2,-14,-2,-13,-2,-13,-2,-12,-2,-12,-2,-11,-2,-11,-3,-10,-3,-10,-4,-9,-4,-9,-5,-9,-5,-8,-6,-9,-6,-8,-7,-8,-7,-9,-8,-8,-8,-9,-8,-9,-9,-9,-9,-9,0,0,-9,-10,-9,-10,-8,-10,-8,-10,-8,-10,-8,-9,-7,-9,-7,-9,-8,-9,-8,-9,-8,-8,-8,-9,-8,-9,-8,-9,-8,-9,-8,-9,-8,-10,-7,-10,-7,-10,-6,-10,-5,-10,-4,-10,-4,-11,-3,-10,-2,-10,-2,-9,0,0,0,0,0,0,0,0,0,0,0,0,0,0,-47,66,-43,58,-41,63,-43,55,-40,60,-42,57,-37,56,-40,58,-35,55,-37,54,-37,54,-29,51,-33,53,-26,51,-27,47,-23,49,-17,49,-16,47,-12,53,-8,46,-7,49,-3,48,-1,51,2,53,7,56,7,59,4,60,3,56,4,60,6,66,2,65,4,70,0,61,1,66,1,63,0,63,-1,59,1,58,1,56,3,59,3,52,1,57,3,60,7,58,5,59,2,58,0,59,-4,59,-5,58,-5,59,-12,58,-11,55,-13,51,-19,48,-22,46,-19,41,-22,39,0,0,0,0,0,0,0,0,0,0,0,0,0,0,0,0,0,0,0,0,0,0,-4,-25,-1,-24,1,-24,1,-22,4,-24,3,-20,6,-18,4,-19,1,-22,2,-20,4,-21,2,-21,1,-21,8,-22,5,-25,6,-22,7,-23,5,-17,8,-17,10,-14,6,-13,7,-10,5,-11,0,-5,-3,-4,-7,-3,-12,-4,-14,2,-22,2,-22,2,-28,-2,-33,-4,-35,-4,-41,-8,-45,-12,-46,-16,-50,-16,-50,-18,-53,-22,-56,-23,-58,-20,-56,-24,-59,-28,-58,-24,-60,-29,-62,-28,-64,-30,-65,-31,-71,-34,-64,-34,-67,-37,-72,-38,-74,-46,-67,-41,-71,-44,-76,-45,-67,-46,0,0]",1
CSI_DATA,53474,1a:00:00:00:00:00,-30,11,1,0,1,1,1,0,0,0,1,-97,0,11,2,720130498,0,44,0,384,0,"[0,0,0,0,0,0,0,0,0,0,0,0,13,-1,13,-1,13,-2,13,-1,12,-1,12,-1,12,-1,11,-1,11,-1,10,-2,10,-2,10,-2,9,-3,9,-3,8,-3,8,-4,8,-5,8,-5,8,-6,8,-7,8,-7,8,-7,8,-7,9,-8,9,-8,9,-8,0,0,10,-8,10,-8,10,-7,10,-7,10,-7,9,-6,9,-6,9,-6,9,-6,8,-7,9,-7,9,-7,9,-7,9,-7,9,-6,9,-6,10,-6,10,-5,10,-5,10,-4,10,-3,10,-3,10,-2,9,-1,9,0,8,0,0,0,0,0,0,0,0,0,0,0,0,0,0,0,-57,-58,-55,-49,-54,-49,-56,-46,-58,-45,-53,-43,-56,-46,-53,-48,-54,-42,-51,-40,-47,-40,-51,-38,-51,-34,-49,-36,-47,-34,-45,-29,-46,-27,-45,-20,-46,-20,-47,-16,-50,-14,-51,-10,-52,-8,-54,-6,-54,-6,-59,-3,-61,-6,-60,-4,-65,-6,-71,-5,-67,-3,-65,-11,-68,-11,-62,-7,-68,-11,-60,-13,-61,-10,-61,-11,-60,-9,-54,-5,-57,-10,-58,-7,-57,-7,-61,-5,-56,-8,-62,-8,-58,-11,-61,-12,-56,-12,-50,-17,-54,-21,-57,-22,-49,-23,-46,-30,-41,-30,-35,-31,-31,-31,0,0,0,0,0,0,0,0,0,0,0,0,0,0,0,0,0,0,0,0,0,0,23,-2,21,-1,21,3,20,5,20,1,20,4,23,2,20,3,20,1,19,0,22,3,22,4,22,4,20,5,20,7,22,6,23,6,16,10,14,4,15,7,11,8,11,4,7,2,9,1,2,-4,4,-5,0,-11,1,-12,2,-19,1,-24,2,-29,5,-33,9,-37,11,-38,14,-42,17,-46,19,-48,20,-51,29,-50,25,-56,29,-52,28,-57,33,-56,33,-59,33,-59,35,-54,37,-59,36,-61,40,-65,46,-65,45,-64,45,-68,47,-69,51,-68,50,-63,53,-65,57,-67,0,0]",1
CSI_DATA,53475,1a:00:00:00:00:00,-30,11,1,0,1,1,1,0,0,0,1,-97,0,11,2,720150498,0,44,0,384,0,"[0,0,0,0,0,0,0,0,0,0,0,0,-14,3,-13,4,-13,4,-13,4,-13,3,-12,3,-12,3,-12,3,-11,3,-11,3,-10,3,-10,4,-9,4,-9,4,-8,5,-8,5,-7,6,-7,6,-7,7,-7,7,-7,7,-7,8,-7,9,-7,9,-8,9,-8,9,0,0,-9,9,-9,9,-8,9,-8,9,-8,8,-8,8,-8,8,-8,8,-7,8,-8,8,-7,8,-7,8,-7,8,-8,8,-8,8,-8,8,-8,8,-8,7,-9,7,-9,6,-10,5,-10,5,-10,4,-9,3,-9,2,-9,2,0,0,0,0,0,0,0,0,0,0,0,0,0,0,69,35,68,35,65,30,63,27,68,28,64,26,65,24,61,21,65,25,61,20,59,26,58,26,57,20,55,15,52,12,50,12,52,6,51,5,51,3,49,0,47,-7,52,-9,51,-11,53,-12,54,-11,58,-13,59,-14,61,-21,62,-17,65,-20,65,-16,66,-14,66,-12,63,-12,65,-11,60,-8,56,-6,58,-9,59,-8,56,-13,56,-12,54,-13,57,-12,57,-17,57,-12,59,-13,58,-9,61,-5,52,-6,58,-1,61,3,54,8,53,11,54,13,44,15,45,14,41,18,0,0,0,0,0,0,0,0,0,0,0,0,0,0,0,0,0,0,0,0,0,0,-27,9,-26,6,-22,4,-21,0,-21,3,-20,3,-20,2,-23,2,-21,2,-20,4,-19,3,-22,4,-23,4,-20,1,-24,-2,-25,-1,-24,-4,-23,-4,-21,-4,-16,-5,-12,-6,-11,-4,-10,-3,-7,2,-5,3,-1,4,1,5,2,12,4,18,2,20,4,28,4,32,3,33,0,39,-2,44,-4,48,-7,49,-4,53,-10,56,-8,60,-11,60,-13,61,-12,59,-16,66,-15,62,-16,66,-20,66,-16,71,-22,75,-23,74,-23,76,-26,83,-27,79,-27,77,-30,77,-33,79,-31,77,0,0]",1
CSI_DATA,53476,1a:00:00:00:00:00,-30,11,1,0,1,1,1,0,0,0,1,-97,0,11,2,720160485,0,44,0,384,0,"[0,0,0,0,0,0,0,0,0,0,0,0,-7,-13,-7,-12,-7,-12,-6,-12,-7,-12,-6,-11,-6,-11,-6,-11,-6,-10,-6,-10,-6,-9,-6,-9,-6,-8,-7,-8,-7,-7,-7,-7,-8,-6,-8,-6,-8,-5,-9,-6,-9,-6,-10,-6,-10,-6,-11,-5,-11,-6,-11,-6,0,0,-11,-7,-11,-7,-11,-7,-11,-7,-10,-7,-10,-7,-10,-7,-9,-6,-9,-6,-10,-6,-10,-6,-10,-6,-10,-6,-10,-6,-10,-6,-9,-6,-10,-7,-9,-7,-9,-8,-8,-8,-7,-9,-7,-9,-6,-9,-5,-8,-5,-9,-4,-8,0,0,0,0,0,0,0,0,0,0,0,0,0,0,-21,77,-20,74,-21,70,-15,68,-16,72,-16,68,-17,66,-12,64,-12,64,-14,59,-15,60,-14,56,-10,59,-9,57,-7,52,-7,51,2,52,-1,49,5,47,7,48,11,45,14,47,15,44,19,51,20,51,23,52,25,58,24,53,26,59,25,58,25,57,22,63,20,59,22,55,17,57,17,57,18,52,18,53,15,52,20,53,18,50,18,51,18,48,21,54,24,55,21,52,19,55,19,56,10,51,8,55,6,54,2,53,-1,50,-4,53,-7,47,-7,45,-16,40,0,0,0,0,0,0,0,0,0,0,0,0,0,0,0,0,0,0,0,0,0,0,-12,-22,-9,-18,-10,-23,-8,-19,-7,-22,-4,-21,-5,-19,-2,-19,-8,-17,-7,-19,-7,-19,-8,-20,-9,-23,-6,-21,-5,-23,-8,-24,-5,-21,0,-20,-1,-18,0,-16,-1,-15,-3,-11,-2,-10,-3,-8,-6,-2,-9,2,-9,1,-11,4,-17,7,-22,9,-26,11,-30,8,-34,11,-39,5,-43,8,-47,6,-49,4,-53,3,-57,1,-56,3,-58,-1,-61,1,-60,-3,-62,-5,-62,-5,-62,-3,-67,-4,-71,-7,-77,-8,-74,-9,-77,-9,-78,-9,-79,-10,-79,-14,-82,-15,-78,-16,-78,-20,0,0]",1
CSI_DATA,53477,1a:00:00:00:00:00,-30,11,1,0,1,1,1,0,0,0,1,-97,0,11,2,720170510,0,44,0,384,0,"[0,0,0,0,0,0,0,0,0,0,0,0,11,-6,11,-7,11,-7,11,-7,10,-6,11,-6,10,-6,9,-6,9,-6,8,-6,8,-6,8,-6,7,-6,7,-6,6,-7,6,-7,5,-8,5,-8,5,-9,4,-9,5,-9,4,-10,5,-10,5,-11,5,-11,5,-11,0,0,6,-11,6,-11,6,-11,6,-10,6,-10,6,-10,5,-9,5,-9,5,-9,5,-10,5,-10,5,-10,5,-10,5,-10,5,-10,6,-10,6,-9,6,-9,7,-9,7,-8,7,-7,8,-7,8,-6,7,-5,8,-4,7,-4,0,0,0,0,0,0,0,0,0,0,0,0,0,0,-75,-32,-70,-28,-72,-23,-68,-18,-67,-16,-69,-16,-66,-17,-72,-15,-64,-15,-66,-18,-63,-14,-62,-11,-63,-9,-55,-10,-55,-8,-53,-4,-53,-5,-52,0,-53,4,-45,8,-52,9,-48,16,-54,19,-51,22,-53,17,-53,24,-54,24,-57,22,-59,22,-59,26,-60,21,-64,25,-59,23,-62,25,-57,16,-64,20,-55,14,-55,16,-56,19,-52,19,-49,20,-57,21,-55,21,-53,24,-58,22,-56,19,-59,18,-57,15,-55,14,-56,11,-59,7,-57,4,-55,2,-52,-4,-51,-6,-46,-6,-47,-12,0,0,0,0,0,0,0,0,0,0,0,0,0,0,0,0,0,0,0,0,0,0,17,-11,24,-9,22,-7,22,-4,18,-5,23,-5,17,-2,19,-1,20,-4,18,-6,25,-5,24,-3,20,-4,22,-2,22,-2,19,-2,22,-2,20,-1,19,-3,18,3,12,3,10,-2,7,-1,6,0,2,-5,2,-4,-3,-8,-5,-13,-7,-18,-10,-21,-9,-26,-11,-35,-5,-33,-6,-41,-6,-45,-4,-48,1,-51,-2,-51,-1,-55,2,-58,-2,-66,2,-59,9,-67,4,-66,6,-67,4,-69,5,-73,10,-74,8,-79,7,-73,14,-76,11,-78,19,-87,19,-79,19,-84,23,-83,19,-78,0,0]",1
CSI_DATA,53478,1a:00:00:00:00:00,-30,11,1,0,1,1,1,0,0,0,1,-97,0,11,2,720190510,0,44,0,384,0,"[0,0,0,0,0,0,0,0,0,0,0,0,-12,6,-12,6,-11,6,-12,6,-11,6,-11,6,-11,5,-11,5,-10,5,-9,5,-9,5,-8,6,-8,6,-7,6,-7,6,-6,6,-6,7,-6,7,-5,8,-5,8,-5,8,-5,9,-5,9,-5,10,-5,10,-5,10,0,0,-7,10,-6,10,-7,10,-6,9,-7,9,-7,9,-6,9,-6,8,-6,9,-6,8,-5,9,-5,9,-6,9,-6,9,-6,9,-7,9,-7,8,-7,8,-8,8,-8,7,-9,6,-9,6,-8,5,-8,5,-9,4,-8,3,0,0,0,0,0,0,0,0,0,0,0,0,0,0,76,17,73,16,72,14,72,17,71,16,68,14,66,16,67,12,66,13,63,12,63,10,61,9,61,8,61,6,54,7,54,4,52,-2,51,-6,51,-4,48,-7,49,-14,49,-14,49,-19,52,-18,49,-21,51,-24,57,-23,60,-24,60,-23,62,-28,61,-26,62,-22,62,-21,61,-22,59,-19,58,-19,55,-18,57,-15,57,-19,54,-19,53,-20,51,-22,54,-19,55,-20,53,-18,60,-19,58,-12,60,-13,58,-10,57,-7,60,-5,53,-3,52,0,51,9,47,6,44,8,43,16,0,0,0,0,0,0,0,0,0,0,0,0,0,0,0,0,0,0,0,0,0,0,-19,13,-22,9,-23,11,-21,7,-18,8,-17,5,-19,5,-19,8,-19,8,-18,9,-20,8,-21,8,-21,8,-20,7,-25,8,-24,5,-23,6,-24,3,-20,2,-17,0,-15,0,-11,1,-10,1,-6,1,-3,4,2,5,2,8,2,10,8,13,8,19,11,25,13,30,14,32,11,39,9,42,8,48,8,52,6,53,4,53,0,60,3,60,1,61,-1,61,-2,65,-2,63,2,68,0,67,-1,70,0,76,-9,77,-9,77,-10,79,-9,77,-15,83,-13,85,-14,82,-19,81,0,0]",1
CSI_DATA,53479,1a:00:00:00:00:00,-30,11,1,0,1,1,1,0,0,0,1,-97,0,11,2,720200504,0,44,0,384,0,"[0,0,0,0,0,0,0,0,0,0,0,0,-9,-11,-9,-11,-9,-11,-9,-10,-9,-10,-9,-10,-9,-10,-9,-9,-8,-9,-8,-8,-8,-8,-8,-7,-8,-7,-8,-6,-8,-5,-9,-5,-9,-4,-10,-4,-10,-3,-10,-3,-11,-3,-11,-3,-11,-3,-12,-3,-12,-3,-12,-3,0,0,-13,-4,-13,-4,-12,-4,-12,-4,-11,-4,-12,-4,-11,-4,-11,-3,-11,-3,-11,-3,-11,-3,-11,-3,-11,-3,-11,-3,-12,-3,-11,-4,-11,-4,-11,-4,-11,-5,-10,-5,-10,-6,-9,-6,-9,-7,-8,-7,-7,-7,-6,-7,0,0,0,0,0,0,0,0,0,0,0,0,0,0,2,75,2,77,3,73,9,70,6,68,9,71,8,68,8,68,6,68,7,65,11,60,7,60,9,58,12,56,10,53,13,54,17,51,17,48,20,48,22,45,28,41,30,42,30,46,35,40,34,42,38,44,40,47,44,49,41,50,40,49,41,50,39,52,42,51,37,47,39,51,37,49,36,49,33,47,35,47,34,47,35,43,37,44,38,47,34,46,33,47,36,46,30,49,35,53,24,48,24,46,23,50,21,51,17,53,11,53,8,50,5,45,1,42,0,0,0,0,0,0,0,0,0,0,0,0,0,0,0,0,0,0,0,0,0,0,-17,-13,-13,-15,-15,-15,-15,-18,-15,-17,-12,-15,-15,-15,-9,-18,-14,-17,-14,-19,-14,-17,-16,-18,-14,-22,-14,-20,-13,-22,-12,-20,-14,-19,-11,-21,-8,-16,-6,-18,-2,-13,-2,-10,-6,-7,-6,-5,-3,-1,-6,0,-7,6,-10,10,-14,13,-18,17,-21,20,-31,18,-34,19,-36,21,-39,22,-41,18,-48,18,-51,20,-53,18,-52,19,-56,16,-61,21,-61,18,-68,17,-66,11,-72,22,-76,12,-70,17,-74,22,-81,14,-80,15,-82,20,-83,16,-78,8,-84,13,-81,7,-90,9,0,0]",1
CSI_DATA,53480,1a:00:00:00:00:00,-30,11,1,0,1,1,1,0,0,0,1,-97,0,11,2,720220495,0,44,0,384,0,"[0,0,0,0,0,0,0,0,0,0,0,0,11,8,10,7,11,7,10,7,10,7,10,7,9,7,9,6,9,6,9,5,9,5,9,4,8,4,8,3,8,3,9,2,9,2,9,1,9,0,10,0,10,0,10,0,11,0,11,-1,12,-1,12,-1,0,0,12,0,12,0,12,0,12,1,11,1,11,1,11,0,10,0,10,0,10,0,11,0,11,0,11,0,11,0,11,0,11,1,11,1,11,1,10,2,10,2,10,3,9,4,9,4,8,4,7,5,6,5,0,0,0,0,0,0,0,0,0,0,0,0,0,0,-12,-81,-9,-73,-17,-77,-14,-71,-15,-67,-15,-69,-13,-68,-12,-73,-17,-63,-15,-67,-14,-64,-17,-62,-15,-59,-18,-55,-16,-53,-20,-50,-25,-52,-25,-45,-26,-45,-24,-41,-34,-42,-34,-37,-35,-39,-40,-40,-39,-37,-44,-41,-45,-39,-48,-41,-48,-45,-52,-43,-48,-45,-53,-50,-45,-46,-46,-49,-45,-44,-43,-44,-42,-44,-39,-42,-43,-39,-43,-42,-40,-41,-43,-40,-41,-41,-44,-38,-45,-43,-41,-40,-42,-47,-40,-44,-39,-47,-33,-46,-33,-49,-27,-47,-25,-51,-20,-45,-15,-49,-14,-44,-6,-47,0,0,0,0,0,0,0,0,0,0,0,0,0,0,0,0,0,0,0,0,0,0,19,11,17,12,13,13,14,15,13,16,11,14,12,13,15,15,13,13,13,16,11,15,13,16,15,14,13,16,15,17,12,17,13,19,10,20,8,18,5,14,3,10,4,10,3,6,2,0,3,-1,5,-4,8,-4,9,-10,11,-13,17,-19,17,-19,26,-22,25,-25,33,-25,38,-24,42,-26,41,-22,49,-25,50,-26,52,-26,59,-25,53,-23,61,-21,59,-24,61,-26,66,-28,68,-27,68,-28,70,-28,69,-24,75,-22,77,-26,85,-22,78,-20,83,-20,81,-18,80,-16,0,0]",1
CSI_DATA,53481,1a:00:00:00:00:00,-30,11,1,0,1,1,1,0,0,0,1,-97,0,11,2,720230505,0,44,0,384,0,"[0,0,0,0,0,0,0,0,0,0,0,0,-7,11,-7,11,-7,11,-7,11,-6,11,-6,10,-6,10,-6,10,-6,9,-5,9,-5,9,-4,9,-4,9,-3,8,-3,8,-2,9,-1,8,-1,9,0,9,0,9,0,10,1,10,1,10,1,11,1,11,1,11,0,0,0,12,0,12,0,11,0,11,0,11,0,11,0,10,0,10,0,10,0,10,1,10,0,10,0,10,0,10,0,11,0,11,-1,11,-1,10,-2,10,-2,10,-3,10,-3,9,-4,9,-5,8,-5,7,-5,6,0,0,0,0,0,0,0,0,0,0,0,0,0,0,69,-30,72,-27,69,-30,67,-25,64,-31,61,-31,60,-29,62,-31,61,-31,56,-28,57,-28,53,-31,53,-33,51,-30,48,-29,44,-35,38,-35,37,-34,39,-35,30,-37,30,-40,30,-45,26,-48,24,-46,25,-48,23,-51,25,-55,24,-58,29,-59,27,-56,30,-61,30,-60,32,-58,33,-59,33,-52,33,-55,27,-51,26,-53,29,-50,29,-51,27,-50,28,-53,27,-54,26,-53,28,-52,29,-53,33,-52,34,-53,36,-47,32,-47,37,-44,38,-38,39,-39,43,-35,39,-26,38,-25,39,-18,0,0,0,0,0,0,0,0,0,0,0,0,0,0,0,0,0,0,0,0,0,0,-11,19,-10,20,-13,19,-13,18,-16,16,-14,16,-14,13,-14,15,-12,16,-13,16,-17,21,-17,17,-13,15,-16,18,-13,13,-17,14,-20,17,-17,11,-13,14,-15,9,-13,6,-8,8,-5,5,-3,7,-2,6,2,6,6,5,11,7,18,11,19,11,25,15,24,16,29,24,30,27,33,31,35,34,33,35,34,42,33,46,37,46,35,48,36,51,36,52,35,55,36,53,39,53,37,56,42,61,42,65,44,62,42,69,40,67,36,73,39,72,36,76,37,75,34,75,0,0]",1
CSI_DATA,53482,1a:00:00:00:00:00,-30,11,1,0,1,1,1,0,0,0,1,-97,0,11,2,720240501,0,44,0,384,0,"[0,0,0,0,0,0,0,0,0,0,0,0,-13,-5,-12,-4,-13,-4,-12,-4,-12,-4,-12,-4,-12,-4,-11,-4,-11,-4,-11,-3,-10,-3,-10,-2,-10,-2,-10,-1,-9,-1,-10,0,-9,0,-10,1,-9,1,-10,1,-10,2,-10,2,-11,2,-11,3,-11,3,-11,3,0,0,-12,2,-12,2,-12,2,-12,2,-11,2,-11,1,-11,1,-10,1,-11,2,-11,2,-10,2,-11,2,-11,2,-11,2,-11,1,-11,1,-11,1,-11,1,-11,0,-11,-1,-11,-2,-10,-2,-10,-2,-9,-3,-9,-3,-8,-4,0,0,0,0,0,0,0,0,0,0,0,0,0,0,31,67,25,69,29,66,33,64,33,62,28,61,30,59,32,62,31,59,30,55,28,50,27,51,31,51,31,47,29,43,34,41,33,41,34,36,35,32,36,30,40,27,41,24,43,23,44,24,47,24,51,26,56,25,57,23,56,26,52,25,59,27,58,30,58,34,55,28,54,31,50,32,48,29,47,29,47,30,50,26,49,26,50,22,50,25,53,24,50,28,52,28,50,27,53,31,47,31,47,36,47,37,37,39,35,41,34,41,28,40,26,37,20,38,0,0,0,0,0,0,0,0,0,0,0,0,0,0,0,0,0,0,0,0,0,0,-22,-7,-21,-10,-21,-12,-17,-13,-19,-12,-15,-6,-14,-11,-14,-11,-19,-11,-18,-10,-19,-12,-19,-12,-17,-11,-18,-14,-14,-16,-19,-17,-17,-16,-15,-16,-12,-15,-8,-15,-7,-12,-9,-10,-7,-6,-5,-6,-4,-1,-6,5,-7,7,-8,11,-9,14,-12,18,-16,23,-20,26,-23,25,-28,31,-30,30,-35,35,-38,34,-39,36,-45,35,-44,37,-46,35,-49,35,-49,39,-52,35,-49,39,-57,39,-58,41,-59,38,-61,40,-62,44,-66,43,-67,45,-69,41,-71,37,-73,40,-74,37,-74,35,0,0]",1
CSI_DATA,53483,1a:00:00:00:00:00,-30,11,1,0,1,1,1,0,0,0,1,-97,0,11,2,720260498,0,44,0,384,0,"[0,0,0,0,0,0,0,0,0,0,0,0,13,0,13,0,13,0,13,0,12,0,12,0,12,0,12,1,11,0,10,-1,10,-1,10,-1,9,-1,9,-2,9,-2,9,-3,9,-4,8,-4,8,-5,9,-5,9,-5,9,-6,9,-6,9,-7,10,-7,10,-7,0,0,11,-6,11,-6,10,-6,10,-6,10,-5,10,-5,10,-5,9,-5,9,-5,9,-5,9,-6,9,-6,9,-6,9,-6,10,-5,10,-5,10,-5,10,-4,10,-3,10,-3,11,-2,10,-1,10,-1,9,-1,9,1,8,1,0,0,0,0,0,0,0,0,0,0,0,0,0,0,-49,-64,-44,-61,-45,-59,-45,-57,-41,-58,-46,-58,-41,-53,-45,-57,-46,-48,-42,-49,-43,-47,-44,-48,-40,-42,-36,-44,-37,-41,-40,-37,-41,-37,-43,-33,-41,-32,-43,-25,-48,-23,-43,-25,-50,-17,-50,-21,-52,-22,-57,-19,-57,-19,-56,-19,-58,-18,-61,-19,-64,-20,-61,-26,-61,-26,-63,-25,-57,-25,-56,-28,-55,-29,-57,-27,-52,-24,-56,-25,-53,-24,-54,-24,-53,-26,-57,-24,-56,-26,-54,-25,-54,-30,-52,-30,-49,-32,-47,-32,-46,-35,-41,-37,-40,-40,-33,-40,-29,-41,-29,-41,-22,-41,0,0,0,0,0,0,0,0,0,0,0,0,0,0,0,0,0,0,0,0,0,0,19,-1,22,-9,24,6,24,7,23,3,19,5,21,2,19,0,25,4,21,2,21,2,20,3,20,2,21,5,19,7,22,6,21,7,17,9,16,7,15,6,11,10,8,5,8,2,5,-1,5,-5,3,-8,4,-10,2,-16,5,-19,0,-22,4,-29,6,-33,11,-35,13,-41,18,-42,18,-45,22,-44,28,-49,31,-47,32,-50,36,-53,36,-52,39,-52,38,-50,40,-58,37,-59,40,-54,45,-59,49,-58,49,-58,54,-59,54,-63,57,-59,57,-58,64,-57,63,-59,64,-55,0,0]",1
CSI_DATA,53484,1a:00:00:00:00:00,-30,11,1,0,1,1,1,0,0,0,1,-97,0,11,2,720270489,0,44,0,384,0,"[0,0,0,0,0,0,0,0,0,0,0,0,1,13,1,13,1,13,1,13,0,13,1,12,0,12,0,11,0,11,1,10,1,10,2,9,2,9,3,9,3,8,4,8,4,8,4,8,5,7,6,8,6,8,6,8,7,8,8,8,8,8,8,9,0,0,7,9,7,9,7,9,7,9,6,9,6,9,6,9,6,8,6,8,6,8,7,8,7,8,7,8,7,8,6,9,6,9,6,9,6,9,5,9,4,9,3,10,3,10,2,10,2,9,1,9,0,8,0,0,0,0,0,0,0,0,0,0,0,0,0,0,50,-57,49,-55,47,-56,42,-54,40,-54,42,-59,41,-56,42,-55,38,-55,39,-54,38,-48,38,-49,32,-50,28,-47,29,-47,22,-47,23,-49,15,-46,15,-47,11,-46,8,-50,6,-51,0,-53,3,-54,2,-57,-1,-59,0,-61,-2,-62,-2,-65,-4,-64,-2,-62,-1,-65,1,-65,1,-67,5,-63,5,-61,5,-56,5,-56,4,-59,2,-57,1,-55,0,-56,2,-55,1,-59,5,-59,-1,-56,7,-60,9,-60,8,-56,14,-56,12,-54,18,-52,19,-52,22,-49,22,-44,24,-38,25,-34,0,0,0,0,0,0,0,0,0,0,0,0,0,0,0,0,0,0,0,0,0,0,1,20,-2,24,0,21,-3,22,-3,21,-4,18,-4,16,-6,17,-5,16,-2,21,-6,22,-5,18,-3,23,-4,26,-7,21,-8,22,-6,20,-10,17,-13,16,-8,13,-4,11,-6,8,-3,9,-3,6,1,4,7,4,9,0,14,0,18,2,22,3,28,2,32,2,34,8,36,11,44,12,45,14,44,17,45,21,48,25,49,22,54,27,53,27,52,32,58,30,56,28,58,37,58,34,65,36,61,37,65,37,63,39,71,39,63,47,65,48,70,45,65,51,60,53,0,0]",1
CSI_DATA,53485,1a:00:00:00:00:00,-30,11,1,0,1,1,1,0,0,0,1,-97,0,11,2,720280479,0,44,0,384,0,"[0,0,0,0,0,0,0,0,0,0,0,0,-14,2,-14,2,-13,2,-13,2,-13,2,-13,2,-12,2,-12,1,-12,2,-11,2,-11,2,-10,3,-10,3,-9,3,-9,4,-8,4,-8,5,-8,5,-8,6,-8,6,-8,6,-8,7,-8,7,-8,8,-8,8,-8,8,0,0,-9,8,-9,8,-9,8,-9,8,-9,7,-9,7,-9,7,-8,7,-8,7,-8,7,-8,8,-8,7,-8,7,-8,7,-9,7,-9,7,-9,7,-9,6,-10,6,-10,5,-10,4,-10,3,-10,3,-9,2,-10,2,-9,1,0,0,0,0,0,0,0,0,0,0,0,0,0,0,64,48,53,45,58,42,55,44,57,40,56,39,57,36,54,38,56,36,57,33,52,33,49,33,52,32,48,24,48,23,51,18,48,15,47,16,47,13,44,10,50,6,50,5,52,1,53,2,49,1,51,1,57,-3,61,-6,63,-4,63,-9,66,-3,65,0,67,2,62,0,64,6,61,6,57,6,60,6,59,3,58,4,56,1,55,0,58,0,56,-2,59,0,57,0,55,5,61,8,54,9,56,15,53,15,51,18,48,18,48,25,43,23,41,23,31,29,0,0,0,0,0,0,0,0,0,0,0,0,0,0,0,0,0,0,0,0,0,0,-23,5,-21,4,-21,3,-21,2,-20,0,-20,-1,-18,0,-18,-1,-19,-1,-20,-1,-20,0,-23,1,-22,-1,-20,-2,-24,-3,-25,-4,-26,-6,-20,-4,-17,-4,-16,-9,-13,-4,-9,-4,-10,-1,-7,0,-4,1,-4,4,-2,10,0,14,3,19,1,22,-1,27,-3,34,-3,32,-8,41,-9,46,-11,46,-14,49,-15,51,-14,51,-16,54,-18,55,-22,57,-26,57,-25,58,-25,60,-25,64,-31,64,-31,62,-34,66,-36,66,-36,70,-37,75,-41,72,-46,69,-41,73,-46,68,-49,68,0,0]",1
CSI_DATA,53486,1a:00:00:00:00:00,-30,11,1,0,1,1,1,0,0,0,1,-97,0,11,2,720300509,0,44,0,384,0,"[0,0,0,0,0,0,0,0,0,0,0,0,13,-2,13,-2,12,-2,12,-2,12,-2,12,-2,11,-2,11,-1,11,-2,10,-2,10,-3,9,-3,9,-3,8,-4,8,-4,8,-5,7,-5,7,-5,7,-6,7,-7,7,-7,8,-7,8,-8,8,-8,8,-9,8,-9,0,0,9,-8,9,-8,9,-8,9,-8,9,-7,9,-7,8,-7,8,-7,8,-7,8,-7,7,-8,8,-8,8,-8,8,-7,8,-7,9,-7,9,-7,9,-6,9,-6,9,-5,10,-4,9,-3,9,-3,9,-3,9,-2,8,-1,0,0,0,0,0,0,0,0,0,0,0,0,0,0,-61,-58,-55,-54,-56,-47,-56,-48,-52,-47,-54,-46,-55,-45,-56,-47,-53,-42,-52,-39,-50,-41,-47,-37,-51,-36,-47,-32,-47,-32,-46,-26,-48,-27,-49,-19,-49,-21,-45,-17,-53,-10,-50,-11,-52,-7,-53,-4,-57,-5,-61,-4,-61,-3,-64,-2,-65,-3,-67,-2,-69,-4,-68,-5,-62,-8,-65,-9,-63,-9,-64,-10,-56,-9,-60,-11,-57,-12,-58,-9,-55,-6,-57,-4,-57,-9,-62,-9,-61,-5,-61,-9,-59,-13,-59,-13,-57,-14,-54,-20,-56,-21,-52,-26,-53,-26,-47,-27,-41,-27,-39,-29,-35,-32,0,0,0,0,0,0,0,0,0,0,0,0,0,0,0,0,0,0,0,0,0,0,24,-5,22,-4,21,-1,21,1,21,1,19,3,20,-1,20,4,21,0,18,2,20,2,24,4,24,1,22,4,20,6,19,8,22,3,21,5,19,5,12,7,13,6,12,3,7,0,6,-3,3,-4,1,-3,2,-10,2,-17,1,-17,0,-27,4,-28,2,-34,7,-39,11,-39,12,-46,15,-47,18,-46,20,-51,22,-53,24,-58,27,-58,24,-55,30,-59,34,-58,31,-58,33,-56,35,-62,39,-64,39,-66,40,-71,46,-68,43,-70,52,-68,49,-65,49,-69,53,-66,56,-63,0,0]",1
CSI_DATA,53487,1a:00:00:00:00:00,-30,11,1,0,1,1,1,0,0,0,1,-97,0,11,2,720310487,0,44,0,384,0,"[0,0,0,0,0,0,0,0,0,0,0,0,4,12,5,11,5,11,5,11,4,11,4,10,4,10,4,10,4,9,4,9,4,8,4,8,4,7,5,7,5,7,6,6,6,5,6,5,7,5,7,5,7,5,8,5,8,5,9,5,9,5,9,5,0,0,9,6,9,6,9,6,9,6,8,6,8,6,8,6,8,6,8,5,8,6,8,5,8,5,8,6,8,6,8,6,8,6,8,7,7,7,7,7,6,7,5,8,5,8,4,8,4,8,3,8,2,7,0,0,0,0,0,0,0,0,0,0,0,0,0,0,24,-78,24,-71,20,-72,19,-68,19,-67,17,-70,15,-67,14,-66,17,-64,17,-65,15,-64,10,-60,9,-59,11,-58,12,-58,5,-59,3,-54,0,-51,-1,-52,-6,-51,-11,-54,-8,-47,-15,-53,-17,-51,-17,-53,-23,-54,-18,-57,-23,-60,-21,-65,-25,-62,-23,-61,-20,-67,-20,-64,-16,-63,-15,-62,-15,-61,-14,-61,-15,-61,-14,-58,-14,-61,-17,-54,-18,-59,-17,-59,-16,-56,-15,-59,-16,-57,-14,-62,-14,-59,-8,-60,-5,-62,-1,-58,3,-54,9,-57,9,-52,11,-48,13,-47,19,-44,0,0,0,0,0,0,0,0,0,0,0,0,0,0,0,0,0,0,0,0,0,0,17,17,11,17,13,20,8,19,11,17,7,19,9,16,10,21,7,19,9,15,8,18,9,20,8,20,8,26,8,21,4,19,6,21,5,21,1,19,-1,15,0,15,0,10,1,6,6,6,4,4,8,-2,10,-6,10,-4,18,-11,22,-10,23,-15,34,-12,38,-11,40,-10,43,-13,45,-9,53,-10,56,-6,56,-7,58,-4,63,-5,59,-3,65,0,65,0,65,-2,71,0,69,0,71,4,76,2,76,6,81,8,80,8,83,12,79,13,84,15,82,17,78,25,0,0]",1
CSI_DATA,53488,1a:00:00:00:00:00,-30,11,1,0,1,1,1,0,0,0,1,-97,0,11,2,720320512,0,44,0,384,0,"[0,0,0,0,0,0,0,0,0,0,0,0,-12,5,-12,5,-12,5,-12,5,-12,5,-11,5,-11,5,-10,5,-10,4,-10,5,-9,5,-9,5,-8,5,-8,5,-7,5,-6,6,-6,6,-6,7,-5,7,-5,8,-5,8,-5,9,-5,9,-5,9,-6,10,-5,10,0,0,-6,10,-6,10,-6,10,-6,10,-6,9,-6,9,-6,9,-6,9,-5,9,-5,9,-5,9,-5,9,-5,9,-5,9,-6,9,-6,9,-6,9,-6,8,-7,8,-7,7,-8,7,-8,6,-8,6,-8,5,-8,4,-8,3,0,0,0,0,0,0,0,0,0,0,0,0,0,0,74,18,72,21,67,15,68,12,73,11,68,10,68,11,64,12,66,9,66,8,59,8,61,7,57,8,55,2,54,4,54,0,52,-3,51,-10,51,-6,45,-12,48,-15,48,-21,44,-23,47,-24,48,-26,50,-26,48,-28,53,-30,54,-32,58,-35,59,-31,57,-29,55,-28,54,-29,58,-25,55,-28,51,-24,52,-23,48,-29,52,-26,48,-22,48,-28,52,-27,50,-29,50,-27,51,-24,52,-24,56,-24,51,-22,52,-17,53,-19,53,-12,52,-5,55,-1,48,-1,47,3,45,6,0,0,0,0,0,0,0,0,0,0,0,0,0,0,0,0,0,0,0,0,0,0,-20,9,-23,9,-21,6,-22,5,-22,3,-21,4,-18,4,-21,3,-22,4,-18,4,-21,2,-23,3,-21,4,-22,6,-21,3,-23,6,-24,3,-22,0,-16,-2,-16,-2,-16,0,-11,-1,-9,1,-8,3,-4,2,1,5,1,9,5,12,8,17,8,21,7,25,8,32,12,33,10,38,6,40,6,48,2,50,0,54,2,57,1,56,1,61,-3,60,-3,59,-5,66,-5,64,-6,68,-4,65,-2,72,-1,78,-8,78,-13,78,-8,76,-12,78,-10,80,-14,81,-19,84,-14,76,0,0]",1
CSI_DATA,53489,1a:00:00:00:00:00,-30,11,1,0,1,1,1,0,0,0,1,-97,0,11,2,720340484,0,44,0,384,0,"[0,0,0,0,0,0,0,0,0,0,0,0,7,-12,6,-12,6,-12,6,-12,6,-11,6,-11,6,-11,6,-10,5,-10,5,-10,4,-10,4,-10,3,-9,3,-9,2,-9,1,-10,1,-9,0,-10,0,-10,-1,-10,-1,-11,-1,-11,-1,-11,-2,-12,-2,-12,-2,-12,0,0,-1,-13,-1,-13,-1,-12,-1,-12,-1,-12,-1,-12,-1,-11,-1,-11,-1,-11,-1,-11,-1,-11,-1,-11,-1,-11,-1,-11,-1,-12,0,-11,0,-12,0,-12,1,-11,1,-11,2,-11,3,-10,3,-10,3,-9,4,-8,4,-7,0,0,0,0,0,0,0,0,0,0,0,0,0,0,-77,21,-75,22,-74,22,-72,21,-69,21,-69,24,-66,21,-69,23,-65,25,-64,24,-61,23,-59,19,-54,23,-52,26,-51,22,-45,23,-52,28,-43,25,-44,28,-40,32,-37,35,-34,40,-33,41,-32,42,-34,45,-30,47,-34,49,-33,48,-39,55,-36,56,-37,52,-42,53,-41,53,-40,50,-41,47,-42,47,-41,45,-42,46,-38,45,-38,44,-34,45,-36,46,-38,46,-38,44,-40,49,-37,47,-40,46,-39,44,-44,39,-42,37,-51,37,-44,31,-46,27,-50,22,-45,20,-44,16,-42,12,0,0,0,0,0,0,0,0,0,0,0,0,0,0,0,0,0,0,0,0,0,0,10,-24,16,-23,10,-18,13,-16,11,-16,11,-15,10,-15,12,-16,10,-16,10,-18,12,-14,12,-15,13,-21,11,-17,14,-19,16,-17,19,-13,14,-14,16,-13,11,-11,13,-11,8,-9,6,-4,5,-6,-2,-8,-5,-7,-8,-9,-13,-9,-16,-11,-22,-14,-23,-20,-24,-24,-33,-27,-31,-29,-32,-35,-32,-36,-30,-37,-34,-45,-35,-49,-35,-50,-34,-51,-33,-49,-35,-56,-35,-60,-34,-58,-33,-59,-35,-64,-36,-65,-35,-65,-36,-70,-33,-72,-36,-71,-32,-76,-34,-77,-37,-82,-29,-83,-24,-80,0,0]",1
CSI_DATA,53490,1a:00:00:00:00:00,-30,11,1,0,1,1,1,0,0,0,1,-97,0,11,2,720350489,0,44,0,384,0,"[0,0,0,0,0,0,0,0,0,0,0,0,11,6,11,6,11,5,11,5,11,5,10,5,10,5,10,5,9,5,9,4,9,4,9,3,9,3,9,2,8,1,9,0,8,0,9,0,9,-1,9,-1,10,-1,10,-2,10,-2,11,-2,11,-2,11,-2,0,0,12,-2,12,-2,11,-2,11,-1,10,-1,11,-1,10,-1,10,-1,10,-2,10,-2,10,-2,10,-2,10,-2,10,-2,11,-1,11,-1,11,-1,10,-1,10,0,10,1,10,2,9,2,9,3,8,3,8,4,7,4,0,0,0,0,0,0,0,0,0,0,0,0,0,0,-20,-77,-21,-75,-18,-72,-26,-71,-24,-70,-25,-65,-25,-71,-24,-64,-24,-64,-24,-61,-23,-60,-23,-57,-22,-60,-25,-57,-26,-51,-32,-46,-27,-46,-33,-44,-31,-39,-33,-38,-35,-37,-38,-37,-41,-30,-43,-36,-46,-33,-46,-35,-48,-34,-55,-34,-52,-38,-57,-33,-53,-39,-56,-44,-49,-42,-51,-39,-51,-40,-48,-41,-45,-41,-43,-43,-46,-38,-48,-40,-45,-34,-49,-34,-49,-37,-51,-38,-47,-41,-47,-38,-44,-39,-44,-41,-42,-42,-33,-45,-35,-47,-30,-50,-29,-51,-23,-47,-24,-47,-17,-45,-15,-41,0,0,0,0,0,0,0,0,0,0,0,0,0,0,0,0,0,0,0,0,0,0,22,6,18,9,19,8,20,10,19,11,15,12,16,13,17,11,17,9,15,12,17,14,18,14,18,13,21,16,17,15,15,12,13,16,13,15,11,13,6,14,6,12,4,9,8,8,3,1,6,-1,9,-3,7,-10,9,-11,9,-17,12,-24,16,-26,23,-25,24,-29,31,-29,32,-33,37,-33,41,-30,42,-35,46,-34,52,-39,51,-37,54,-35,55,-32,58,-33,57,-37,59,-35,62,-34,64,-36,66,-36,70,-36,72,-39,74,-40,80,-36,78,-31,77,-33,79,-31,82,-24,0,0]",1
CSI_DATA,53491,1a:00:00:00:00:00,-30,11,1,0,1,1,1,0,0,0,1,-97,0,11,2,720360482,0,44,0,384,0,"[0,0,0,0,0,0,0,0,0,0,0,0,-6,12,-5,11,-5,12,-5,11,-5,11,-5,10,-4,10,-5,10,-4,10,-4,10,-3,9,-3,9,-3,9,-2,8,-1,8,0,9,0,8,0,9,1,9,1,9,1,9,2,10,2,10,2,10,2,11,2,11,0,0,2,11,2,11,2,11,2,11,1,10,1,10,1,10,1,10,2,10,2,10,2,10,2,10,2,10,2,10,1,10,1,10,1,10,0,10,0,10,-1,10,-2,10,-2,9,-3,9,-3,8,-4,8,-4,7,0,0,0,0,0,0,0,0,0,0,0,0,0,0,70,-31,67,-29,67,-30,62,-34,63,-32,56,-34,60,-35,61,-35,56,-33,54,-34,52,-32,49,-34,48,-34,45,-31,42,-31,41,-31,38,-35,35,-37,33,-38,31,-35,29,-41,27,-43,21,-45,22,-47,21,-52,22,-49,26,-56,24,-55,27,-55,24,-60,29,-61,27,-59,29,-57,30,-57,29,-55,30,-53,29,-53,29,-52,25,-53,24,-53,22,-49,25,-52,27,-53,26,-54,28,-52,27,-52,29,-47,34,-53,30,-47,33,-46,37,-44,37,-41,36,-37,39,-33,40,-30,40,-23,38,-19,0,0,0,0,0,0,0,0,0,0,0,0,0,0,0,0,0,0,0,0,0,0,-9,21,-11,20,-11,20,-12,15,-8,20,-12,16,-12,15,-11,13,-10,18,-11,20,-11,20,-15,17,-11,20,-14,15,-12,18,-15,16,-14,17,-16,18,-10,12,-15,13,-12,7,-8,9,-6,5,-4,9,2,7,6,6,8,7,12,6,15,8,20,9,26,13,28,12,29,18,31,22,38,29,36,30,36,34,36,39,38,42,40,45,41,49,40,44,41,46,36,50,40,50,44,53,44,52,45,53,48,61,46,64,44,67,50,65,45,66,43,70,38,73,38,70,40,69,0,0]",1
CSI_DATA,53492,1a:00:00:00:00:00,-30,11,1,0,1,1,1,0,0,0,1,-97,0,11,2,720381552,0,44,0,384,0,"[0,0,0,0,0,0,0,0,0,0,0,0,-10,-11,-10,-10,-10,-10,-10,-10,-9,-10,-9,-10,-9,-9,-9,-9,-8,-9,-9,-8,-9,-8,-9,-7,-8,-7,-9,-6,-8,-6,-9,-5,-9,-4,-9,-4,-10,-3,-10,-3,-10,-3,-11,-3,-12,-3,-12,-3,-12,-3,-12,-3,0,0,-13,-4,-12,-4,-12,-4,-12,-4,-12,-4,-12,-4,-11,-4,-11,-4,-11,-4,-11,-4,-11,-3,-11,-3,-11,-3,-11,-4,-11,-4,-11,-5,-11,-5,-11,-5,-10,-6,-10,-6,-9,-7,-9,-7,-8,-8,-7,-7,-7,-8,-6,-7,0,0,0,0,0,0,0,0,0,0,0,0,0,0,-4,78,-4,76,-1,73,0,73,3,70,-1,71,3,64,5,69,4,62,2,66,5,61,5,61,7,59,7,55,8,53,9,54,14,52,11,48,16,45,16,42,21,46,23,44,26,41,31,40,31,40,35,44,36,47,36,48,34,51,36,50,36,53,36,58,33,51,36,54,31,51,29,54,29,50,29,48,30,48,30,47,30,44,31,47,31,51,29,47,28,53,32,49,29,51,25,50,23,52,21,50,19,53,13,52,13,50,5,50,1,47,-1,45,-5,46,0,0,0,0,0,0,0,0,0,0,0,0,0,0,0,0,0,0,0,0,0,0,-19,-14,-15,-18,-14,-18,-18,-18,-14,-17,-12,-15,-14,-15,-11,-15,-10,-14,-14,-18,-15,-21,-12,-14,-15,-18,-13,-19,-10,-19,-13,-16,-14,-22,-10,-17,-7,-18,-3,-16,-6,-13,-8,-12,-7,-9,-4,-7,-5,-2,-7,0,-11,5,-10,9,-13,13,-21,16,-22,13,-29,19,-32,19,-33,18,-39,21,-44,17,-49,20,-52,16,-55,18,-56,16,-58,17,-59,18,-63,12,-60,15,-65,14,-66,18,-68,17,-69,16,-72,15,-73,12,-77,11,-83,10,-83,9,-78,7,-80,3,-88,2,-83,4,0,0]",1
CSI_DATA,53493,1a:00:00:00:00:00,-30,11,1,0,1,1,1,0,0,0,1,-97,0,11,2,720390479,0,44,0,384,0,"[0,0,0,0,0,0,0,0,0,0,0,0,13,-3,12,-3,12,-3,12,-3,12,-3,12,-3,11,-3,11,-3,10,-3,10,-3,10,-3,9,-4,9,-4,8,-4,8,-5,7,-5,7,-5,7,-6,7,-7,7,-7,7,-7,7,-8,7,-8,7,-9,8,-9,8,-9,0,0,8,-9,8,-9,8,-8,8,-8,8,-8,8,-8,8,-7,7,-7,8,-8,7,-8,7,-8,7,-8,8,-8,8,-8,8,-7,8,-7,8,-7,9,-7,9,-6,9,-5,9,-5,9,-4,9,-4,9,-3,9,-2,8,-1,0,0,0,0,0,0,0,0,0,0,0,0,0,0,-60,-58,-53,-56,-54,-51,-53,-50,-56,-46,-49,-47,-49,-45,-52,-44,-51,-42,-52,-41,-48,-39,-49,-38,-49,-38,-46,-28,-43,-30,-46,-29,-46,-23,-50,-24,-45,-19,-45,-14,-47,-15,-49,-10,-51,-7,-50,-8,-54,-7,-57,-5,-57,-5,-62,-1,-64,-2,-65,-3,-67,-4,-67,-10,-62,-10,-66,-7,-59,-8,-63,-14,-61,-12,-55,-12,-54,-9,-58,-7,-53,-8,-60,-4,-58,-6,-60,-4,-62,-9,-60,-9,-59,-11,-60,-12,-55,-14,-54,-17,-52,-21,-51,-23,-50,-25,-41,-28,-42,-30,-37,-26,-30,-33,0,0,0,0,0,0,0,0,0,0,0,0,0,0,0,0,0,0,0,0,0,0,22,-2,23,2,20,5,21,0,21,1,18,3,20,4,20,3,20,4,18,3,20,7,21,3,18,3,21,3,19,8,21,7,20,6,16,10,16,7,15,6,10,6,10,3,4,3,6,0,5,-4,4,-6,4,-12,2,-16,0,-17,2,-25,3,-29,5,-35,9,-36,14,-40,14,-44,20,-44,22,-44,20,-50,23,-51,26,-56,28,-54,30,-52,35,-54,32,-59,34,-58,32,-56,38,-60,38,-60,40,-65,41,-63,44,-64,47,-69,51,-67,47,-63,52,-66,55,-62,54,-62,0,0]",1
CSI_DATA,53494,1a:00:00:00:00:00,-30,11,1,0,1,1,1,0,0,0,1,-97,0,11,2,720400503,0,44,0,384,0,"[0,0,0,0,0,0,0,0,0,0,0,0,3,12,3,12,3,12,3,12,3,12,3,11,3,11,2,11,3,10,3,10,3,9,3,9,4,8,4,8,4,7,5,7,5,7,6,6,7,6,7,6,7,6,8,6,8,6,9,6,9,7,9,7,0,0,9,8,9,7,9,7,9,7,8,7,8,7,8,7,7,7,8,6,8,6,8,6,8,6,8,6,8,7,8,7,8,7,8,7,7,7,6,8,6,8,5,9,5,9,4,9,3,8,3,8,2,8,0,0,0,0,0,0,0,0,0,0,0,0,0,0,29,-67,32,-66,25,-66,23,-69,24,-68,23,-64,20,-64,21,-64,19,-67,19,-64,15,-61,18,-60,13,-58,12,-56,15,-54,10,-54,4,-53,7,-48,2,-46,-5,-49,-6,-49,-9,-52,-16,-49,-16,-51,-15,-53,-19,-50,-22,-57,-22,-56,-20,-59,-22,-59,-18,-62,-18,-61,-18,-65,-23,-61,-15,-65,-13,-58,-15,-57,-15,-55,-17,-59,-17,-54,-16,-57,-16,-53,-18,-54,-19,-53,-17,-55,-20,-59,-12,-55,-14,-61,-12,-54,-9,-59,-7,-58,-3,-54,-2,-55,7,-52,5,-46,10,-46,13,-40,0,0,0,0,0,0,0,0,0,0,0,0,0,0,0,0,0,0,0,0,0,0,6,21,4,19,3,20,4,19,5,21,1,20,1,22,-1,20,3,21,3,23,1,21,1,20,0,22,1,23,0,22,0,23,-1,25,-2,19,-2,20,-2,16,-3,13,0,10,1,7,1,3,5,-2,7,1,8,-1,13,-3,18,-5,23,-6,26,-6,33,-5,37,-4,40,1,44,0,45,-1,51,4,55,5,52,7,59,7,56,8,59,7,58,10,63,11,61,11,69,9,68,9,71,10,72,15,76,20,79,19,78,18,77,20,77,26,83,24,75,28,78,31,0,0]",1
CSI_DATA,53495,1a:00:00:00:00:00,-30,11,1,0,1,1,1,0,0,0,1,-97,0,11,2,720420492,0,44,0,384,0,"[0,0,0,0,0,0,0,0,0,0,0,0,-9,-11,-9,-10,-9,-10,-9,-10,-9,-10,-9,-10,-8,-9,-8,-9,-8,-9,-8,-8,-8,-8,-8,-7,-8,-6,-8,-6,-8,-5,-9,-5,-9,-4,-9,-4,-10,-3,-10,-3,-10,-3,-11,-3,-11,-3,-12,-2,-12,-3,-12,-3,0,0,-12,-4,-12,-4,-12,-4,-12,-4,-11,-4,-11,-4,-11,-4,-11,-4,-11,-3,-11,-3,-11,-2,-11,-3,-11,-3,-11,-3,-11,-3,-11,-4,-11,-4,-11,-4,-10,-5,-10,-6,-9,-6,-9,-7,-8,-7,-8,-7,-7,-7,-6,-7,0,0,0,0,0,0,0,0,0,0,0,0,0,0,-5,79,-3,72,-1,78,-1,70,3,66,1,72,1,66,3,70,1,62,5,67,4,62,5,59,7,58,9,57,9,54,9,50,13,49,16,49,16,45,21,41,25,44,23,44,31,43,33,45,28,43,35,40,36,44,41,46,40,45,40,46,39,49,39,53,37,47,40,53,36,50,36,50,33,50,32,45,35,50,33,46,35,42,32,44,35,46,38,43,34,48,33,45,30,51,32,50,31,52,27,53,23,49,21,51,13,47,12,49,11,50,5,43,0,44,0,0,0,0,0,0,0,0,0,0,0,0,0,0,0,0,0,0,0,0,0,0,-15,-15,-12,-16,-11,-16,-16,-22,-13,-17,-12,-17,-9,-18,-11,-16,-10,-16,-14,-18,-12,-18,-11,-23,-13,-19,-9,-20,-10,-22,-8,-21,-10,-21,-6,-18,-6,-17,-4,-15,-4,-15,-4,-7,-7,-10,-7,-2,-6,-1,-7,1,-10,4,-11,8,-14,12,-18,17,-24,16,-30,15,-33,18,-36,17,-43,17,-46,14,-49,15,-54,19,-56,14,-61,17,-58,13,-59,15,-64,15,-61,12,-66,14,-66,16,-67,15,-73,11,-74,10,-74,13,-80,13,-77,15,-83,12,-81,7,-86,8,-85,7,-83,3,0,0]",1
CSI_DATA,53496,1a:00:00:00:00:00,-30,11,1,0,1,1,1,0,0,0,1,-97,0,11,2,720430496,0,44,0,384,0,"[0,0,0,0,0,0,0,0,0,0,0,0,7,-11,7,-11,7,-11,7,-11,6,-10,7,-10,6,-10,6,-9,6,-9,5,-9,5,-9,4,-9,4,-9,3,-9,3,-9,2,-9,2,-9,1,-9,0,-10,0,-10,0,-10,0,-11,0,-11,-1,-12,0,-12,-1,-12,0,0,0,-12,0,-12,0,-12,1,-12,0,-12,1,-11,1,-11,0,-11,0,-11,0,-11,0,-11,0,-11,0,-11,0,-11,0,-11,1,-11,1,-11,1,-11,2,-11,2,-11,3,-10,4,-9,4,-9,4,-8,5,-8,5,-7,0,0,0,0,0,0,0,0,0,0,0,0,0,0,-78,1,-78,4,-73,2,-72,2,-70,6,-72,8,-68,7,-71,9,-65,9,-64,8,-63,5,-60,6,-59,9,-58,12,-53,11,-53,12,-51,13,-47,18,-48,19,-45,23,-44,26,-41,28,-40,31,-44,34,-40,32,-46,36,-44,42,-40,42,-46,42,-48,43,-49,43,-50,42,-50,41,-51,40,-50,37,-53,38,-48,35,-47,34,-46,32,-47,37,-45,32,-46,39,-44,37,-45,39,-44,37,-47,36,-44,33,-47,32,-49,32,-48,26,-53,23,-52,20,-55,15,-51,16,-47,10,-49,5,-44,3,0,0,0,0,0,0,0,0,0,0,0,0,0,0,0,0,0,0,0,0,0,0,15,-21,17,-15,16,-14,14,-14,13,-11,15,-9,15,-13,16,-14,18,-13,18,-12,17,-12,18,-12,17,-15,17,-13,17,-14,20,-11,20,-11,19,-8,17,-8,13,-6,11,-6,9,-6,6,-6,3,-9,-2,-5,-5,-11,-8,-7,-10,-11,-15,-16,-14,-18,-19,-20,-23,-28,-21,-30,-23,-38,-20,-39,-22,-45,-21,-47,-21,-48,-20,-54,-20,-57,-20,-60,-18,-57,-15,-59,-19,-57,-18,-62,-17,-65,-18,-68,-22,-70,-19,-75,-14,-74,-18,-79,-18,-77,-14,-82,-10,-79,-15,-86,-7,-85,-6,-81,0,0]",1
CSI_DATA,53497,1a:00:00:00:00:00,-30,11,1,0,1,1,1,0,0,0,1,-97,0,11,2,720440502,0,44,0,384,0,"[0,0,0,0,0,0,0,0,0,0,0,0,12,4,12,4,12,4,12,4,12,4,11,4,11,3,10,3,10,3,10,3,10,2,9,1,9,1,9,1,8,0,9,-1,9,-1,9,-2,9,-2,9,-3,9,-3,10,-3,10,-3,10,-4,11,-4,11,-4,0,0,11,-3,11,-3,11,-3,11,-3,11,-3,10,-2,10,-2,10,-2,10,-3,10,-3,10,-3,10,-4,11,-1,11,-3,10,-3,10,-2,11,-2,10,-2,11,-1,10,0,10,1,10,1,9,2,8,2,8,3,7,3,0,0,0,0,0,0,0,0,0,0,0,0,0,0,-39,-63,-38,-65,-35,-61,-39,-60,-38,-57,-38,-58,-42,-56,-38,-55,-38,-54,-38,-52,-38,-50,-34,-45,-37,-49,-37,-40,-35,-41,-36,-39,-38,-36,-37,-29,-36,-32,-40,-28,-39,-24,-45,-24,-45,-23,-49,-19,-49,-20,-54,-24,-55,-22,-57,-19,-57,-20,-61,-19,-55,-27,-58,-28,-61,-28,-57,-28,-56,-29,-52,-30,-48,-27,-48,-28,-53,-22,-48,-27,-48,-25,-49,-22,-45,-23,-56,-11,-49,-28,-54,-23,-41,-30,-50,-32,-47,-31,-42,-32,-43,-35,-40,-40,-38,-39,-32,-43,-28,-40,-24,-39,-18,-39,0,0,0,0,0,0,0,0,0,0,0,0,0,0,0,0,0,0,0,0,0,0,19,3,23,-1,22,4,19,5,18,6,19,3,18,3,16,5,18,6,17,7,18,6,17,6,21,6,18,10,20,9,18,11,17,10,16,11,14,10,9,9,10,6,7,5,8,4,5,-1,5,-3,4,-9,5,-10,4,-9,5,-18,5,-23,8,-28,12,-30,13,-34,17,-34,22,-40,24,-37,30,-45,31,-47,32,-44,33,-46,40,-47,39,-47,43,-45,44,-49,44,-44,42,-46,46,-50,51,-51,52,-53,56,-52,54,-52,58,-55,61,-49,61,-53,65,-52,65,-45,66,-47,0,0]",1
CSI_DATA,53498,1a:00:00:00:00:00,-30,11,1,0,1,1,1,0,0,0,1,-97,0,11,2,720460492,0,44,0,384,0,"[0,0,0,0,0,0,0,0,0,0,0,0,-14,0,-14,0,-14,0,-13,0,-13,0,-13,0,-12,0,-12,0,-12,0,-11,1,-11,1,-10,1,-10,1,-10,2,-9,2,-9,3,-9,3,-9,4,-8,5,-9,5,-9,6,-9,6,-9,6,-9,7,-10,7,-10,7,0,0,-11,7,-11,6,-10,6,-11,6,-10,5,-10,6,-10,5,-9,5,-9,5,-9,5,-9,6,-9,5,-10,6,-10,6,-10,5,-10,5,-10,5,-10,4,-11,4,-11,3,-11,2,-11,2,-10,1,-10,0,-10,-1,-9,-1,0,0,0,0,0,0,0,0,0,0,0,0,0,0,51,55,51,55,50,52,51,49,50,50,49,47,48,49,49,45,51,43,46,42,47,41,45,41,47,36,43,34,41,29,43,31,44,28,42,23,42,22,43,18,47,17,50,12,48,12,54,7,54,9,55,7,58,7,60,9,61,9,63,8,63,11,65,15,66,11,63,14,60,14,59,17,55,15,55,15,56,13,57,11,52,10,57,11,54,13,58,13,56,14,56,11,54,15,57,16,54,18,51,20,50,27,49,27,44,28,42,35,35,35,33,33,32,34,0,0,0,0,0,0,0,0,0,0,0,0,0,0,0,0,0,0,0,0,0,0,-24,1,-24,0,-22,-2,-20,-5,-19,-2,-21,-1,-19,-2,-20,-4,-20,-4,-22,-2,-21,-4,-24,-3,-23,-7,-21,-4,-23,-4,-24,-5,-24,-8,-22,-9,-17,-9,-15,-8,-14,-7,-12,-5,-7,1,-6,-2,-8,0,-6,7,-5,12,-3,15,-1,17,-3,24,-5,28,-5,32,-9,38,-11,40,-15,43,-16,46,-21,43,-22,47,-22,47,-29,50,-29,50,-30,55,-34,51,-35,53,-33,55,-36,53,-38,60,-38,63,-41,63,-43,62,-50,65,-48,66,-56,66,-51,63,-55,61,-60,57,-60,59,0,0]",1
CSI_DATA,53499,1a:00:00:00:00:00,-30,11,1,0,1,1,1,0,0,0,1,-97,0,11,2,720470510,0,44,0,384,0,"[0,0,0,0,0,0,0,0,0,0,0,0,-3,-14,-3,-14,-3,-14,-3,-14,-3,-13,-3,-13,-3,-12,-3,-12,-3,-12,-3,-11,-3,-11,-4,-10,-4,-10,-5,-9,-5,-9,-5,-9,-6,-8,-6,-8,-7,-8,-7,-8,-7,-8,-8,-8,-8,-8,-9,-8,-9,-9,-9,-9,0,0,-9,-10,-9,-10,-9,-10,-8,-10,-8,-10,-8,-10,-7,-9,-8,-9,-8,-9,-8,-9,-8,-8,-8,-9,-8,-9,-8,-9,-7,-9,-8,-10,-7,-10,-7,-10,-6,-10,-5,-10,-5,-11,-4,-11,-3,-11,-3,-10,-2,-10,-1,-9,0,0,0,0,0,0,0,0,0,0,0,0,0,0,-48,61,-43,55,-43,59,-41,57,-40,57,-38,58,-39,59,-35,58,-35,57,-32,57,-35,54,-29,53,-26,53,-24,51,-24,50,-22,50,-18,51,-13,49,-12,47,-10,49,-7,50,-3,51,0,50,2,52,5,53,4,57,7,57,4,57,5,63,6,66,5,63,5,66,0,65,1,64,-1,63,-5,58,1,59,-2,54,1,56,0,55,0,56,2,57,4,57,3,60,1,57,0,58,-3,60,-5,60,-5,56,-7,53,-14,54,-15,52,-15,49,-18,47,-22,42,-24,41,-25,37,0,0,0,0,0,0,0,0,0,0,0,0,0,0,0,0,0,0,0,0,0,0,-5,-21,-4,-20,-2,-20,1,-23,-3,-22,-4,-19,2,-19,-2,-20,-3,-21,0,-22,1,-21,0,-23,2,-23,0,-22,4,-26,2,-24,2,-20,7,-22,4,-20,6,-14,3,-14,3,-9,2,-9,-3,-8,-6,-5,-7,-1,-8,-4,-15,-1,-19,-1,-24,2,-29,1,-33,0,-36,-5,-43,-5,-47,-8,-45,-10,-50,-11,-50,-14,-55,-20,-59,-17,-59,-23,-59,-21,-63,-28,-59,-25,-62,-24,-66,-24,-68,-24,-66,-31,-71,-30,-71,-33,-73,-35,-72,-31,-73,-38,-73,-40,-72,-47,-72,-47,-68,-44,0,0]",1
CSI_DATA,53500,1a:00:00:00:00:00,-30,11,1,0,1,1,1,0,0,0,1,-97,0,11,2,720480495,0,44,0,384,0,"[0,0,0,0,0,0,0,0,0,0,0,0,11,-6,11,-6,11,-6,11,-6,11,-6,10,-6,10,-6,10,-5,9,-5,9,-6,8,-6,8,-6,7,-6,7,-6,6,-6,6,-7,5,-7,5,-8,5,-8,5,-9,5,-9,5,-9,5,-10,5,-10,5,-10,5,-10,0,0,6,-10,6,-11,6,-10,6,-10,6,-9,6,-9,6,-9,6,-9,5,-9,5,-9,5,-9,5,-9,5,-9,6,-9,6,-9,6,-9,7,-9,7,-8,7,-8,8,-7,8,-7,8,-6,8,-5,8,-5,8,-4,7,-3,0,0,0,0,0,0,0,0,0,0,0,0,0,0,-78,-30,-69,-26,-73,-24,-69,-23,-69,-24,-68,-18,-65,-13,-67,-18,-64,-14,-65,-14,-59,-15,-60,-15,-60,-8,-56,-12,-54,-9,-57,-6,-52,-3,-51,2,-53,3,-46,5,-53,9,-48,13,-49,18,-49,15,-51,17,-57,15,-52,19,-54,20,-57,19,-62,25,-62,20,-66,19,-62,18,-65,18,-60,14,-64,15,-57,15,-56,13,-57,11,-59,13,-56,13,-55,14,-60,19,-57,18,-59,12,-58,15,-61,11,-61,9,-55,7,-56,2,-57,-5,-54,-3,-53,-7,-53,-10,-51,-9,-47,-12,-41,-20,0,0,0,0,0,0,0,0,0,0,0,0,0,0,0,0,0,0,0,0,0,0,19,-16,18,-14,17,-14,18,-13,15,-7,16,-9,17,-8,17,-11,17,-7,20,-10,20,-8,19,-11,20,-9,20,-9,22,-9,23,-8,22,-4,18,-3,18,-3,13,-2,15,-3,11,-1,8,-4,7,-6,2,-7,0,-6,-5,-12,-6,-17,-9,-17,-8,-23,-11,-26,-13,-32,-10,-37,-10,-41,-13,-44,-6,-45,-7,-52,-6,-52,-5,-58,-7,-61,-1,-63,-1,-62,-1,-66,-2,-67,-2,-65,3,-68,-1,-68,5,-73,5,-78,8,-74,6,-78,7,-80,12,-87,13,-79,12,-87,22,-88,17,-79,0,0]",1
CSI_DATA,53501,1a:00:00:00:00:00,-30,11,1,0,1,1,1,0,0,0,1,-97,0,11,2,720500489,0,44,0,384,0,"[0,0,0,0,0,0,0,0,0,0,0,0,-8,10,-8,10,-8,10,-8,10,-7,10,-7,10,-7,9,-7,9,-6,9,-6,9,-6,8,-5,8,-5,8,-4,8,-4,8,-3,8,-2,8,-2,8,-1,9,-1,9,-1,9,0,10,0,10,0,11,0,11,0,11,0,0,-1,11,-1,11,-1,11,-1,11,-1,11,-1,11,-1,10,-1,10,-1,10,-1,10,0,10,-1,10,-1,10,-1,10,-1,10,-2,10,-2,10,-2,10,-3,10,-3,9,-4,9,-4,9,-5,8,-5,7,-6,7,-5,6,0,0,0,0,0,0,0,0,0,0,0,0,0,0,78,-14,76,-6,72,-15,69,-14,71,-18,70,-15,63,-17,68,-18,63,-18,65,-16,61,-18,59,-15,59,-20,51,-18,52,-17,46,-21,45,-25,43,-27,42,-24,40,-29,39,-33,34,-38,35,-40,37,-42,38,-41,37,-45,39,-47,39,-49,40,-50,38,-52,41,-51,46,-53,40,-45,47,-46,43,-46,46,-44,44,-43,42,-39,41,-43,41,-43,38,-40,41,-45,40,-45,35,-44,42,-44,39,-43,41,-42,43,-38,44,-37,47,-33,51,-30,50,-25,48,-23,47,-18,47,-15,46,-11,45,-11,0,0,0,0,0,0,0,0,0,0,0,0,0,0,0,0,0,0,0,0,0,0,-13,19,-14,18,-13,16,-17,15,-15,16,-16,14,-17,13,-17,15,-18,12,-14,16,-16,14,-18,13,-18,18,-18,14,-18,16,-18,12,-21,10,-19,11,-18,7,-14,6,-12,4,-10,5,-8,5,-1,5,0,8,1,5,7,8,10,9,13,14,16,14,20,16,22,24,24,29,24,33,23,37,23,40,25,41,27,46,28,47,30,51,29,54,25,55,22,58,24,57,26,60,24,65,24,64,27,64,28,71,27,72,24,74,26,77,23,83,22,75,20,81,20,85,17,79,0,0]",1
CSI_DATA,53502,1a:00:00:00:00:00,-30,11,1,0,1,1,1,0,0,0,1,-97,0,11,2,720510481,0,44,0,384,0,"[0,0,0,0,0,0,0,0,0,0,0,0,-13,-5,-13,-5,-12,-5,-12,-5,-12,-4,-12,-4,-11,-4,-11,-4,-11,-4,-11,-3,-10,-3,-10,-3,-10,-2,-10,-2,-10,-1,-10,0,-9,0,-10,1,-10,1,-10,2,-10,2,-10,2,-11,2,-11,3,-12,3,-12,3,0,0,-12,2,-12,2,-12,2,-12,2,-12,2,-11,1,-11,1,-11,1,-11,2,-11,2,-11,2,-11,2,-11,2,-11,2,-11,2,-11,1,-11,1,-11,1,-11,0,-11,-1,-11,-2,-10,-2,-10,-3,-9,-3,-9,-4,-8,-4,0,0,0,0,0,0,0,0,0,0,0,0,0,0,31,68,33,69,31,66,32,61,32,60,33,59,33,54,35,57,34,53,35,52,31,55,31,53,35,51,32,45,30,45,38,44,33,41,36,35,37,36,36,27,40,26,42,23,45,23,48,24,47,24,52,18,52,21,56,23,56,23,57,26,60,28,62,30,58,32,58,29,55,29,51,32,50,32,51,32,51,28,51,25,46,24,53,23,55,28,53,23,53,29,53,25,54,28,49,33,44,32,46,34,40,36,37,37,36,43,31,38,28,41,22,39,19,40,0,0,0,0,0,0,0,0,0,0,0,0,0,0,0,0,0,0,0,0,0,0,-24,-4,-23,-10,-22,-7,-19,-9,-21,-11,-20,-8,-18,-10,-19,-7,-17,-10,-19,-11,-22,-11,-16,-7,-22,-11,-19,-12,-19,-11,-20,-12,-18,-15,-18,-14,-15,-12,-13,-12,-7,-13,-7,-7,-7,-5,-7,-5,-8,0,-7,5,-5,9,-7,14,-9,17,-10,23,-11,25,-19,29,-22,28,-25,35,-30,35,-34,37,-35,36,-37,41,-41,42,-41,40,-45,40,-45,42,-48,41,-51,39,-48,43,-50,46,-51,46,-57,47,-62,45,-62,45,-62,47,-65,54,-66,47,-68,46,-72,45,-73,43,-73,42,0,0]",1
CSI_DATA,53503,1a:00:00:00:00:00,-30,11,1,0,1,1,1,0,0,0,1,-97,0,11,2,720520489,0,44,0,384,0,"[0,0,0,0,0,0,0,0,0,0,0,0,2,-14,2,-13,2,-13,2,-13,2,-13,2,-13,2,-12,2,-12,1,-11,1,-11,1,-11,0,-11,0,-10,-1,-10,-1,-10,-2,-10,-3,-10,-3,-9,-4,-10,-4,-10,-5,-10,-5,-10,-5,-10,-6,-11,-6,-11,-6,-11,0,0,-6,-12,-6,-12,-6,-12,-5,-11,-5,-11,-5,-11,-5,-11,-5,-10,-5,-10,-5,-10,-5,-10,-6,-10,-5,-10,-5,-11,-5,-11,-5,-11,-5,-11,-4,-11,-4,-11,-3,-11,-2,-11,-2,-11,-1,-11,0,-10,0,-10,1,-9,0,0,0,0,0,0,0,0,0,0,0,0,0,0,-70,32,-69,32,-63,30,-63,30,-64,35,-59,33,-62,35,-59,33,-57,32,-53,30,-52,32,-51,33,-51,34,-47,33,-45,28,-46,36,-41,36,-37,37,-34,35,-30,40,-28,39,-29,44,-24,46,-23,50,-24,52,-24,52,-24,54,-22,54,-27,56,-26,57,-29,58,-30,58,-27,58,-26,55,-31,52,-32,51,-31,51,-28,49,-26,48,-25,52,-21,52,-26,52,-28,52,-23,53,-28,52,-24,51,-30,50,-34,52,-34,47,-33,42,-38,44,-36,37,-37,37,-40,34,-39,27,-37,26,-39,22,0,0,0,0,0,0,0,0,0,0,0,0,0,0,0,0,0,0,0,0,0,0,11,-21,7,-21,9,-18,8,-19,9,-17,11,-18,11,-18,8,-17,10,-19,9,-18,9,-17,10,-22,11,-21,13,-19,15,-22,14,-20,17,-15,13,-16,11,-11,14,-13,13,-9,7,-9,5,-8,3,-7,-4,-4,-6,-7,-9,-8,-15,-7,-18,-11,-22,-14,-25,-16,-29,-18,-31,-21,-34,-25,-36,-28,-34,-32,-35,-37,-36,-41,-39,-42,-37,-47,-39,-48,-40,-46,-40,-51,-42,-51,-41,-51,-42,-54,-47,-55,-45,-59,-46,-59,-43,-65,-46,-64,-48,-67,-43,-67,-42,-71,-39,-74,-39,-75,-44,-75,0,0]",1
CSI_DATA,53504,1a:00:00:00:00:00,-30,11,1,0,1,1,1,0,0,0,1,-97,0,11,2,720540478,0,44,0,384,0,"[0,0,0,0,0,0,0,0,0,0,0,0,2,12,2,12,2,12,2,12,2,12,2,11,2,11,2,10,2,10,2,10,2,9,3,9,3,9,3,8,3,8,4,7,4,7,5,7,6,7,6,7,6,7,7,7,7,7,7,7,8,8,8,8,0,0,8,8,7,8,7,8,7,9,6,8,6,8,6,8,6,8,6,8,7,7,7,7,7,7,6,7,7,8,6,8,6,8,6,9,5,8,5,9,4,9,3,9,3,9,2,9,1,8,1,8,0,8,0,0,0,0,0,0,0,0,0,0,0,0,0,0,44,-66,46,-60,41,-63,43,-63,41,-59,38,-57,39,-57,39,-62,36,-57,35,-56,31,-56,32,-51,29,-52,26,-50,29,-47,22,-49,18,-49,18,-49,15,-51,8,-48,11,-49,7,-54,3,-55,0,-54,1,-56,0,-61,1,-62,-3,-59,1,-63,-2,-67,-1,-66,3,-71,3,-64,4,-67,9,-61,6,-62,7,-60,4,-55,7,-57,3,-57,3,-53,5,-58,3,-56,3,-61,4,-55,6,-57,7,-61,10,-59,16,-57,14,-56,18,-56,20,-51,21,-47,26,-46,28,-41,27,-36,29,-31,0,0,0,0,0,0,0,0,0,0,0,0,0,0,0,0,0,0,0,0,0,0,5,21,3,19,3,22,3,21,3,21,-2,22,1,19,1,20,1,22,3,26,3,22,-2,18,2,23,-2,22,-3,23,-3,24,-3,22,-4,19,-6,19,-6,14,-7,13,-1,10,0,9,2,6,5,7,5,1,11,-1,17,0,17,-2,24,-4,26,-4,33,1,38,0,40,6,46,8,47,10,50,13,51,15,53,17,57,18,56,20,57,23,58,23,58,26,61,24,63,25,63,23,65,28,70,30,70,34,69,36,72,34,71,41,72,39,73,44,71,45,66,45,0,0]",1
CSI_DATA,53505,1a:00:00:00:00:00,-30,11,1,0,1,1,1,0,0,0,1,-97,0,11,2,720550482,0,44,0,384,0,"[0,0,0,0,0,0,0,0,0,0,0,0,-13,5,-13,5,-12,5,-12,5,-12,5,-12,4,-11,4,-11,4,-11,4,-10,4,-10,5,-9,5,-9,5,-8,5,-8,5,-7,6,-7,6,-7,6,-6,7,-7,7,-7,8,-7,8,-7,9,-6,9,-7,10,-7,10,0,0,-8,10,-8,9,-8,9,-8,9,-8,8,-8,8,-8,8,-7,8,-7,8,-7,8,-7,8,-7,8,-7,9,-7,8,-8,8,-8,8,-8,8,-8,7,-9,6,-9,6,-10,5,-10,4,-10,4,-9,3,-9,2,-9,2,0,0,0,0,0,0,0,0,0,0,0,0,0,0,71,31,68,27,69,26,67,24,68,24,68,19,64,19,65,21,63,19,60,20,59,18,57,17,58,16,55,13,51,12,53,7,52,8,50,-1,52,0,49,0,52,-8,45,-9,49,-13,47,-13,52,-13,55,-18,56,-16,57,-17,60,-18,61,-21,64,-19,66,-17,64,-16,64,-15,62,-15,63,-13,56,-14,57,-11,58,-12,60,-12,57,-11,54,-16,56,-16,58,-15,57,-15,55,-16,57,-8,60,-8,56,-6,53,-2,56,2,54,4,52,7,52,10,45,11,48,13,40,21,0,0,0,0,0,0,0,0,0,0,0,0,0,0,0,0,0,0,0,0,0,0,-21,9,-24,9,-22,7,-21,8,-20,5,-18,6,-21,6,-22,3,-21,4,-20,6,-20,3,-21,5,-20,6,-23,4,-23,5,-22,3,-25,2,-20,3,-18,-1,-16,-2,-17,-1,-12,0,-11,0,-6,3,-5,5,0,7,1,10,5,15,6,18,8,21,6,27,6,33,5,35,5,42,2,44,-1,48,1,48,-1,55,-3,57,-6,60,-6,60,-9,61,-9,61,-7,60,-11,64,-10,63,-10,68,-12,70,-13,75,-17,76,-17,77,-17,79,-20,78,-19,78,-25,83,-28,81,-30,75,0,0]",1
CSI_DATA,53506,1a:00:00:00:00:00,-30,11,1,0,1,1,1,0,0,0,1,-97,0,11,2,720560495,0,44,0,384,0,"[0,0,0,0,0,0,0,0,0,0,0,0,-10,-10,-10,-10,-10,-10,-10,-10,-9,-9,-9,-9,-9,-9,-9,-9,-9,-8,-8,-8,-9,-8,-9,-7,-8,-6,-9,-6,-9,-5,-9,-4,-9,-4,-9,-4,-10,-3,-10,-3,-10,-3,-11,-3,-11,-3,-12,-2,-12,-2,-12,-2,0,0,-13,-3,-12,-3,-12,-3,-12,-3,-12,-3,-11,-4,-11,-3,-11,-3,-11,-3,-11,-3,-11,-2,-11,-3,-11,-3,-11,-3,-12,-3,-11,-3,-11,-4,-11,-4,-11,-5,-10,-5,-10,-6,-9,-6,-9,-7,-8,-7,-7,-7,-6,-7,0,0,0,0,0,0,0,0,0,0,0,0,0,0,6,75,2,72,8,73,7,69,7,68,7,66,7,69,8,69,9,67,6,63,10,61,8,62,11,57,11,56,13,54,18,50,17,50,22,48,19,46,24,44,25,44,29,42,35,42,32,43,30,41,38,43,37,43,42,44,42,46,45,45,41,47,41,54,40,50,42,50,39,50,38,51,35,49,32,47,33,48,34,45,37,48,42,43,38,45,37,45,34,46,36,48,33,48,31,49,27,51,26,49,20,51,17,52,14,54,10,54,8,51,4,46,2,43,0,0,0,0,0,0,0,0,0,0,0,0,0,0,0,0,0,0,0,0,0,0,-17,-13,-16,-14,-18,-15,-13,-19,-15,-16,-13,-14,-15,-14,-14,-13,-14,-17,-12,-18,-17,-18,-14,-17,-15,-19,-16,-19,-12,-18,-14,-20,-15,-17,-11,-21,-8,-20,-9,-17,-4,-14,-6,-10,-4,-4,-3,-5,-7,-2,-7,3,-11,6,-12,8,-16,13,-17,18,-23,18,-28,19,-32,23,-35,20,-36,22,-44,22,-47,24,-49,24,-51,20,-55,23,-56,20,-58,22,-59,21,-63,19,-61,18,-63,22,-68,19,-70,16,-76,17,-74,20,-77,21,-77,24,-81,15,-81,18,-86,20,-86,12,-83,8,0,0]",1
CSI_DATA,53507,1a:00:00:00:00:00,-30,11,1,0,1,1,1,0,0,0,1,-97,0,11,2,720580486,0,44,0,384,0,"[0,0,0,0,0,0,0,0,0,0,0,0,12,3,13,3,12,2,12,2,12,2,12,2,11,2,11,2,11,2,10,1,10,1,10,1,9,0,9,0,9,0,9,-2,9,-2,9,-3,9,-3,9,-4,9,-4,9,-4,10,-4,10,-5,11,-5,11,-5,0,0,11,-4,11,-4,11,-4,11,-4,11,-4,10,-3,10,-3,10,-4,10,-4,10,-4,10,-4,10,-4,10,-4,10,-4,10,-4,11,-3,10,-3,11,-3,10,-2,10,-1,10,0,10,0,9,1,9,1,8,2,8,2,0,0,0,0,0,0,0,0,0,0,0,0,0,0,-54,-60,-42,-60,-46,-62,-45,-55,-45,-56,-46,-53,-44,-49,-46,-55,-43,-48,-48,-54,-43,-46,-42,-45,-43,-43,-44,-39,-36,-40,-40,-35,-41,-32,-40,-28,-46,-27,-42,-25,-46,-23,-50,-17,-50,-15,-49,-15,-56,-18,-54,-16,-58,-17,-60,-14,-61,-19,-64,-20,-63,-20,-69,-23,-60,-19,-67,-19,-59,-23,-60,-25,-57,-21,-58,-19,-53,-20,-54,-19,-51,-17,-53,-15,-56,-19,-58,-19,-57,-21,-56,-20,-58,-25,-57,-27,-49,-27,-51,-23,-49,-30,-45,-28,-43,-35,-40,-37,-37,-40,-31,-37,-27,-37,0,0,0,0,0,0,0,0,0,0,0,0,0,0,0,0,0,0,0,0,0,0,25,1,21,3,21,7,20,7,21,4,19,7,18,3,19,5,21,5,20,5,20,3,24,5,17,7,21,10,20,7,20,10,22,9,16,14,15,7,14,6,8,7,6,5,7,1,8,2,7,-2,5,-5,8,-11,5,-15,3,-17,6,-26,8,-26,12,-32,16,-34,17,-40,23,-41,21,-43,24,-42,31,-43,35,-51,34,-49,36,-48,39,-47,43,-49,40,-50,40,-51,42,-55,44,-55,46,-56,49,-56,52,-51,55,-58,55,-60,65,-58,58,-54,65,-56,65,-54,64,-54,0,0]",1
CSI_DATA,53508,1a:00:00:00:00:00,-30,11,1,0,1,1,1,0,0,0,1,-97,0,11,2,720590491,0,44,0,384,0,"[0,0,0,0,0,0,0,0,0,0,0,0,0,13,0,13,0,12,0,12,0,12,0,12,0,11,0,11,0,11,0,10,1,10,1,10,1,9,2,9,2,8,3,8,4,8,4,8,5,8,5,8,5,8,6,8,6,8,6,9,7,9,7,9,0,0,7,10,6,10,6,10,6,10,6,10,5,9,5,9,5,9,5,8,5,8,6,8,6,9,6,9,6,9,5,9,5,9,5,10,4,10,4,10,3,10,2,10,1,10,1,10,0,9,-1,9,-1,8,0,0,0,0,0,0,0,0,0,0,0,0,0,0,48,-65,46,-59,46,-66,43,-61,39,-56,39,-61,35,-54,40,-60,34,-57,37,-60,30,-53,31,-52,28,-53,24,-51,25,-50,25,-48,20,-51,15,-50,13,-50,11,-47,6,-52,5,-48,1,-53,1,-52,-1,-55,-2,-61,-3,-56,-3,-62,-3,-64,-4,-65,0,-66,1,-71,3,-62,1,-65,4,-63,5,-64,7,-59,6,-58,5,-57,3,-58,6,-57,-1,-56,0,-60,0,-59,3,-65,0,-59,9,-61,6,-57,7,-60,14,-58,17,-56,18,-50,18,-50,25,-45,23,-43,22,-40,28,-36,0,0,0,0,0,0,0,0,0,0,0,0,0,0,0,0,0,0,0,0,0,0,3,23,4,23,0,21,0,23,-1,18,0,19,4,18,2,20,-2,19,1,20,-3,16,0,23,0,22,3,24,0,20,-1,22,-2,23,-7,19,-8,17,-3,13,-8,14,-6,11,-2,6,0,6,3,4,8,3,12,-1,18,1,18,-2,22,-1,29,-2,33,-1,40,4,37,6,42,6,45,12,47,11,50,13,54,16,56,18,59,23,53,22,60,24,60,24,60,22,60,30,62,26,66,31,68,31,67,32,68,36,72,35,75,42,65,38,73,42,72,49,67,42,0,0]",1
CSI_DATA,53509,1a:00:00:00:00:00,-30,11,1,0,1,1,1,0,0,0,1,-97,0,11,2,720610506,0,44,0,384,0,"[0,0,0,0,0,0,0,0,0,0,0,0,-9,-11,-8,-11,-8,-11,-8,-11,-8,-11,-8,-10,-7,-10,-7,-10,-7,-10,-7,-9,-8,-8,-8,-8,-8,-7,-8,-7,-8,-7,-8,-6,-8,-5,-9,-5,-9,-5,-9,-5,-10,-5,-10,-5,-11,-4,-11,-4,-12,-4,-12,-4,0,0,-12,-6,-12,-6,-12,-5,-11,-6,-11,-6,-11,-6,-10,-6,-10,-6,-10,-5,-10,-5,-11,-4,-11,-5,-11,-5,-11,-5,-11,-6,-10,-6,-10,-6,-10,-6,-9,-7,-9,-8,-8,-8,-7,-8,-7,-8,-6,-8,-5,-8,-5,-8,0,0,0,0,0,0,0,0,0,0,0,0,0,0,-9,75,-14,76,-7,74,-6,71,-4,67,-5,69,-5,66,-7,69,-6,66,-4,67,-3,60,-2,61,-1,58,4,59,-3,56,5,53,5,49,12,52,10,49,12,47,18,47,21,45,21,47,26,47,29,47,30,49,31,47,30,51,32,55,34,52,32,56,31,58,28,56,32,58,29,55,23,57,23,53,27,51,25,51,30,50,28,46,27,47,26,52,26,52,27,54,29,53,25,54,26,52,20,55,17,55,14,57,10,55,5,56,0,55,1,51,0,45,-6,45,0,0,0,0,0,0,0,0,0,0,0,0,0,0,0,0,0,0,0,0,0,0,-15,-17,-15,-18,-10,-18,-12,-20,-10,-16,-8,-15,-13,-16,-11,-15,-12,-20,-11,-18,-11,-19,-10,-21,-10,-24,-11,-19,-9,-24,-10,-23,-8,-22,-5,-20,-6,-21,-3,-16,-2,-10,-2,-10,-6,-6,-4,-3,-8,-4,-11,1,-10,6,-14,8,-15,10,-22,12,-26,12,-31,11,-35,14,-40,12,-43,14,-45,13,-50,14,-52,12,-56,9,-60,7,-59,9,-62,10,-65,5,-69,7,-65,6,-69,5,-73,6,-74,4,-79,2,-79,5,-82,0,-86,2,-84,-2,-81,-5,-88,-4,-85,-9,-85,-7,0,0]",1
CSI_DATA,53510,1a:00:00:00:00:00,-30,11,1,0,1,1,1,0,0,0,1,-97,0,11,2,720620491,0,44,0,384,0,"[0,0,0,0,0,0,0,0,0,0,0,0,7,-11,6,-11,6,-12,6,-11,6,-11,5,-11,5,-11,5,-10,5,-10,4,-10,4,-10,4,-10,3,-10,2,-9,2,-9,1,-10,1,-9,0,-10,-1,-10,-1,-10,-1,-10,-1,-11,-1,-11,-2,-11,-2,-12,-2,-12,0,0,-1,-12,-1,-13,-1,-12,-1,-12,-1,-12,-1,-12,-1,-11,-1,-11,-1,-11,-1,-11,-2,-11,-1,-11,-1,-11,-1,-11,-1,-12,-1,-11,0,-12,0,-11,1,-11,1,-11,2,-11,2,-10,3,-10,3,-9,4,-8,4,-7,0,0,0,0,0,0,0,0,0,0,0,0,0,0,-71,29,-69,26,-65,29,-65,29,-63,26,-60,31,-64,34,-61,33,-59,32,-58,31,-53,31,-53,27,-49,33,-52,29,-50,29,-45,33,-45,32,-34,35,-35,32,-32,39,-29,39,-33,42,-27,46,-28,49,-27,47,-25,48,-27,57,-26,58,-24,58,-27,62,-26,59,-30,55,-32,60,-30,56,-34,51,-33,53,-31,50,-30,49,-29,51,-28,48,-26,49,-27,53,-27,52,-25,56,-29,49,-29,54,-32,49,-33,53,-34,47,-37,44,-40,41,-41,42,-40,34,-41,32,-43,30,-41,26,-41,17,0,0,0,0,0,0,0,0,0,0,0,0,0,0,0,0,0,0,0,0,0,0,12,-18,12,-21,9,-21,10,-17,12,-20,12,-17,10,-17,13,-18,7,-17,11,-18,11,-17,13,-20,12,-19,11,-20,14,-18,16,-18,14,-16,14,-15,14,-13,15,-14,12,-10,9,-9,5,-10,3,-8,2,-9,-4,-9,-7,-8,-13,-10,-20,-11,-19,-14,-26,-15,-25,-20,-30,-23,-29,-25,-34,-33,-33,-34,-35,-36,-36,-45,-37,-43,-34,-44,-35,-48,-41,-50,-39,-53,-38,-53,-37,-57,-40,-53,-41,-53,-44,-64,-39,-61,-43,-63,-45,-71,-43,-67,-39,-70,-42,-74,-45,-78,-34,-73,-38,-75,0,0]",1
CSI_DATA,53511,1a:00:00:00:00:00,-30,11,1,0,1,1,1,0,0,0,1,-97,0,11,2,720630505,0,44,0,384,0,"[0,0,0,0,0,0,0,0,0,0,0,0,12,5,11,5,11,5,11,5,11,5,11,5,10,5,10,4,10,4,10,4,10,3,9,2,9,2,9,1,9,1,9,1,9,0,9,0,9,-1,9,-1,10,-1,10,-2,11,-2,11,-3,11,-3,11,-3,0,0,12,-2,12,-1,12,-1,12,-1,11,-1,11,0,11,0,10,-1,10,-1,10,-1,10,-2,11,-2,11,-1,11,-1,11,0,11,0,11,0,10,1,11,2,10,2,10,3,9,4,9,3,8,4,8,4,6,4,0,0,0,0,0,0,0,0,0,0,0,0,0,0,-19,-75,-20,-68,-23,-67,-22,-72,-21,-70,-25,-65,-26,-66,-22,-65,-26,-64,-23,-59,-20,-59,-20,-59,-21,-58,-23,-56,-19,-52,-25,-48,-24,-46,-27,-44,-27,-43,-30,-39,-35,-40,-33,-35,-39,-35,-40,-36,-41,-34,-47,-37,-51,-37,-51,-36,-50,-41,-54,-42,-55,-40,-51,-44,-46,-44,-48,-44,-46,-44,-44,-45,-41,-44,-42,-42,-44,-40,-42,-41,-40,-39,-41,-40,-43,-42,-45,-42,-41,-41,-45,-42,-40,-42,-40,-50,-36,-46,-31,-46,-34,-51,-28,-47,-24,-50,-19,-53,-14,-50,-12,-48,-10,-44,0,0,0,0,0,0,0,0,0,0,0,0,0,0,0,0,0,0,0,0,0,0,24,3,20,6,21,11,19,11,19,7,16,7,16,8,16,7,16,9,16,10,18,10,20,11,17,10,18,8,14,10,15,13,13,14,13,13,10,13,12,12,7,12,9,10,7,6,8,1,5,-2,9,-3,6,-10,9,-13,9,-16,12,-20,16,-23,18,-24,25,-29,30,-32,34,-33,34,-33,38,-31,43,-34,44,-33,49,-35,48,-33,55,-34,55,-36,54,-35,55,-37,58,-35,59,-36,63,-36,67,-39,68,-34,66,-35,74,-38,77,-37,73,-31,78,-35,74,-30,77,-26,0,0]",1
CSI_DATA,53512,1a:00:00:00:00:00,-30,11,1,0,1,1,1,0,0,0,1,-97,0,11,2,720650489,0,44,0,384,0,"[0,0,0,0,0,0,0,0,0,0,0,0,-13,3,-13,3,-13,4,-12,3,-12,4,-12,3,-12,3,-11,3,-11,3,-10,3,-10,3,-10,3,-9,4,-9,4,-8,4,-8,5,-7,5,-7,6,-7,6,-7,7,-7,7,-7,8,-7,8,-7,8,-8,9,-7,9,0,0,-8,9,-8,9,-8,9,-8,8,-8,8,-8,8,-8,7,-7,7,-7,8,-7,8,-7,8,-7,8,-8,8,-8,8,-8,8,-8,7,-8,7,-9,7,-9,6,-9,6,-9,5,-9,4,-10,4,-9,3,-9,2,-9,1,0,0,0,0,0,0,0,0,0,0,0,0,0,0,72,28,65,26,66,27,64,25,64,19,66,20,65,19,68,21,66,20,63,19,62,16,60,16,61,13,52,12,58,14,53,10,55,9,46,3,51,0,49,-6,49,-7,51,-10,48,-13,51,-16,50,-17,52,-18,59,-19,59,-20,62,-21,63,-22,62,-20,63,-15,63,-18,60,-18,61,-14,61,-11,57,-16,54,-15,60,-14,57,-19,55,-18,55,-14,55,-14,58,-15,57,-12,58,-14,57,-10,61,-9,58,-8,56,-5,59,1,52,4,53,5,52,10,48,11,42,14,40,19,0,0,0,0,0,0,0,0,0,0,0,0,0,0,0,0,0,0,0,0,0,0,-16,10,-19,11,-18,7,-21,5,-21,4,-18,7,-20,5,-20,6,-18,4,-16,6,-24,4,-22,3,-21,5,-24,4,-23,4,-21,3,-23,1,-22,0,-19,-2,-17,1,-17,-2,-13,-3,-9,1,-4,4,-6,7,-1,8,2,10,4,13,8,17,5,24,5,27,7,34,5,36,4,38,2,43,4,45,0,49,-4,52,-6,57,-5,57,-5,58,-7,64,-8,63,-12,62,-8,65,-6,70,-11,71,-12,71,-12,75,-17,76,-13,76,-17,80,-23,79,-20,75,-23,80,-28,81,-28,74,0,0]",1
CSI_DATA,53513,1a:00:00:00:00:00,-30,11,1,0,1,1,1,0,0,0,1,-97,0,11,2,720660492,0,44,0,384,0,"[0,0,0,0,0,0,0,0,0,0,0,0,-8,-12,-9,-11,-8,-11,-8,-11,-8,-11,-8,-11,-8,-10,-7,-10,-7,-10,-7,-9,-8,-9,-8,-8,-8,-7,-8,-7,-8,-6,-8,-6,-9,-5,-9,-5,-9,-5,-10,-4,-10,-5,-10,-4,-11,-4,-12,-4,-12,-4,-12,-4,0,0,-12,-5,-12,-5,-12,-5,-12,-5,-11,-5,-11,-6,-11,-5,-11,-5,-10,-5,-11,-4,-11,-4,-11,-4,-11,-4,-11,-5,-11,-5,-11,-5,-10,-6,-10,-6,-10,-7,-9,-7,-9,-8,-8,-8,-7,-8,-7,-8,-6,-8,-5,-8,0,0,0,0,0,0,0,0,0,0,0,0,0,0,-20,75,-20,70,-15,66,-11,66,-15,70,-11,64,-14,67,-9,66,-8,65,-8,63,-8,61,-8,57,-5,60,-3,55,-5,52,1,53,1,51,4,53,7,49,11,47,15,48,16,49,18,45,20,46,20,49,25,50,23,53,26,52,29,53,28,56,29,56,26,62,23,61,24,54,22,59,21,58,19,54,21,56,19,53,20,54,21,52,21,50,19,55,22,55,19,55,22,56,16,54,14,60,9,52,9,53,5,57,2,54,-2,53,-5,52,-6,47,-11,46,-12,44,0,0,0,0,0,0,0,0,0,0,0,0,0,0,0,0,0,0,0,0,0,0,-13,-23,-14,-19,-11,-20,-11,-22,-8,-19,-9,-17,-8,-16,-10,-18,-10,-18,-11,-20,-9,-21,-7,-20,-10,-21,-8,-24,-6,-23,-7,-19,-4,-22,-6,-21,-3,-20,-1,-18,-3,-14,-3,-13,-3,-9,-4,-7,-5,-3,-8,-1,-10,3,-14,5,-19,8,-23,8,-27,10,-29,8,-34,10,-37,8,-44,9,-46,9,-50,5,-53,6,-58,3,-59,3,-56,2,-61,3,-63,0,-68,-2,-63,0,-64,-4,-70,0,-71,-1,-71,-1,-74,-6,-81,-6,-82,-7,-78,-7,-81,-7,-82,-12,-80,-15,-81,-15,0,0]",1
CSI_DATA,53514,1a:00:00:00:00:00,-30,11,1,0,1,1,1,0,0,0,1,-97,0,11,2,720670485,0,44,0,384,0,"[0,0,0,0,0,0,0,0,0,0,0,0,6,-12,6,-11,6,-12,6,-11,6,-11,6,-11,6,-11,5,-10,5,-10,5,-10,4,-10,4,-10,3,-9,3,-9,2,-9,1,-10,1,-9,0,-10,0,-10,0,-10,0,-10,-1,-11,-1,-11,-1,-12,-1,-12,-1,-12,0,0,-1,-12,-1,-13,0,-12,0,-13,0,-12,0,-12,0,-11,0,-11,0,-11,0,-11,-1,-11,0,-11,0,-11,0,-11,0,-12,0,-11,1,-12,1,-11,2,-11,2,-11,3,-10,4,-10,4,-9,4,-8,5,-8,5,-7,0,0,0,0,0,0,0,0,0,0,0,0,0,0,-73,30,-76,27,-66,26,-67,28,-65,31,-65,28,-67,32,-60,33,-61,34,-59,30,-57,30,-57,27,-55,31,-49,29,-50,27,-44,31,-41,34,-36,33,-40,32,-32,37,-29,42,-30,43,-29,42,-30,47,-26,46,-27,52,-25,52,-26,55,-27,54,-29,60,-30,60,-33,60,-34,54,-30,57,-32,53,-32,52,-32,48,-33,52,-34,47,-28,49,-28,50,-26,52,-32,53,-27,56,-30,52,-30,53,-37,51,-35,53,-38,44,-36,42,-41,41,-43,37,-40,35,-45,27,-42,26,-41,22,-44,15,0,0,0,0,0,0,0,0,0,0,0,0,0,0,0,0,0,0,0,0,0,0,7,-24,9,-25,10,-20,10,-20,12,-23,11,-14,13,-19,12,-16,12,-18,12,-20,11,-16,13,-17,11,-20,15,-22,13,-17,13,-18,12,-18,16,-15,14,-14,13,-13,9,-9,8,-7,3,-10,4,-7,-2,-7,-6,-9,-7,-10,-10,-9,-19,-9,-23,-11,-23,-14,-29,-19,-28,-22,-31,-31,-33,-32,-35,-36,-32,-36,-37,-38,-39,-46,-37,-47,-36,-45,-37,-52,-34,-52,-39,-58,-35,-50,-39,-58,-41,-55,-42,-61,-42,-65,-38,-66,-42,-68,-46,-71,-41,-72,-39,-75,-40,-75,-34,-75,-37,-78,0,0]",1
CSI_DATA,53515,1a:00:00:00:00:00,-30,11,1,0,1,1,1,0,0,0,1,-97,0,11,2,720690491,0,44,0,384,0,"[0,0,0,0,0,0,0,0,0,0,0,0,-1,13,0,12,0,13,0,12,-1,12,0,11,0,11,0,11,0,11,0,10,0,10,1,9,1,9,1,9,2,8,3,8,3,8,3,8,4,8,4,8,5,8,5,8,5,9,6,9,6,9,6,9,0,0,6,10,6,10,5,10,5,10,5,9,5,9,4,9,5,9,5,9,5,9,5,9,5,9,5,9,5,9,4,10,4,9,4,10,3,9,3,10,2,10,1,10,1,10,0,10,-1,9,-1,9,-2,8,0,0,0,0,0,0,0,0,0,0,0,0,0,0,58,-50,62,-51,54,-49,51,-49,50,-51,52,-50,46,-46,49,-48,47,-51,43,-44,46,-45,44,-44,43,-47,36,-46,37,-44,29,-46,28,-48,25,-45,25,-45,20,-48,11,-46,14,-50,10,-53,11,-52,11,-55,8,-58,6,-60,7,-62,8,-67,7,-67,12,-67,11,-69,15,-62,16,-61,14,-64,16,-60,15,-56,17,-56,14,-58,16,-62,11,-55,13,-56,13,-57,13,-61,14,-59,16,-58,18,-60,18,-59,19,-51,21,-50,26,-50,30,-47,33,-49,35,-44,30,-38,32,-34,37,-32,0,0,0,0,0,0,0,0,0,0,0,0,0,0,0,0,0,0,0,0,0,0,1,23,0,21,-2,22,-5,21,-7,22,-5,19,-1,20,-5,19,-6,21,-3,21,-9,18,-4,20,-5,23,-6,26,-8,20,-8,23,-9,18,-10,21,-9,17,-11,16,-7,11,-6,12,-2,6,1,5,3,7,6,2,9,4,14,3,17,2,24,3,29,5,31,9,33,10,33,15,43,12,43,19,43,24,44,25,47,28,51,30,52,33,51,33,51,36,55,37,52,37,58,36,58,41,55,43,62,48,60,49,62,42,65,52,63,55,59,53,65,53,59,61,60,60,0,0]",1
CSI_DATA,53516,1a:00:00:00:00:00,-30,11,1,0,1,1,1,0,0,0,1,-97,0,11,2,720700485,0,44,0,384,0,"[0,0,0,0,0,0,0,0,0,0,0,0,-14,3,-13,3,-13,4,-13,3,-13,3,-12,3,-12,3,-12,3,-11,3,-11,3,-10,3,-10,4,-9,4,-9,4,-8,4,-8,5,-8,5,-8,6,-7,7,-7,7,-7,7,-7,8,-7,8,-7,9,-7,9,-7,9,0,0,-8,9,-9,9,-8,9,-9,9,-8,8,-8,8,-8,8,-8,8,-8,8,-7,8,-7,8,-7,8,-7,8,-8,8,-8,8,-8,8,-9,8,-9,7,-9,7,-9,6,-10,5,-10,4,-10,4,-9,3,-9,2,-9,2,0,0,0,0,0,0,0,0,0,0,0,0,0,0,69,28,68,29,68,23,68,24,62,21,63,23,63,15,64,20,63,21,59,17,60,14,57,16,56,13,54,7,53,10,52,6,55,8,49,2,50,4,49,-6,50,-8,45,-10,46,-11,50,-15,50,-17,50,-19,53,-18,58,-20,54,-24,60,-24,57,-18,59,-22,63,-18,61,-17,60,-17,58,-17,54,-13,53,-16,56,-17,55,-16,54,-15,53,-19,54,-18,57,-17,54,-18,57,-16,57,-14,58,-13,55,-6,54,-6,55,-4,54,1,51,2,49,11,47,9,45,12,40,14,0,0,0,0,0,0,0,0,0,0,0,0,0,0,0,0,0,0,0,0,0,0,-18,10,-19,7,-20,4,-22,4,-19,6,-19,4,-20,6,-19,3,-23,6,-23,3,-21,3,-23,4,-20,5,-23,3,-24,2,-22,1,-22,0,-20,-3,-16,0,-14,-4,-14,-2,-13,0,-9,0,-4,2,-6,2,0,7,-2,11,4,15,5,16,10,25,4,29,5,30,4,37,5,38,3,44,0,47,-4,51,-2,51,-4,56,-3,58,-6,59,-6,58,-11,64,-10,63,-9,62,-11,62,-14,66,-13,69,-16,72,-15,75,-15,78,-15,80,-20,78,-23,76,-25,79,-23,78,-25,77,0,0]",1
CSI_DATA,53517,1a:00:00:00:00:00,-30,11,1,0,1,1,1,0,0,0,1,-97,0,11,2,720710481,0,44,0,384,0,"[0,0,0,0,0,0,0,0,0,0,0,0,-9,-11,-9,-11,-9,-10,-9,-11,-9,-11,-8,-10,-8,-10,-8,-10,-8,-9,-8,-8,-8,-8,-8,-8,-8,-7,-8,-6,-8,-6,-9,-5,-9,-5,-9,-4,-9,-4,-10,-4,-10,-4,-11,-4,-11,-3,-12,-3,-12,-4,-12,-3,0,0,-12,-4,-12,-4,-12,-4,-12,-4,-11,-5,-11,-5,-11,-5,-11,-4,-11,-4,-11,-4,-11,-4,-11,-4,-11,-4,-11,-4,-11,-4,-11,-5,-11,-5,-11,-5,-10,-6,-10,-6,-9,-7,-9,-7,-8,-8,-7,-7,-6,-8,-5,-8,0,0,0,0,0,0,0,0,0,0,0,0,0,0,6,77,2,72,9,71,4,69,9,69,9,69,11,66,14,68,9,69,7,64,12,55,10,58,11,60,16,52,13,53,14,49,20,49,23,47,24,44,27,45,30,43,29,39,33,38,34,36,36,38,42,34,43,37,45,35,48,44,44,40,46,45,45,43,40,44,46,39,44,47,42,44,39,42,39,43,36,38,41,39,39,42,40,38,43,41,41,38,44,40,48,43,39,42,33,49,37,42,28,44,28,46,25,50,22,50,20,49,17,45,11,45,5,44,0,0,0,0,0,0,0,0,0,0,0,0,0,0,0,0,0,0,0,0,0,0,-19,-14,-16,-15,-13,-15,-13,-18,-9,-18,-12,-14,-12,-13,-9,-14,-9,-14,-10,-19,-15,-20,-13,-20,-12,-24,-17,-18,-11,-19,-11,-23,-12,-23,-8,-23,-6,-20,-10,-16,-6,-11,-4,-16,-7,-7,-7,-2,-8,4,-6,0,-10,7,-12,6,-13,10,-21,19,-20,15,-28,16,-30,18,-34,19,-41,14,-44,19,-49,15,-52,18,-51,18,-58,16,-55,18,-61,20,-60,18,-62,19,-64,19,-62,20,-64,21,-67,16,-74,20,-74,19,-77,16,-82,20,-81,12,-80,11,-82,13,-81,1,-77,11,0,0]",1
CSI_DATA,53518,1a:00:00:00:00:00,-30,11,1,0,1,1,1,0,0,0,1,-97,0,11,2,720730485,0,44,0,384,0,"[0,0,0,0,0,0,0,0,0,0,0,0,13,1,12,1,12,1,12,1,12,1,11,1,11,1,11,1,10,1,10,0,10,0,9,0,9,-1,9,-1,8,-1,9,-3,8,-3,8,-3,8,-4,8,-4,8,-4,9,-5,9,-5,9,-6,10,-6,10,-6,0,0,10,-5,11,-6,10,-5,11,-5,10,-5,10,-4,10,-5,9,-4,9,-5,9,-5,9,-5,9,-5,9,-5,9,-5,10,-5,10,-4,10,-4,10,-3,10,-3,10,-2,10,-1,10,-1,10,0,9,0,8,1,8,2,0,0,0,0,0,0,0,0,0,0,0,0,0,0,-57,-58,-52,-60,-53,-54,-52,-50,-50,-51,-54,-51,-52,-46,-53,-48,-51,-42,-50,-46,-46,-43,-49,-41,-46,-40,-47,-35,-45,-36,-45,-31,-48,-29,-44,-25,-46,-23,-46,-20,-48,-18,-50,-14,-51,-12,-56,-10,-52,-12,-56,-8,-63,-8,-64,-7,-62,-10,-67,-7,-65,-12,-64,-14,-62,-15,-65,-14,-61,-17,-59,-15,-60,-19,-60,-17,-58,-18,-57,-12,-56,-12,-55,-12,-60,-15,-61,-14,-60,-15,-59,-17,-59,-19,-57,-22,-55,-24,-54,-25,-50,-25,-45,-33,-43,-34,-43,-35,-37,-35,-35,-34,-29,-36,0,0,0,0,0,0,0,0,0,0,0,0,0,0,0,0,0,0,0,0,0,0,21,-7,23,-7,25,-2,22,2,21,-1,19,-1,18,-1,19,-1,22,-1,20,0,21,2,21,0,22,0,23,3,23,4,21,5,25,8,21,7,18,6,15,3,12,4,13,2,8,2,5,-1,6,-4,5,-7,3,-11,3,-18,0,-23,0,-25,1,-28,4,-32,7,-36,9,-38,14,-45,15,-48,17,-49,22,-52,22,-51,26,-53,27,-54,28,-55,32,-56,34,-56,31,-55,31,-59,32,-58,38,-65,42,-66,43,-62,44,-67,47,-68,51,-64,52,-67,52,-66,54,-67,54,-62,0,0]",1
CSI_DATA,53519,1a:00:00:00:00:00,-30,11,1,0,1,1,1,0,0,0,1,-97,0,11,2,720740498,0,44,0,384,0,"[0,0,0,0,0,0,0,0,0,0,0,0,0,13,0,13,0,13,0,13,0,12,1,12,0,12,0,11,0,11,1,10,1,10,2,10,2,9,2,9,3,9,3,8,4,8,4,7,5,7,6,8,6,8,6,8,7,8,7,8,7,8,8,8,0,0,7,9,7,9,7,9,7,9,7,9,7,9,6,8,6,8,6,8,6,8,7,8,7,8,7,8,7,8,7,8,6,9,6,9,6,9,5,9,4,9,4,10,3,10,2,9,2,9,1,9,0,8,0,0,0,0,0,0,0,0,0,0,0,0,0,0,52,-56,48,-53,47,-52,46,-55,44,-53,44,-51,39,-54,40,-53,41,-52,39,-51,38,-48,37,-45,34,-46,33,-50,28,-47,24,-45,24,-49,19,-46,17,-46,12,-49,11,-47,8,-48,4,-51,5,-53,3,-54,1,-55,5,-59,-1,-59,1,-61,-2,-63,2,-61,6,-66,5,-62,6,-63,8,-64,8,-60,9,-56,9,-58,9,-58,3,-57,6,-56,3,-58,2,-59,1,-58,3,-57,6,-58,6,-58,10,-60,13,-55,17,-54,18,-53,22,-52,22,-48,25,-46,24,-42,26,-36,28,-32,0,0,0,0,0,0,0,0,0,0,0,0,0,0,0,0,0,0,0,0,0,0,2,21,-3,21,-1,22,-1,22,-3,21,-4,19,-3,19,-3,19,-4,19,-5,18,-2,20,-1,18,-4,23,-5,24,-4,18,-5,20,-7,17,-8,19,-6,18,-9,14,-5,11,-8,12,-1,8,-1,7,5,4,7,3,8,0,13,3,18,-2,23,3,28,3,32,6,34,9,37,14,41,14,44,16,45,21,46,19,49,25,50,27,50,30,54,30,55,29,58,33,52,31,59,34,57,35,63,38,61,36,63,43,67,44,65,42,65,47,65,48,66,49,60,51,61,54,0,0]",1
CSI_DATA,53520,1a:00:00:00:00:00,-30,11,1,0,1,1,1,0,0,0,1,-97,0,11,2,720760496,0,44,0,384,0,"[0,0,0,0,0,0,0,0,0,0,0,0,-7,-13,-7,-12,-7,-12,-7,-12,-7,-12,-7,-11,-7,-11,-7,-10,-7,-10,-7,-9,-7,-9,-7,-8,-7,-8,-7,-7,-7,-7,-8,-6,-8,-6,-9,-6,-9,-5,-10,-5,-10,-5,-10,-5,-11,-5,-11,-5,-12,-5,-12,-5,0,0,-12,-6,-12,-6,-12,-6,-12,-6,-11,-6,-11,-6,-11,-6,-10,-5,-10,-5,-11,-5,-11,-5,-11,-5,-11,-5,-11,-5,-11,-6,-11,-6,-11,-6,-10,-6,-10,-7,-9,-7,-9,-8,-8,-8,-7,-8,-7,-8,-6,-8,-5,-8,0,0,0,0,0,0,0,0,0,0,0,0,0,0,-19,77,-22,77,-16,72,-15,68,-15,68,-13,70,-13,67,-11,69,-10,66,-8,67,-10,60,-10,60,-7,60,-2,60,-4,52,-1,56,2,55,7,50,4,48,11,50,12,50,18,46,19,49,21,47,21,49,28,49,23,54,27,54,28,55,32,57,27,59,27,63,26,62,25,58,22,58,23,58,20,60,20,54,22,55,19,52,22,51,26,52,21,52,25,55,23,56,27,55,20,60,19,56,14,56,9,55,8,57,4,57,1,52,-3,53,-7,50,-9,45,-10,41,0,0,0,0,0,0,0,0,0,0,0,0,0,0,0,0,0,0,0,0,0,0,-14,-17,-15,-20,-11,-23,-13,-22,-10,-20,-9,-18,-12,-16,-7,-18,-9,-20,-12,-22,-10,-18,-9,-19,-7,-22,-11,-23,-8,-24,-9,-22,-10,-21,-7,-20,-1,-23,-2,-20,-5,-15,-5,-12,-4,-9,-6,-3,-6,-2,-8,-1,-11,3,-14,9,-20,9,-24,11,-24,11,-34,13,-36,12,-40,8,-48,8,-47,8,-50,6,-51,8,-60,5,-57,3,-62,4,-64,4,-65,2,-67,1,-67,1,-73,0,-73,1,-74,0,-77,-5,-79,-3,-81,-3,-80,-4,-84,-10,-86,-10,-84,-8,-82,-12,-82,-18,0,0]",1
CSI_DATA,53521,1a:00:00:00:00:00,-30,11,1,0,1,1,1,0,0,0,1,-97,0,11,2,720770499,0,44,0,384,0,"[0,0,0,0,0,0,0,0,0,0,0,0,8,-10,8,-10,8,-10,8,-10,8,-10,7,-10,7,-9,7,-9,7,-9,6,-9,6,-9,5,-9,5,-9,4,-9,3,-9,3,-9,2,-9,2,-9,1,-10,1,-10,1,-10,1,-11,1,-11,0,-12,0,-12,0,-12,0,0,1,-13,1,-13,1,-12,1,-12,1,-12,1,-12,1,-11,1,-11,1,-11,1,-11,1,-11,1,-11,1,-11,1,-11,1,-11,2,-11,2,-11,2,-11,3,-11,3,-10,4,-10,4,-10,5,-9,5,-8,5,-7,5,-7,0,0,0,0,0,0,0,0,0,0,0,0,0,0,-75,-1,-76,-3,-75,1,-70,-1,-73,2,-68,1,-66,3,-69,4,-65,7,-64,4,-62,2,-58,4,-59,4,-51,8,-52,10,-53,13,-51,13,-44,17,-47,16,-45,21,-46,25,-43,26,-44,28,-42,31,-43,33,-48,36,-44,36,-42,38,-46,41,-48,40,-48,39,-54,45,-51,34,-51,39,-52,36,-53,33,-51,32,-50,30,-47,32,-45,36,-45,33,-46,34,-43,36,-47,36,-46,36,-46,33,-48,28,-52,31,-49,27,-51,22,-53,22,-52,17,-51,17,-50,7,-47,12,-45,5,-46,1,0,0,0,0,0,0,0,0,0,0,0,0,0,0,0,0,0,0,0,0,0,0,14,-16,15,-16,15,-16,17,-13,18,-12,16,-11,16,-9,15,-11,18,-11,16,-12,18,-14,20,-11,19,-15,19,-14,21,-12,20,-8,19,-12,18,-11,18,-7,16,-4,12,-4,10,-6,5,-4,6,-5,3,-7,-4,-11,-6,-11,-9,-15,-10,-16,-14,-23,-15,-27,-14,-30,-18,-34,-20,-38,-16,-45,-17,-48,-17,-47,-16,-50,-17,-57,-19,-60,-17,-60,-12,-55,-10,-63,-12,-63,-16,-62,-13,-61,-13,-68,-11,-71,-11,-78,-13,-73,-10,-74,-15,-80,-10,-84,-7,-80,-9,-80,-3,-85,0,-83,0,0]",1
CSI_DATA,53522,1a:00:00:00:00:00,-30,11,1,0,1,1,1,0,0,0,1,-97,0,11,2,720780477,0,44,0,384,0,"[0,0,0,0,0,0,0,0,0,0,0,0,12,3,12,3,12,3,12,3,11,3,11,3,11,3,11,2,10,2,10,2,10,1,9,1,9,1,9,0,9,0,9,-1,9,-2,9,-2,9,-3,9,-3,9,-3,9,-4,10,-4,10,-5,10,-5,11,-5,0,0,11,-4,11,-4,11,-4,11,-4,11,-4,10,-3,10,-3,10,-3,10,-4,10,-4,9,-4,10,-4,10,-4,10,-4,10,-3,10,-3,10,-3,10,-2,10,-2,10,-1,10,0,10,0,9,1,8,1,8,2,7,2,0,0,0,0,0,0,0,0,0,0,0,0,0,0,-33,-71,-28,-67,-35,-67,-31,-66,-32,-58,-36,-62,-32,-59,-33,-62,-34,-57,-32,-56,-30,-54,-34,-54,-33,-54,-31,-46,-31,-46,-34,-42,-36,-38,-39,-36,-39,-38,-36,-30,-42,-29,-42,-25,-47,-26,-48,-24,-45,-23,-53,-25,-50,-23,-57,-24,-56,-27,-61,-27,-62,-26,-63,-32,-57,-31,-60,-29,-58,-30,-56,-36,-52,-32,-51,-34,-51,-33,-51,-30,-50,-27,-56,-22,-52,-27,-55,-27,-55,-30,-52,-26,-54,-32,-50,-34,-49,-33,-42,-34,-44,-43,-39,-38,-37,-43,-29,-40,-30,-45,-27,-40,-25,-42,0,0,0,0,0,0,0,0,0,0,0,0,0,0,0,0,0,0,0,0,0,0,22,6,21,11,18,9,19,9,15,9,17,8,20,10,16,8,17,6,15,12,18,8,19,10,18,10,20,9,19,13,15,13,17,15,17,15,11,16,9,11,8,11,8,9,7,2,3,3,4,-4,8,-3,7,-12,10,-12,8,-17,10,-23,14,-25,16,-27,20,-32,27,-32,28,-37,33,-35,33,-36,40,-39,42,-42,43,-43,51,-40,46,-41,51,-39,52,-37,51,-40,54,-40,56,-45,60,-42,63,-43,62,-42,65,-48,68,-51,76,-46,66,-40,71,-46,78,-41,74,-41,0,0]",1
CSI_DATA,53523,1a:00:00:00:00:00,-30,11,1,0,1,1,1,0,0,0,1,-97,0,11,2,720800491,0,44,0,384,0,"[0,0,0,0,0,0,0,0,0,0,0,0,-14,2,-13,3,-13,3,-13,3,-13,3,-13,3,-12,3,-12,3,-11,2,-11,3,-11,3,-10,3,-10,3,-9,4,-9,4,-8,5,-8,5,-8,6,-8,6,-8,7,-8,7,-8,8,-8,8,-8,8,-8,8,-8,9,0,0,-9,9,-9,8,-9,8,-9,8,-9,8,-9,8,-9,7,-8,7,-8,7,-8,7,-8,8,-8,7,-8,7,-8,7,-9,7,-9,7,-9,7,-10,6,-10,6,-10,5,-10,5,-10,4,-10,3,-10,2,-10,1,-9,1,0,0,0,0,0,0,0,0,0,0,0,0,0,0,69,37,58,36,66,34,65,30,61,27,60,30,60,26,64,27,57,24,56,24,55,22,65,20,57,23,52,16,48,12,51,14,51,8,46,5,50,8,45,0,50,1,48,-6,51,-9,50,-10,50,-8,55,-13,53,-15,56,-17,60,-16,62,-17,60,-15,66,-15,59,-13,62,-11,61,-9,60,-6,58,-11,57,-8,58,-11,56,-12,53,-10,55,-10,55,-11,57,-10,58,-9,55,-9,57,-8,58,-8,58,-3,57,-3,58,0,53,9,52,7,53,12,45,16,45,15,39,20,0,0,0,0,0,0,0,0,0,0,0,0,0,0,0,0,0,0,0,0,0,0,-23,7,-24,6,-23,1,-21,3,-22,2,-20,4,-23,1,-21,-1,-20,2,-19,2,-20,2,-23,2,-24,0,-23,0,-22,-1,-20,-4,-20,-4,-21,-5,-17,-5,-18,-1,-12,-3,-12,-2,-9,1,-7,-1,-6,2,-1,6,-2,9,-2,16,4,18,3,22,2,26,5,34,-1,36,-1,41,-5,44,-6,46,-7,47,-12,52,-16,55,-12,57,-13,59,-15,56,-18,61,-18,58,-19,60,-16,66,-17,69,-21,68,-19,71,-23,68,-30,74,-26,77,-32,75,-29,77,-34,76,-31,73,-34,75,0,0]",1
CSI_DATA,53524,1a:00:00:00:00:00,-30,11,1,0,1,1,1,0,0,0,1,-97,0,11,2,720810486,0,44,0,384,0,"[0,0,0,0,0,0,0,0,0,0,0,0,-8,-11,-8,-11,-8,-11,-8,-11,-8,-10,-8,-10,-8,-10,-7,-10,-7,-9,-7,-9,-7,-9,-7,-8,-7,-7,-7,-7,-8,-6,-8,-6,-8,-5,-9,-5,-9,-4,-9,-4,-10,-4,-10,-4,-11,-4,-11,-4,-11,-4,-12,-4,0,0,-12,-5,-12,-5,-11,-5,-11,-5,-11,-5,-11,-5,-10,-5,-10,-5,-10,-5,-10,-5,-11,-4,-10,-5,-11,-5,-11,-5,-11,-5,-10,-5,-10,-6,-10,-6,-9,-6,-9,-7,-8,-8,-8,-8,-7,-8,-6,-8,-5,-8,-5,-8,0,0,0,0,0,0,0,0,0,0,0,0,0,0,-11,72,-7,73,-6,73,-3,69,-5,68,-1,68,-1,68,-7,68,-2,62,-4,64,-1,64,-3,61,0,58,3,56,3,54,9,51,9,53,9,49,13,50,16,44,19,45,18,44,23,45,24,45,28,45,31,48,30,51,34,48,34,54,37,49,32,52,34,58,29,54,32,58,28,53,31,57,26,52,26,53,26,49,25,48,26,48,26,47,27,50,28,50,27,54,28,49,25,55,21,55,18,56,16,55,14,55,10,54,11,53,5,51,-3,51,-2,45,-6,45,0,0,0,0,0,0,0,0,0,0,0,0,0,0,0,0,0,0,0,0,0,0,-17,-17,-15,-17,-13,-20,-12,-19,-11,-19,-11,-15,-11,-15,-11,-19,-10,-18,-13,-16,-15,-16,-9,-18,-11,-21,-13,-22,-10,-21,-10,-20,-9,-23,-6,-19,-5,-19,-7,-16,-2,-16,-6,-11,-4,-6,-4,-3,-5,-2,-6,1,-10,6,-13,9,-16,8,-20,13,-23,15,-29,15,-34,17,-42,16,-41,15,-45,12,-46,13,-53,14,-60,15,-58,15,-60,14,-58,10,-63,12,-66,9,-67,9,-67,8,-68,7,-69,8,-75,4,-74,6,-76,7,-80,4,-86,3,-79,0,-86,0,-87,-4,-80,-6,0,0]",1
CSI_DATA,53525,1a:00:00:00:00:00,-30,11,1,0,1,1,1,0,0,0,1,-97,0,11,2,720820509,0,44,0,384,0,"[0,0,0,0,0,0,0,0,0,0,0,0,8,-11,8,-11,7,-11,8,-10,7,-10,7,-10,7,-10,6,-9,6,-9,6,-9,5,-9,5,-9,5,-9,4,-9,3,-9,3,-9,2,-9,2,-9,1,-10,1,-10,1,-10,1,-11,1,-11,0,-12,0,-12,0,-12,0,0,1,-12,1,-12,1,-12,2,-12,2,-12,2,-11,2,-11,1,-11,1,-11,1,-11,1,-11,1,-11,1,-11,1,-11,2,-11,2,-11,3,-11,3,-11,3,-11,4,-10,5,-10,5,-9,5,-9,5,-8,6,-7,6,-6,0,0,0,0,0,0,0,0,0,0,0,0,0,0,-75,11,-73,9,-74,12,-68,13,-67,16,-68,14,-67,14,-66,16,-62,13,-63,14,-62,14,-58,12,-57,18,-54,15,-55,18,-51,21,-49,23,-43,22,-44,24,-40,29,-40,30,-39,31,-38,34,-38,36,-38,37,-38,39,-40,41,-41,46,-41,47,-40,47,-42,47,-48,44,-48,44,-48,44,-48,41,-49,41,-48,37,-47,37,-44,38,-41,38,-39,36,-44,40,-42,43,-39,41,-41,35,-44,38,-47,36,-46,33,-48,33,-49,30,-52,27,-50,21,-48,21,-49,13,-49,16,-45,9,-45,5,0,0,0,0,0,0,0,0,0,0,0,0,0,0,0,0,0,0,0,0,0,0,9,-22,11,-18,10,-18,13,-18,10,-18,13,-17,8,-18,12,-15,9,-14,13,-17,13,-17,14,-17,15,-19,13,-20,13,-16,15,-16,16,-14,17,-14,15,-11,11,-10,10,-8,9,-6,6,-4,4,-6,0,-9,-5,-9,-10,-11,-11,-12,-14,-15,-22,-17,-22,-19,-23,-27,-26,-28,-27,-32,-28,-38,-25,-38,-26,-43,-30,-47,-34,-49,-27,-51,-29,-55,-29,-55,-27,-58,-27,-58,-29,-64,-29,-60,-27,-65,-29,-68,-28,-70,-27,-72,-27,-72,-30,-73,-25,-82,-24,-81,-25,-84,-21,-82,-14,-78,0,0]",1
CSI_DATA,53526,1a:00:00:00:00:00,-30,11,1,0,1,1,1,0,0,0,1,-97,0,11,2,720840489,0,44,0,384,0,"[0,0,0,0,0,0,0,0,0,0,0,0,-1,13,-1,12,-1,13,-1,13,-1,13,-1,12,-1,12,-1,11,-1,11,-1,11,0,10,0,10,1,10,1,9,1,9,3,9,3,8,3,8,4,8,4,8,5,8,5,9,6,9,6,9,6,9,6,9,0,0,6,10,6,10,6,10,6,10,5,10,5,10,5,10,5,9,5,9,5,9,6,9,5,9,5,9,5,9,5,10,5,9,5,10,4,10,3,10,3,10,2,10,1,10,1,10,0,9,-1,9,-1,8,0,0,0,0,0,0,0,0,0,0,0,0,0,0,40,-66,35,-62,36,-66,30,-72,29,-60,31,-69,26,-60,32,-64,25,-61,26,-61,17,-60,25,-59,19,-53,15,-51,17,-53,16,-50,12,-54,5,-52,3,-50,4,-49,-3,-51,-8,-48,-10,-47,-12,-52,-13,-55,-16,-52,-14,-54,-19,-59,-19,-63,-14,-63,-12,-61,-14,-67,-12,-62,-19,-65,-13,-63,-11,-64,-13,-54,-13,-53,-12,-59,-17,-59,-13,-53,-16,-52,-17,-53,-13,-57,-16,-60,-17,-55,-8,-58,-12,-59,-8,-57,-8,-59,-3,-54,1,-60,2,-53,6,-52,11,-52,11,-44,19,-42,0,0,0,0,0,0,0,0,0,0,0,0,0,0,0,0,0,0,0,0,0,0,5,25,1,19,0,21,0,24,3,20,-2,18,4,18,-4,21,-2,22,0,18,-4,24,-2,20,1,22,-4,21,-1,22,-4,19,-3,19,-4,23,-9,20,-5,20,-5,12,-2,11,3,9,-1,7,0,2,5,3,13,1,15,-1,21,-5,23,1,26,2,35,-3,35,6,39,0,43,7,44,10,47,8,54,14,50,12,57,13,60,16,60,16,58,16,57,16,64,14,65,16,68,19,70,21,70,26,73,22,76,25,73,28,80,31,68,34,76,36,75,40,70,36,0,0]",1
CSI_DATA,53527,1a:00:00:00:00:00,-30,11,1,0,1,1,1,0,0,0,1,-97,0,11,2,720850497,0,44,0,384,0,"[0,0,0,0,0,0,0,0,0,0,0,0,-14,1,-13,1,-13,1,-13,1,-13,1,-13,1,-12,0,-12,1,-11,1,-11,1,-11,1,-10,2,-10,2,-9,2,-9,3,-9,3,-8,4,-8,4,-8,5,-8,5,-8,6,-8,6,-9,6,-9,7,-9,7,-9,8,0,0,-10,7,-10,7,-10,7,-10,7,-10,6,-10,6,-9,6,-9,6,-9,6,-9,6,-9,6,-9,6,-9,6,-9,6,-10,6,-10,6,-10,6,-10,5,-10,4,-10,4,-10,3,-10,2,-10,2,-10,1,-10,0,-9,0,0,0,0,0,0,0,0,0,0,0,0,0,0,0,58,48,59,45,58,39,62,38,60,38,56,37,61,34,54,34,54,33,55,33,54,30,54,31,51,30,50,23,47,23,50,20,50,17,50,12,48,11,50,7,53,4,48,2,50,-3,50,-4,52,-3,52,-8,59,-8,60,-10,65,-8,63,-12,63,-7,67,-7,64,-2,61,-3,61,-4,57,-2,59,1,56,2,57,1,55,-1,59,-5,56,-6,55,-1,59,-3,56,-5,62,-3,55,1,59,1,57,7,54,6,55,10,51,14,51,15,50,18,45,22,39,18,37,24,0,0,0,0,0,0,0,0,0,0,0,0,0,0,0,0,0,0,0,0,0,0,-23,6,-25,2,-23,2,-20,0,-22,0,-18,-1,-21,-1,-21,-1,-21,-2,-20,1,-22,0,-24,-2,-24,-3,-21,0,-23,-2,-25,-4,-24,-5,-23,-7,-17,-3,-18,-6,-13,-6,-14,-5,-10,-2,-5,3,-5,3,-7,6,-3,9,-2,16,0,22,0,23,2,30,-4,32,-5,37,-7,40,-6,42,-12,45,-11,50,-13,50,-18,50,-18,56,-18,54,-21,59,-24,57,-24,59,-24,60,-27,60,-26,63,-28,68,-31,66,-31,71,-34,67,-33,73,-37,73,-43,73,-41,74,-46,71,-46,70,0,0]",1
CSI_DATA,53528,1a:00:00:00:00:00,-30,11,1,0,1,1,1,0,0,0,1,-97,0,11,2,720860483,0,44,0,384,0,"[0,0,0,0,0,0,0,0,0,0,0,0,-8,-12,-8,-12,-8,-11,-8,-11,-8,-11,-8,-11,-7,-11,-7,-10,-7,-10,-7,-9,-7,-9,-8,-8,-7,-8,-7,-7,-8,-7,-8,-6,-8,-5,-9,-5,-9,-5,-10,-5,-10,-5,-10,-4,-11,-4,-12,-4,-12,-4,-12,-4,0,0,-12,-5,-12,-5,-12,-5,-12,-6,-11,-6,-11,-6,-11,-6,-11,-5,-10,-5,-11,-5,-11,-4,-11,-5,-11,-5,-11,-5,-11,-5,-11,-6,-10,-6,-10,-6,-10,-7,-9,-7,-9,-8,-8,-8,-7,-8,-7,-8,-6,-8,-5,-8,0,0,0,0,0,0,0,0,0,0,0,0,0,0,-16,77,-17,74,-10,70,-10,70,-10,71,-10,67,-6,67,-11,68,-3,67,-7,63,-9,59,-7,61,-6,62,-4,57,-5,55,-2,51,3,52,8,48,9,46,9,46,15,46,15,48,22,46,22,45,21,46,27,48,29,50,29,48,31,51,31,55,31,55,26,60,28,60,30,56,29,56,23,56,23,52,25,51,22,51,25,51,20,49,25,50,22,52,22,51,25,53,24,50,22,55,21,56,16,54,13,51,10,58,6,50,5,54,-2,53,-2,53,-6,45,-11,44,0,0,0,0,0,0,0,0,0,0,0,0,0,0,0,0,0,0,0,0,0,0,-18,-16,-15,-20,-10,-20,-9,-20,-13,-22,-10,-21,-9,-16,-5,-16,-11,-19,-7,-22,-9,-21,-11,-21,-11,-22,-9,-23,-8,-22,-4,-22,-7,-20,-5,-20,-6,-17,-1,-14,-2,-15,-2,-10,-6,-8,-8,-6,-5,-5,-8,4,-12,3,-15,5,-17,8,-23,9,-27,11,-35,11,-35,13,-43,10,-42,10,-47,11,-49,6,-53,6,-58,6,-58,5,-60,4,-61,2,-62,7,-66,1,-64,6,-66,6,-72,2,-72,-2,-76,4,-79,-3,-78,0,-81,-3,-84,-8,-83,-11,-85,-9,-82,-12,-83,-12,0,0]",1
CSI_DATA,53529,1a:00:00:00:00:00,-30,11,1,0,1,1,1,0,0,0,1,-97,0,11,2,720880489,0,44,0,384,0,"[0,0,0,0,0,0,0,0,0,0,0,0,10,8,10,8,10,7,10,8,10,7,10,7,9,7,9,7,9,6,8,6,9,5,8,5,8,4,8,4,8,3,9,2,9,2,9,2,9,1,10,1,10,1,10,0,11,0,11,0,12,0,12,0,0,0,12,1,12,1,12,1,12,1,11,1,11,1,11,1,10,1,10,1,10,1,11,1,11,1,11,1,11,1,11,1,11,2,11,2,11,2,10,3,10,4,9,4,9,5,8,5,7,5,7,6,6,6,0,0,0,0,0,0,0,0,0,0,0,0,0,0,-9,-83,-5,-75,-9,-73,-10,-73,-13,-72,-12,-69,-18,-69,-11,-71,-11,-68,-15,-66,-12,-62,-12,-61,-17,-61,-15,-55,-16,-56,-14,-55,-18,-52,-23,-46,-23,-47,-25,-42,-33,-43,-33,-43,-36,-40,-37,-39,-39,-38,-40,-42,-42,-42,-47,-43,-45,-48,-48,-45,-47,-46,-48,-50,-45,-50,-46,-50,-44,-48,-38,-45,-41,-47,-38,-47,-40,-45,-43,-40,-38,-42,-40,-43,-41,-45,-43,-46,-42,-47,-39,-44,-39,-48,-40,-46,-36,-47,-32,-51,-31,-50,-26,-51,-22,-51,-15,-52,-12,-48,-8,-46,-4,-46,0,0,0,0,0,0,0,0,0,0,0,0,0,0,0,0,0,0,0,0,0,0,17,13,13,16,16,15,15,17,13,16,13,11,14,18,13,17,12,15,13,17,13,16,14,16,14,17,14,19,16,19,13,19,12,19,10,19,7,20,5,14,7,13,5,12,3,8,7,2,6,1,9,-3,12,-6,11,-9,16,-10,19,-17,25,-21,29,-21,30,-23,34,-22,40,-23,45,-26,45,-21,51,-25,51,-21,55,-23,56,-25,58,-24,59,-22,61,-24,62,-21,63,-20,67,-23,68,-24,73,-24,72,-20,76,-21,81,-24,83,-21,81,-18,85,-17,83,-11,79,-14,0,0]",1
CSI_DATA,53530,1a:00:00:00:00:00,-30,11,1,0,1,1,1,0,0,0,1,-97,0,11,2,720890506,0,44,0,384,0,"[0,0,0,0,0,0,0,0,0,0,0,0,-7,11,-7,11,-7,11,-7,11,-7,11,-7,11,-6,10,-6,10,-6,9,-5,9,-5,9,-4,9,-4,9,-3,9,-3,9,-2,9,-2,9,-1,9,0,9,0,10,0,10,0,10,0,10,1,11,1,11,1,12,0,0,0,12,0,12,0,12,0,12,-1,11,-1,11,-1,11,-1,10,-1,11,0,10,0,10,0,11,0,11,0,11,-1,11,-1,11,-1,11,-2,11,-3,11,-3,10,-4,10,-5,9,-5,9,-5,8,-6,7,-6,7,0,0,0,0,0,0,0,0,0,0,0,0,0,0,69,-33,62,-28,61,-39,66,-27,63,-32,59,-34,61,-28,65,-32,58,-31,54,-34,58,-30,53,-26,52,-31,45,-27,49,-31,40,-35,41,-34,41,-36,33,-36,28,-36,26,-43,30,-40,30,-46,24,-45,23,-44,22,-52,24,-49,20,-56,24,-54,22,-63,26,-62,26,-62,34,-53,32,-63,29,-55,34,-53,31,-50,32,-49,32,-50,36,-51,25,-47,26,-55,23,-56,26,-53,26,-53,25,-52,32,-51,35,-52,34,-47,34,-46,38,-43,41,-39,43,-39,42,-32,41,-29,42,-25,44,-19,0,0,0,0,0,0,0,0,0,0,0,0,0,0,0,0,0,0,0,0,0,0,-5,17,-9,18,-14,19,-13,19,-11,16,-12,16,-10,17,-10,19,-11,14,-10,17,-14,19,-11,20,-9,18,-14,19,-15,19,-16,17,-15,13,-18,14,-14,8,-13,9,-10,11,-7,2,-8,8,-2,8,1,4,4,6,11,9,14,8,17,4,21,11,25,10,27,15,28,23,34,27,29,25,38,31,35,36,38,39,36,42,38,47,37,50,35,47,33,52,37,50,41,53,44,55,42,57,40,60,40,65,41,63,38,62,47,73,37,73,36,69,40,74,42,77,32,75,0,0]",1
CSI_DATA,53531,1a:00:00:00:00:00,-30,11,1,0,1,1,1,0,0,0,1,-97,0,11,2,720900512,0,44,0,384,0,"[0,0,0,0,0,0,0,0,0,0,0,0,-14,-4,-14,-4,-13,-3,-13,-4,-13,-3,-13,-3,-12,-3,-12,-3,-12,-3,-11,-2,-11,-2,-11,-2,-10,-1,-10,-1,-10,0,-10,1,-10,1,-10,2,-10,2,-10,3,-10,3,-10,3,-11,4,-11,4,-11,4,-12,5,0,0,-12,4,-12,4,-12,4,-12,4,-12,3,-12,3,-11,3,-11,3,-11,3,-11,3,-11,4,-11,4,-11,3,-11,4,-11,3,-11,3,-11,3,-12,2,-12,2,-11,1,-11,0,-11,-1,-11,-1,-10,-1,-10,-2,-9,-3,0,0,0,0,0,0,0,0,0,0,0,0,0,0,33,71,31,65,33,62,35,62,31,57,32,62,33,57,34,60,30,58,35,56,33,51,36,48,35,51,33,47,32,45,33,41,33,40,32,33,37,34,40,31,42,27,40,25,44,24,48,22,48,21,54,19,54,19,54,22,56,24,60,27,58,24,62,29,57,27,59,27,53,27,55,28,53,28,50,25,52,24,52,21,49,23,49,23,51,24,51,25,57,24,52,22,51,31,50,30,49,32,46,29,47,33,39,37,37,38,35,38,31,36,24,37,24,41,0,0,0,0,0,0,0,0,0,0,0,0,0,0,0,0,0,0,0,0,0,0,-21,-8,-22,-9,-18,-8,-19,-10,-17,-11,-15,-11,-15,-10,-18,-9,-18,-12,-20,-12,-16,-14,-18,-13,-19,-14,-20,-13,-19,-12,-18,-13,-17,-17,-15,-15,-13,-17,-10,-12,-11,-10,-9,-9,-7,-6,-7,0,-6,1,-8,3,-5,7,-10,16,-11,17,-13,21,-15,21,-19,28,-23,31,-25,32,-30,35,-33,33,-36,37,-39,36,-43,34,-47,36,-49,36,-49,35,-52,39,-50,40,-52,42,-54,41,-57,42,-60,44,-62,45,-62,44,-66,42,-68,47,-72,45,-69,40,-77,42,-78,37,-74,41,0,0]",1
CSI_DATA,53532,1a:00:00:00:00:00,-30,11,1,0,1,1,1,0,0,0,1,-97,0,11,2,720920485,0,44,0,384,0,"[0,0,0,0,0,0,0,0,0,0,0,0,12,-6,11,-6,11,-6,11,-6,11,-6,10,-6,10,-6,10,-5,9,-5,9,-6,9,-6,8,-6,8,-6,7,-6,7,-6,6,-7,5,-7,5,-8,5,-8,5,-9,5,-9,5,-9,5,-10,5,-11,5,-11,5,-11,0,0,6,-11,6,-11,6,-10,6,-11,6,-10,6,-10,6,-10,5,-9,5,-9,5,-10,5,-10,5,-10,5,-10,5,-10,6,-10,6,-9,6,-9,6,-9,7,-9,7,-8,8,-7,8,-7,8,-6,8,-5,8,-4,7,-4,0,0,0,0,0,0,0,0,0,0,0,0,0,0,-72,-24,-67,-28,-68,-25,-68,-23,-69,-22,-65,-22,-66,-20,-66,-19,-66,-17,-61,-19,-61,-15,-60,-16,-56,-13,-59,-13,-54,-11,-54,-7,-53,-3,-53,1,-51,2,-49,2,-49,6,-50,10,-49,14,-48,17,-50,15,-55,18,-58,21,-54,22,-58,19,-60,23,-60,22,-62,20,-60,16,-61,17,-62,18,-58,16,-57,13,-58,16,-56,11,-57,18,-53,14,-54,19,-56,18,-56,19,-55,17,-58,16,-59,12,-58,9,-52,8,-53,6,-59,4,-55,-2,-53,-4,-52,-7,-47,-9,-44,-14,-44,-15,0,0,0,0,0,0,0,0,0,0,0,0,0,0,0,0,0,0,0,0,0,0,21,-11,19,-12,21,-8,20,-3,18,-5,18,-6,19,-6,17,-7,20,-5,22,-6,22,-7,22,-5,20,-6,21,-6,20,-2,22,-4,19,-2,20,-1,18,2,14,-1,12,-1,9,-2,7,1,2,-7,4,-6,-2,-9,-2,-11,-3,-15,-9,-20,-6,-24,-9,-27,-4,-35,-7,-38,-6,-41,-4,-44,1,-48,-1,-52,0,-55,4,-58,4,-57,2,-58,6,-63,7,-65,7,-67,7,-64,10,-66,10,-69,11,-74,11,-73,14,-77,11,-74,15,-81,21,-80,22,-79,26,-84,22,-80,26,-80,0,0]",1
CSI_DATA,53533,1a:00:00:00:00:00,-30,11,1,0,1,1,1,0,0,0,1,-97,0,11,2,720930500,0,44,0,384,0,"[0,0,0,0,0,0,0,0,0,0,0,0,6,11,6,11,6,11,6,11,5,10,6,10,5,10,5,9,5,9,5,8,5,8,6,8,5,7,6,7,6,6,6,5,7,5,7,5,7,4,8,4,8,4,9,4,9,4,10,4,10,4,10,4,0,0,10,5,10,5,10,5,10,5,9,5,9,5,9,5,8,5,9,5,9,5,9,4,9,4,9,5,9,5,9,5,9,5,9,6,8,6,8,6,7,7,7,7,6,7,6,8,5,7,4,8,3,7,0,0,0,0,0,0,0,0,0,0,0,0,0,0,23,-78,19,-77,18,-70,17,-68,14,-71,13,-69,14,-69,11,-68,12,-72,10,-66,6,-62,11,-61,4,-59,6,-57,2,-55,3,-54,-1,-53,-4,-52,-9,-51,-11,-48,-18,-48,-20,-49,-20,-46,-22,-49,-22,-51,-28,-52,-28,-54,-29,-57,-28,-59,-32,-59,-30,-59,-32,-63,-29,-61,-32,-59,-25,-62,-28,-62,-24,-57,-21,-59,-25,-54,-26,-54,-24,-55,-23,-54,-26,-54,-26,-55,-24,-53,-30,-55,-21,-56,-23,-60,-17,-54,-14,-54,-12,-58,-12,-54,-7,-56,-1,-55,0,-54,4,-50,9,-45,0,0,0,0,0,0,0,0,0,0,0,0,0,0,0,0,0,0,0,0,0,0,9,20,8,19,7,20,9,22,7,20,7,17,7,21,4,19,8,20,5,22,5,20,7,21,6,23,8,20,8,24,4,23,1,20,2,22,1,19,1,17,0,13,1,10,3,8,1,8,6,0,8,1,7,-1,16,-6,18,-7,22,-10,27,-10,33,-11,36,-8,37,-6,45,-9,46,-11,54,-5,53,-4,56,-1,60,0,62,-1,60,1,63,2,66,1,67,2,66,-2,72,-1,74,2,74,5,79,6,78,9,82,6,82,14,81,15,84,16,82,17,84,14,0,0]",1
CSI_DATA,53534,1a:00:00:00:00:00,-30,11,1,0,1,1,1,0,0,0,1,-97,0,11,2,720940499,0,44,0,384,0,"[0,0,0,0,0,0,0,0,0,0,0,0,-10,9,-10,9,-9,9,-10,9,-9,9,-9,8,-9,8,-9,7,-8,7,-7,8,-7,8,-7,8,-6,7,-5,8,-5,7,-4,8,-4,8,-4,8,-3,8,-3,9,-3,9,-3,10,-2,10,-2,11,-2,11,-2,11,0,0,-3,11,-3,11,-3,11,-3,11,-3,10,-4,10,-4,10,-3,10,-3,10,-3,10,-3,10,-3,10,-3,10,-3,10,-4,10,-4,10,-4,10,-4,10,-5,9,-5,9,-6,8,-7,8,-7,7,-7,7,-7,6,-7,5,0,0,0,0,0,0,0,0,0,0,0,0,0,0,77,-1,77,-3,71,-6,69,-5,72,-8,70,-7,69,-10,70,-9,67,-14,66,-9,62,-10,61,-9,59,-10,56,-11,53,-10,49,-15,48,-15,43,-19,47,-17,46,-22,38,-27,42,-29,38,-29,41,-32,41,-37,41,-33,41,-41,45,-42,43,-41,47,-48,46,-45,50,-45,50,-41,51,-41,52,-40,51,-37,46,-35,44,-32,46,-35,47,-35,44,-38,43,-37,45,-38,48,-35,45,-34,44,-34,50,-32,46,-35,49,-28,50,-26,51,-23,51,-18,50,-17,52,-11,49,-9,46,-6,44,-3,0,0,0,0,0,0,0,0,0,0,0,0,0,0,0,0,0,0,0,0,0,0,-14,20,-16,17,-17,15,-14,11,-15,14,-14,13,-17,14,-17,15,-18,14,-16,14,-15,10,-18,13,-18,17,-18,17,-18,15,-19,10,-17,12,-19,9,-16,4,-13,3,-11,4,-12,4,-6,4,-3,6,-2,7,2,8,4,7,9,9,13,14,17,18,16,23,18,27,20,30,20,36,24,39,20,43,18,46,22,50,19,52,22,54,21,57,20,61,16,58,17,63,22,58,17,64,19,66,19,71,17,73,20,75,14,77,16,78,14,84,13,79,15,78,8,80,10,81,0,0]",1
CSI_DATA,53535,1a:00:00:00:00:00,-30,11,1,0,1,1,1,0,0,0,1,-97,0,11,2,720960499,0,44,0,384,0,"[0,0,0,0,0,0,0,0,0,0,0,0,6,-12,5,-12,5,-12,5,-12,5,-12,5,-11,5,-11,5,-11,4,-11,4,-10,4,-10,3,-10,3,-10,2,-9,1,-9,1,-10,0,-9,0,-10,-1,-10,-1,-10,-1,-10,-2,-11,-2,-11,-2,-12,-2,-12,-2,-12,0,0,-2,-13,-1,-13,-1,-12,-1,-13,-1,-12,-1,-12,-1,-12,-1,-11,-1,-11,-1,-11,-1,-11,-1,-11,-1,-11,-1,-11,-1,-12,0,-11,0,-12,0,-11,1,-11,2,-11,2,-11,3,-10,3,-10,4,-9,4,-8,4,-7,0,0,0,0,0,0,0,0,0,0,0,0,0,0,-74,26,-68,31,-66,30,-64,26,-63,32,-61,28,-61,34,-63,34,-60,31,-56,32,-55,26,-54,27,-50,30,-51,29,-45,29,-44,31,-40,32,-39,34,-37,34,-30,38,-29,40,-29,40,-24,45,-26,44,-29,47,-27,51,-28,54,-23,54,-28,55,-24,59,-30,57,-31,60,-29,55,-30,57,-33,53,-35,51,-32,48,-32,45,-31,45,-28,50,-29,52,-28,50,-26,48,-26,53,-29,53,-28,49,-34,51,-35,48,-37,46,-35,40,-38,40,-42,36,-43,36,-44,34,-42,27,-43,24,-40,16,0,0,0,0,0,0,0,0,0,0,0,0,0,0,0,0,0,0,0,0,0,0,4,-23,11,-20,9,-20,9,-22,6,-18,10,-22,9,-17,8,-17,9,-17,10,-18,12,-19,8,-20,11,-18,10,-22,9,-17,12,-20,13,-19,13,-16,13,-12,10,-13,8,-8,6,-8,4,-6,-1,-8,0,-8,-7,-6,-7,-7,-14,-9,-14,-9,-22,-13,-23,-17,-26,-22,-31,-22,-28,-24,-33,-33,-35,-35,-36,-34,-40,-40,-40,-43,-38,-44,-39,-46,-39,-50,-41,-53,-40,-50,-40,-51,-39,-54,-45,-56,-40,-60,-43,-60,-44,-65,-43,-65,-48,-67,-43,-72,-39,-67,-44,-69,-41,-75,-37,-74,0,0]",1
CSI_DATA,53536,1a:00:00:00:00:00,-30,11,1,0,1,1,1,0,0,0,1,-97,0,11,2,720970504,0,44,0,384,0,"[0,0,0,0,0,0,0,0,0,0,0,0,12,5,12,5,11,4,11,4,11,4,11,4,10,4,10,4,10,4,10,3,10,3,9,2,9,2,9,1,9,1,9,0,9,-1,9,-1,9,-2,9,-2,9,-2,10,-3,10,-3,10,-3,11,-4,11,-4,0,0,12,-3,11,-3,11,-3,11,-3,11,-2,11,-2,10,-2,10,-2,10,-2,10,-2,10,-3,10,-3,10,-3,10,-3,10,-2,10,-2,10,-2,10,-2,10,-1,10,0,10,1,10,1,9,2,9,2,8,3,7,3,0,0,0,0,0,0,0,0,0,0,0,0,0,0,-25,-81,-19,-73,-22,-67,-30,-70,-27,-69,-26,-64,-29,-65,-30,-65,-31,-61,-30,-58,-28,-60,-28,-53,-28,-52,-27,-49,-27,-51,-30,-50,-28,-45,-30,-42,-35,-40,-36,-34,-38,-33,-41,-31,-43,-28,-46,-28,-47,-30,-51,-28,-54,-31,-53,-32,-56,-33,-59,-29,-55,-36,-60,-37,-56,-37,-57,-36,-56,-38,-49,-38,-49,-34,-49,-37,-54,-34,-51,-30,-50,-32,-50,-33,-51,-35,-51,-33,-52,-33,-50,-33,-47,-34,-52,-37,-45,-39,-42,-36,-40,-40,-41,-45,-36,-44,-28,-49,-26,-49,-24,-44,-15,-45,0,0,0,0,0,0,0,0,0,0,0,0,0,0,0,0,0,0,0,0,0,0,20,9,17,10,17,10,17,12,17,12,15,11,18,13,18,12,19,11,16,13,13,11,15,13,14,15,16,15,14,15,15,13,12,16,13,18,10,13,8,12,8,11,7,9,8,5,5,1,2,3,6,-6,7,-10,12,-13,15,-19,16,-20,16,-22,23,-27,23,-26,28,-25,32,-32,36,-32,40,-31,43,-29,51,-31,50,-35,50,-33,52,-35,55,-34,55,-35,56,-34,58,-32,63,-38,65,-37,66,-40,70,-38,70,-36,75,-37,75,-36,76,-32,79,-34,78,-31,73,-33,0,0]",1
CSI_DATA,53537,1a:00:00:00:00:00,-30,11,1,0,1,1,1,0,0,0,1,-97,0,11,2,720980509,0,44,0,384,0,"[0,0,0,0,0,0,0,0,0,0,0,0,-5,12,-5,12,-5,12,-5,12,-5,12,-4,12,-4,11,-4,11,-4,10,-4,10,-3,10,-3,10,-2,9,-2,9,-1,9,0,9,0,9,0,9,1,9,1,10,2,10,2,10,2,10,3,11,3,11,3,11,0,0,2,12,2,12,2,12,1,12,1,12,1,11,1,11,1,11,1,10,1,10,2,11,2,10,1,11,1,11,1,11,0,11,0,11,0,11,-1,11,-2,10,-3,10,-3,10,-4,9,-4,9,-5,8,-5,7,0,0,0,0,0,0,0,0,0,0,0,0,0,0,60,-51,53,-46,54,-49,51,-49,45,-44,48,-46,48,-45,50,-48,45,-48,47,-47,44,-43,43,-43,41,-43,38,-40,37,-45,35,-45,32,-42,27,-44,25,-42,20,-40,17,-50,18,-45,13,-53,12,-50,14,-48,11,-55,11,-58,11,-63,10,-61,11,-62,12,-61,16,-68,17,-61,15,-64,18,-58,23,-58,17,-62,18,-57,18,-60,14,-53,15,-51,14,-56,15,-58,14,-58,16,-55,15,-56,20,-55,20,-54,25,-55,25,-49,27,-49,30,-45,28,-44,33,-42,31,-37,36,-32,38,-27,0,0,0,0,0,0,0,0,0,0,0,0,0,0,0,0,0,0,0,0,0,0,-2,23,-2,22,-5,21,-4,22,-2,19,-4,22,-6,18,-4,21,-5,19,-3,22,-5,21,-3,21,-4,21,-4,21,-7,22,-8,20,-7,20,-9,18,-9,15,-9,12,-9,11,-3,9,-5,9,0,5,3,6,4,6,10,3,15,3,20,4,22,5,26,7,32,8,33,12,36,15,40,17,40,22,42,22,49,28,46,28,48,31,52,32,50,33,51,39,52,36,52,37,55,36,56,40,57,44,57,45,60,47,59,53,61,52,57,55,59,57,62,60,58,58,52,62,0,0]",1
CSI_DATA,53538,1a:00:00:00:00:00,-30,11,1,0,1,1,1,0,0,0,1,-97,0,11,2,721000492,0,44,0,384,0,"[0,0,0,0,0,0,0,0,0,0,0,0,-2,-14,-2,-13,-2,-14,-2,-13,-2,-13,-2,-13,-2,-12,-2,-12,-2,-12,-2,-11,-2,-11,-3,-10,-3,-10,-3,-9,-4,-9,-4,-9,-5,-8,-5,-8,-6,-8,-6,-8,-6,-8,-7,-9,-7,-9,-8,-9,-8,-9,-8,-9,0,0,-8,-10,-8,-10,-8,-10,-7,-10,-7,-10,-7,-10,-7,-10,-7,-9,-7,-9,-7,-9,-7,-9,-7,-9,-7,-9,-7,-9,-7,-10,-6,-10,-6,-10,-6,-10,-5,-10,-5,-10,-4,-10,-3,-10,-3,-10,-2,-10,-1,-10,-1,-9,0,0,0,0,0,0,0,0,0,0,0,0,0,0,-51,57,-53,56,-46,59,-44,54,-42,55,-44,51,-40,56,-42,53,-40,57,-40,53,-37,51,-33,52,-30,50,-29,48,-27,48,-28,47,-22,46,-20,46,-18,50,-16,47,-9,49,-5,48,-3,52,-5,48,-3,54,-1,56,0,57,0,56,2,62,2,62,-2,63,-3,69,-6,64,-4,63,-5,63,-5,61,-6,56,-10,60,-7,60,-3,55,-5,54,-6,58,-3,60,-3,57,-6,58,-3,59,-8,58,-8,60,-14,56,-14,52,-21,56,-20,53,-26,46,-29,50,-28,45,-27,35,-27,31,0,0,0,0,0,0,0,0,0,0,0,0,0,0,0,0,0,0,0,0,0,0,-5,-24,-2,-21,-3,-23,1,-18,-1,-20,0,-19,-2,-21,1,-19,2,-20,2,-21,0,-20,1,-21,3,-22,3,-22,2,-23,4,-22,5,-23,3,-19,5,-18,6,-17,5,-14,0,-12,1,-8,-4,-7,-3,-7,-8,-4,-5,-3,-15,1,-20,-4,-24,-2,-30,-4,-32,-5,-37,-8,-43,-11,-42,-10,-46,-15,-46,-16,-49,-16,-49,-24,-56,-25,-56,-27,-53,-23,-58,-29,-59,-28,-59,-29,-61,-26,-65,-32,-63,-32,-67,-36,-67,-38,-69,-43,-70,-40,-73,-44,-67,-49,-70,-49,-68,-53,-64,-48,0,0]",1
CSI_DATA,53539,1a:00:00:00:00:00,-30,11,1,0,1,1,1,0,0,0,1,-97,0,11,2,721010502,0,44,0,384,0,"[0,0,0,0,0,0,0,0,0,0,0,0,12,-3,12,-4,12,-4,12,-3,12,-3,11,-3,11,-3,11,-3,11,-3,10,-4,9,-4,9,-4,9,-4,8,-5,8,-5,7,-6,7,-6,7,-6,6,-7,6,-7,6,-8,7,-8,7,-9,7,-9,7,-9,7,-10,0,0,8,-9,8,-9,8,-9,8,-9,8,-8,8,-8,8,-8,7,-8,7,-8,7,-8,7,-8,7,-8,7,-8,7,-8,8,-8,8,-7,8,-8,8,-7,9,-7,9,-6,9,-5,9,-4,9,-4,8,-3,9,-2,8,-2,0,0,0,0,0,0,0,0,0,0,0,0,0,0,-66,-40,-64,-41,-63,-34,-66,-35,-60,-35,-62,-31,-65,-31,-61,-35,-59,-30,-58,-30,-59,-27,-56,-25,-57,-23,-53,-25,-51,-20,-52,-19,-53,-12,-49,-10,-48,-11,-48,-5,-54,-1,-50,2,-52,3,-55,8,-52,6,-54,10,-58,8,-63,12,-60,14,-63,9,-64,12,-65,8,-65,6,-63,8,-64,4,-63,2,-62,4,-61,5,-58,4,-57,3,-59,8,-55,8,-59,7,-58,8,-58,2,-60,5,-59,5,-57,2,-59,-1,-55,-6,-57,-8,-53,-8,-53,-14,-52,-15,-49,-19,-45,-20,-38,-22,0,0,0,0,0,0,0,0,0,0,0,0,0,0,0,0,0,0,0,0,0,0,22,-7,21,-6,21,-4,21,-2,21,0,19,-1,23,-1,18,-3,22,0,20,-1,20,1,21,-2,21,0,21,1,22,-1,23,3,18,5,21,7,18,5,15,3,11,-2,8,2,9,-1,3,-3,5,-8,0,-8,0,-15,1,-16,-2,-18,-1,-24,-3,-28,2,-32,3,-36,4,-45,5,-47,11,-46,8,-49,12,-55,15,-55,13,-57,19,-58,17,-61,20,-59,20,-63,19,-62,23,-67,22,-67,24,-66,25,-70,25,-72,28,-72,28,-77,34,-74,36,-76,36,-76,38,-75,38,-74,0,0]",1
CSI_DATA,53540,1a:00:00:00:00:00,-30,11,1,0,1,1,1,0,0,0,1,-97,0,11,2,721020482,0,44,0,384,0,"[0,0,0,0,0,0,0,0,0,0,0,0,5,12,5,12,6,12,5,12,5,12,5,11,5,11,5,11,5,10,5,9,5,9,5,9,5,8,6,8,6,7,6,6,7,6,7,6,8,5,8,5,8,5,9,5,9,5,10,5,10,6,10,6,0,0,10,6,10,6,10,7,10,7,9,7,9,7,9,7,9,6,9,6,9,6,9,6,9,6,9,6,9,6,9,7,9,7,8,7,8,7,7,8,7,8,6,8,6,9,5,9,4,8,3,8,2,8,0,0,0,0,0,0,0,0,0,0,0,0,0,0,27,-76,21,-71,24,-70,18,-68,18,-65,17,-66,18,-66,18,-68,18,-64,16,-62,17,-61,15,-62,12,-61,11,-57,9,-52,7,-52,5,-53,-1,-52,-1,-52,-6,-51,-10,-48,-9,-49,-14,-49,-19,-49,-17,-52,-21,-56,-22,-59,-22,-55,-20,-59,-22,-61,-21,-63,-20,-64,-17,-62,-19,-64,-17,-63,-12,-60,-13,-60,-13,-56,-14,-58,-15,-53,-14,-56,-15,-55,-16,-58,-16,-61,-15,-62,-13,-58,-10,-61,-9,-60,-8,-55,-6,-53,-3,-54,4,-55,4,-55,6,-52,10,-47,14,-46,17,-44,0,0,0,0,0,0,0,0,0,0,0,0,0,0,0,0,0,0,0,0,0,0,11,20,11,19,9,20,7,18,7,19,4,18,5,16,7,18,8,17,9,18,5,18,5,18,8,22,3,19,4,22,5,22,2,21,5,18,-1,17,-2,17,2,16,-1,10,-1,8,3,4,4,6,8,0,10,-5,13,-4,18,-6,26,-11,26,-8,31,-11,34,-9,39,-7,43,-6,46,-6,47,-4,54,-4,55,1,58,0,60,1,59,1,61,5,64,6,62,2,63,0,69,0,73,3,75,8,75,9,75,15,78,12,80,16,81,17,79,20,81,21,80,18,0,0]",1
CSI_DATA,53541,1a:00:00:00:00:00,-30,11,1,0,1,1,1,0,0,0,1,-97,0,11,2,721040492,0,44,0,384,0,"[0,0,0,0,0,0,0,0,0,0,0,0,-10,-11,-10,-10,-10,-10,-9,-10,-9,-10,-9,-10,-9,-10,-9,-9,-8,-9,-8,-8,-8,-8,-8,-7,-8,-7,-8,-6,-8,-6,-9,-5,-9,-5,-9,-4,-10,-4,-10,-4,-10,-4,-11,-3,-11,-3,-12,-3,-12,-3,-12,-3,0,0,-13,-4,-12,-4,-12,-5,-12,-5,-12,-5,-11,-5,-11,-5,-11,-4,-11,-4,-11,-4,-11,-4,-11,-4,-11,-4,-11,-4,-11,-5,-11,-5,-11,-6,-11,-5,-10,-6,-10,-7,-9,-7,-8,-7,-8,-8,-7,-8,-6,-8,-5,-8,0,0,0,0,0,0,0,0,0,0,0,0,0,0,-3,78,5,76,4,74,5,72,5,68,6,70,8,67,8,68,6,65,7,65,8,60,8,60,5,57,8,56,10,52,12,53,14,53,17,47,16,47,22,39,27,44,27,40,30,40,31,40,32,43,37,40,38,44,38,46,42,47,41,46,41,47,41,52,37,50,40,51,36,47,37,53,36,48,33,48,32,49,34,45,31,42,35,45,34,49,35,44,34,48,34,47,30,49,31,49,28,49,27,49,23,53,21,51,17,49,13,51,7,49,4,45,1,47,0,0,0,0,0,0,0,0,0,0,0,0,0,0,0,0,0,0,0,0,0,0,-17,-12,-17,-16,-14,-16,-14,-15,-14,-16,-16,-14,-14,-15,-11,-17,-14,-15,-14,-16,-14,-16,-14,-16,-12,-19,-14,-19,-13,-20,-12,-20,-14,-20,-8,-18,-6,-21,-7,-16,-4,-15,-3,-12,-5,-10,-4,-5,-6,-3,-8,0,-11,6,-12,10,-18,12,-18,14,-24,18,-29,18,-31,17,-34,19,-40,17,-42,19,-47,17,-50,18,-50,17,-52,18,-59,18,-58,15,-62,19,-62,18,-62,16,-63,18,-68,14,-72,18,-71,17,-71,16,-77,14,-77,16,-79,12,-81,13,-83,10,-88,9,-82,7,0,0]",1
CSI_DATA,53542,1a:00:00:00:00:00,-30,11,1,0,1,1,1,0,0,0,1,-97,0,11,2,721051410,0,44,0,384,0,"[0,0,0,0,0,0,0,0,0,0,0,0,-11,-8,-11,-8,-11,-8,-11,-8,-11,-8,-11,-7,-10,-7,-10,-7,-10,-7,-9,-6,-10,-6,-9,-5,-9,-5,-9,-4,-9,-4,-9,-3,-9,-2,-10,-2,-10,-1,-10,-1,-10,-1,-11,-1,-11,0,-12,0,-12,0,-12,0,0,0,-13,-1,-13,-1,-13,-1,-12,-1,-12,-1,-12,-2,-12,-2,-11,-1,-11,-1,-11,-1,-11,-1,-11,-1,-11,-1,-11,-1,-11,-1,-12,-2,-11,-2,-11,-2,-11,-3,-11,-4,-11,-4,-10,-5,-9,-5,-9,-5,-8,-6,-7,-6,0,0,0,0,0,0,0,0,0,0,0,0,0,0,0,77,2,72,9,69,8,71,6,67,8,66,9,64,9,72,9,65,10,66,10,60,12,61,11,59,14,53,10,53,15,52,18,50,21,45,21,46,22,41,27,42,30,39,32,43,34,39,35,40,40,41,38,40,43,43,42,44,45,44,44,44,45,51,42,50,43,50,41,47,36,52,36,47,36,48,36,44,34,46,33,41,37,45,37,46,37,45,36,47,35,43,37,47,32,47,28,47,28,49,26,51,22,49,18,51,13,49,10,47,7,46,3,43,0,0,0,0,0,0,0,0,0,0,0,0,0,0,0,0,0,0,0,0,0,0,-18,-17,-19,-15,-16,-14,-16,-18,-16,-16,-10,-15,-12,-16,-10,-13,-16,-17,-15,-18,-15,-16,-13,-17,-14,-20,-13,-18,-14,-17,-12,-17,-12,-18,-11,-19,-7,-17,-7,-13,-6,-12,-6,-11,-4,-9,-4,-4,-6,-4,-7,0,-10,6,-13,12,-13,11,-18,11,-23,18,-28,19,-30,22,-36,21,-37,21,-44,20,-47,20,-48,22,-53,21,-55,18,-57,21,-58,23,-60,20,-62,19,-64,18,-65,23,-69,20,-68,20,-73,20,-75,21,-76,18,-81,17,-84,12,-76,13,-84,13,-83,11,-87,12,0,0]",1
CSI_DATA,53543,1a:00:00:00:00:00,-30,11,1,0,1,1,1,0,0,0,1,-97,0,11,2,721060497,0,44,0,384,0,"[0,0,0,0,0,0,0,0,0,0,0,0,12,6,12,5,12,5,11,5,11,5,11,5,10,5,10,5,10,5,10,4,10,3,9,3,9,2,9,2,9,1,9,1,9,0,9,-1,9,-1,9,-1,10,-1,10,-2,11,-2,11,-3,11,-3,12,-3,0,0,12,-2,12,-2,12,-2,12,-2,11,-1,11,-1,11,-1,11,-1,11,-1,10,-2,10,-2,11,-2,11,-2,11,-1,11,-1,11,-1,11,-1,11,0,11,1,10,1,10,2,10,2,9,3,8,3,8,4,7,4,0,0,0,0,0,0,0,0,0,0,0,0,0,0,-31,-71,-31,-68,-29,-67,-35,-65,-35,-64,-33,-60,-30,-63,-31,-62,-32,-59,-33,-58,-32,-51,-34,-53,-30,-55,-33,-47,-29,-46,-31,-43,-32,-43,-35,-37,-38,-38,-38,-32,-40,-29,-42,-28,-46,-26,-46,-26,-51,-27,-51,-25,-54,-27,-55,-25,-56,-25,-59,-27,-59,-29,-59,-37,-59,-34,-58,-32,-55,-32,-53,-35,-50,-32,-53,-34,-49,-30,-48,-31,-49,-29,-50,-28,-50,-31,-54,-28,-51,-33,-54,-31,-46,-31,-49,-35,-45,-34,-44,-36,-42,-39,-38,-38,-37,-42,-27,-46,-28,-41,-22,-38,-19,-42,0,0,0,0,0,0,0,0,0,0,0,0,0,0,0,0,0,0,0,0,0,0,18,7,20,9,21,11,19,10,17,11,17,9,16,9,17,9,17,9,16,8,18,10,18,11,20,12,20,12,15,14,16,12,14,11,12,14,13,15,10,11,9,10,9,8,9,4,4,2,7,1,7,-8,7,-9,7,-13,8,-18,12,-20,12,-25,20,-27,21,-33,28,-31,30,-32,32,-36,36,-35,40,-36,40,-38,45,-39,46,-38,45,-37,50,-37,52,-40,49,-37,55,-39,58,-44,56,-40,62,-40,62,-44,67,-43,64,-42,71,-45,67,-43,74,-42,71,-41,73,-39,0,0]",1
CSI_DATA,53544,1a:00:00:00:00:00,-30,11,1,0,1,1,1,0,0,0,1,-97,0,11,2,721080490,0,44,0,384,0,"[0,0,0,0,0,0,0,0,0,0,0,0,-13,-5,-13,-4,-12,-4,-12,-4,-12,-4,-12,-4,-11,-4,-11,-4,-11,-4,-10,-3,-11,-3,-10,-3,-10,-2,-9,-2,-10,-1,-9,0,-9,0,-9,1,-10,1,-10,1,-10,2,-10,2,-11,2,-11,3,-11,3,-11,3,0,0,-12,2,-12,2,-12,2,-12,2,-11,2,-11,1,-11,1,-11,1,-11,1,-10,2,-11,2,-11,2,-11,2,-11,2,-11,1,-11,1,-11,1,-11,0,-11,0,-11,-1,-11,-2,-10,-2,-10,-2,-9,-3,-9,-4,-8,-4,0,0,0,0,0,0,0,0,0,0,0,0,0,0,36,71,29,66,31,67,31,61,31,61,33,61,32,57,31,58,33,56,32,55,29,51,34,52,32,48,33,48,30,46,34,44,35,37,34,35,36,34,38,31,39,28,41,25,44,25,44,24,48,24,50,21,53,22,50,20,59,25,61,25,59,26,61,29,54,28,56,29,55,31,53,31,52,30,50,28,50,25,51,26,49,25,49,26,51,23,50,24,51,25,52,26,52,28,48,31,46,30,45,38,43,36,40,40,37,38,34,41,31,42,25,39,19,40,0,0,0,0,0,0,0,0,0,0,0,0,0,0,0,0,0,0,0,0,0,0,-24,-7,-21,-10,-18,-10,-17,-10,-16,-10,-20,-10,-21,-13,-19,-12,-18,-11,-19,-11,-17,-13,-20,-9,-16,-12,-19,-11,-20,-10,-21,-13,-19,-14,-13,-13,-13,-15,-11,-14,-8,-11,-10,-10,-8,-4,-5,0,-7,1,-7,5,-7,9,-8,14,-8,17,-12,22,-13,23,-18,26,-21,30,-26,30,-29,32,-35,33,-39,35,-38,38,-41,39,-46,37,-47,38,-46,39,-51,39,-50,38,-54,37,-60,39,-53,41,-58,39,-60,44,-64,42,-64,44,-66,47,-71,44,-68,40,-73,42,-78,40,-70,39,0,0]",1
CSI_DATA,53545,1a:00:00:00:00:00,-30,11,1,0,1,1,1,0,0,0,1,-97,0,11,2,721090742,0,44,0,384,0,"[0,0,0,0,0,0,0,0,0,0,0,0,13,-1,12,-2,13,-2,12,-1,12,-1,12,-1,11,-2,11,-2,11,-2,10,-2,10,-2,9,-2,9,-3,8,-3,8,-3,8,-4,8,-4,8,-5,7,-6,7,-6,8,-6,8,-7,8,-7,8,-8,9,-8,9,-8,0,0,9,-8,10,-7,9,-7,10,-7,9,-7,9,-6,9,-6,9,-6,8,-6,8,-7,8,-7,8,-6,9,-7,9,-6,9,-6,9,-6,9,-6,9,-5,9,-5,9,-4,10,-3,10,-3,9,-2,9,-1,9,-1,8,0,0,0,0,0,0,0,0,0,0,0,0,0,0,0,-64,-47,-52,-39,-60,-43,-60,-32,-63,-39,-60,-35,-57,-29,-59,-37,-58,-33,-57,-36,-52,-28,-54,-33,-51,-24,-51,-22,-48,-25,-49,-22,-48,-15,-48,-15,-50,-11,-46,-8,-52,-3,-46,-4,-51,1,-50,1,-50,4,-55,2,-56,7,-61,10,-62,6,-62,7,-67,6,-68,3,-59,3,-66,2,-61,1,-64,3,-60,-2,-55,-2,-57,-1,-57,-5,-57,-1,-52,0,-58,0,-59,3,-56,1,-55,-3,-56,-3,-55,-3,-58,-5,-52,-11,-54,-14,-51,-13,-54,-21,-46,-17,-44,-20,-39,-30,-34,-30,0,0,0,0,0,0,0,0,0,0,0,0,0,0,0,0,0,0,0,0,0,0,20,-9,23,-6,18,-4,21,-2,23,-5,16,0,19,-2,17,-6,19,-4,25,-1,17,-3,22,-5,25,-4,22,-3,24,-2,16,-1,22,2,18,3,16,-1,17,3,14,1,9,-2,7,0,10,-4,10,-3,2,-8,-1,-12,-1,-12,-2,-19,-2,-28,0,-31,-1,-31,-1,-36,5,-39,6,-44,8,-46,4,-41,11,-52,13,-52,17,-57,16,-58,13,-57,18,-58,15,-56,19,-59,23,-62,24,-64,21,-69,30,-71,26,-66,31,-69,33,-81,36,-76,37,-68,41,-75,41,-69,38,-66,0,0]",1
CSI_DATA,53546,1a:00:00:00:00:00,-30,11,1,0,1,1,1,0,0,0,1,-97,0,11,2,721110487,0,44,0,384,0,"[0,0,0,0,0,0,0,0,0,0,0,0,-1,13,0,13,0,12,0,13,-1,12,0,12,0,11,0,11,0,11,0,10,0,10,1,9,1,9,2,9,2,9,3,8,3,8,4,8,4,8,5,8,5,8,5,8,6,8,6,8,7,9,7,9,0,0,6,10,6,10,6,10,6,10,5,9,5,9,5,9,5,9,5,9,5,8,6,8,6,8,5,9,6,9,5,9,5,9,5,9,4,9,4,9,3,9,2,10,2,10,1,9,1,9,0,9,-1,8,0,0,0,0,0,0,0,0,0,0,0,0,0,0,60,-54,56,-47,49,-49,52,-49,50,-50,50,-51,50,-47,48,-48,47,-51,46,-48,41,-44,41,-42,38,-46,36,-45,38,-41,31,-40,29,-47,26,-45,24,-43,22,-44,17,-49,13,-47,12,-50,11,-52,12,-52,9,-58,11,-61,12,-59,11,-64,8,-65,15,-63,17,-66,20,-64,13,-62,16,-61,20,-58,21,-55,17,-57,13,-56,16,-56,15,-54,17,-53,17,-55,11,-58,16,-57,14,-56,21,-58,19,-57,24,-51,23,-51,26,-48,29,-46,31,-44,34,-39,32,-39,33,-33,34,-28,0,0,0,0,0,0,0,0,0,0,0,0,0,0,0,0,0,0,0,0,0,0,1,22,-4,20,0,20,-1,22,-5,20,-7,17,-4,23,-6,19,-4,17,-4,22,-5,19,-6,21,-6,22,-7,20,-8,22,-7,22,-10,20,-7,17,-11,14,-9,11,-9,13,-7,9,-1,9,-1,5,1,5,7,6,8,2,14,2,18,5,26,1,24,6,30,11,33,12,37,15,38,17,42,23,45,22,44,23,46,31,52,31,49,32,51,33,53,34,53,38,51,35,51,41,53,40,57,47,58,44,59,46,58,46,61,51,60,56,57,52,58,56,56,58,56,61,0,0]",1
CSI_DATA,53547,1a:00:00:00:00:00,-30,11,1,0,1,1,1,0,0,0,1,-97,0,11,2,721120499,0,44,0,384,0,"[0,0,0,0,0,0,0,0,0,0,0,0,-14,1,-14,1,-14,1,-14,1,-14,1,-13,1,-13,1,-12,0,-12,1,-11,1,-11,1,-11,2,-10,2,-10,3,-9,3,-9,4,-9,4,-9,5,-8,5,-9,6,-9,6,-9,6,-9,7,-9,7,-9,8,-9,8,0,0,-10,7,-10,7,-10,7,-10,7,-10,6,-10,6,-10,6,-9,6,-9,6,-9,6,-9,7,-9,7,-9,6,-9,6,-10,6,-10,6,-10,6,-10,5,-10,5,-10,4,-11,3,-10,3,-11,2,-10,2,-10,1,-9,0,0,0,0,0,0,0,0,0,0,0,0,0,0,0,61,45,59,40,62,39,61,37,59,34,61,38,53,34,59,36,58,26,60,29,55,28,53,30,52,25,50,22,48,24,50,17,48,16,44,12,47,10,46,8,49,3,49,0,54,0,54,-3,53,-4,52,-6,58,-8,61,-8,63,-10,66,-12,63,-8,67,-3,61,-4,68,-5,61,-2,66,0,59,-1,57,-1,59,-1,54,-1,56,-4,57,-3,59,-5,53,-5,59,-4,57,-3,59,-1,58,1,59,3,55,5,54,10,53,11,52,14,46,17,46,17,37,24,39,25,0,0,0,0,0,0,0,0,0,0,0,0,0,0,0,0,0,0,0,0,0,0,-21,5,-24,1,-22,0,-21,-1,-20,-2,-23,-2,-21,1,-20,-1,-23,-1,-19,-1,-21,-2,-23,-2,-21,1,-22,-4,-22,-3,-20,-4,-23,-6,-17,-3,-17,-5,-15,-7,-12,-4,-12,-1,-10,-2,-8,1,-8,5,-7,10,0,10,-1,16,-2,19,-3,23,-4,26,-2,32,-5,35,-8,40,-6,44,-9,45,-15,48,-15,53,-18,53,-17,55,-20,56,-20,52,-26,60,-24,57,-23,62,-23,66,-26,64,-30,68,-32,68,-31,67,-37,72,-34,71,-42,71,-40,69,-40,75,-46,74,-46,69,0,0]",1
CSI_DATA,53548,1a:00:00:00:00:00,-30,11,1,0,1,1,1,0,0,0,1,-97,0,11,2,721130509,0,44,0,384,0,"[0,0,0,0,0,0,0,0,0,0,0,0,-2,-14,-2,-14,-2,-14,-2,-13,-2,-14,-2,-13,-2,-13,-2,-12,-2,-12,-2,-12,-3,-11,-3,-11,-3,-10,-4,-10,-4,-9,-5,-9,-5,-8,-6,-9,-6,-8,-7,-9,-7,-9,-7,-9,-8,-9,-9,-9,-9,-9,-9,-9,0,0,-8,-10,-9,-10,-8,-10,-8,-10,-7,-10,-7,-10,-7,-10,-7,-9,-7,-9,-7,-9,-8,-9,-8,-9,-7,-9,-7,-9,-7,-10,-7,-9,-7,-10,-6,-10,-6,-10,-5,-10,-4,-11,-3,-11,-3,-11,-3,-10,-2,-10,-1,-9,0,0,0,0,0,0,0,0,0,0,0,0,0,0,-57,52,-53,51,-45,54,-50,50,-43,57,-45,53,-44,52,-45,56,-39,51,-42,50,-38,47,-41,49,-34,52,-33,43,-32,42,-26,47,-22,47,-21,45,-19,44,-17,44,-13,51,-12,49,-8,52,-9,52,-4,54,-3,57,-5,60,-2,61,-6,62,-2,65,-6,66,-8,66,-9,62,-10,63,-10,63,-9,63,-11,57,-11,56,-8,58,-9,58,-4,55,-6,55,-12,60,-5,58,-8,58,-10,57,-16,58,-15,58,-17,54,-16,53,-23,55,-24,47,-25,48,-25,47,-28,40,-33,36,-32,31,0,0,0,0,0,0,0,0,0,0,0,0,0,0,0,0,0,0,0,0,0,0,-4,-24,1,-22,2,-22,2,-22,-2,-19,1,-19,4,-21,-3,-22,3,-21,3,-20,3,-17,2,-23,4,-22,2,-22,7,-23,3,-23,6,-22,7,-19,4,-17,5,-19,5,-13,3,-11,2,-10,2,-9,-3,-5,-7,-5,-10,-4,-16,-3,-17,-8,-25,-3,-28,-4,-31,-7,-35,-11,-42,-11,-44,-13,-45,-17,-47,-17,-50,-22,-53,-26,-53,-26,-53,-28,-53,-28,-55,-34,-58,-34,-58,-32,-57,-35,-62,-38,-62,-35,-66,-39,-61,-44,-67,-46,-70,-46,-67,-50,-64,-48,-70,-53,-66,-55,-64,-53,0,0]",1
CSI_DATA,53549,1a:00:00:00:00:00,-30,11,1,0,1,1,1,0,0,0,1,-97,0,11,2,721150508,0,44,0,384,0,"[0,0,0,0,0,0,0,0,0,0,0,0,4,12,5,11,5,12,4,11,4,11,4,11,4,10,4,10,4,10,4,9,4,9,4,8,4,8,5,7,5,7,6,6,6,6,6,6,7,5,7,5,8,5,8,5,9,6,9,5,9,6,9,6,0,0,9,7,9,7,9,7,9,7,8,7,8,7,8,7,8,6,8,6,8,6,8,6,8,6,8,6,8,6,8,7,8,7,8,7,7,7,7,8,6,8,5,8,5,8,4,8,3,8,2,8,2,7,0,0,0,0,0,0,0,0,0,0,0,0,0,0,34,-68,37,-67,30,-68,31,-63,28,-64,27,-64,27,-60,28,-66,24,-61,24,-60,22,-58,20,-56,17,-59,19,-54,16,-54,13,-51,9,-55,10,-50,2,-50,0,-48,-7,-52,-5,-54,-9,-52,-12,-53,-13,-55,-14,-56,-12,-57,-14,-61,-16,-62,-15,-63,-18,-63,-12,-66,-11,-66,-13,-65,-9,-62,-10,-63,-6,-59,-7,-59,-8,-58,-8,-57,-12,-55,-13,-57,-10,-55,-12,-58,-10,-58,-10,-60,-9,-62,-8,-58,-5,-57,-3,-55,-1,-57,7,-57,5,-51,9,-52,11,-47,17,-41,19,-41,0,0,0,0,0,0,0,0,0,0,0,0,0,0,0,0,0,0,0,0,0,0,5,20,5,21,5,19,3,21,3,20,2,21,3,20,0,18,3,19,0,19,4,23,2,19,3,20,1,20,1,23,-1,21,-1,22,-2,17,-2,18,-2,17,-5,11,2,11,0,8,1,4,5,4,7,1,9,0,17,-2,20,-4,23,-4,28,-5,30,-2,37,0,39,-1,42,2,45,1,47,5,55,8,51,10,57,8,58,10,54,11,62,14,62,11,62,16,66,17,65,14,70,20,70,21,70,20,71,20,77,25,76,27,71,31,79,30,80,35,68,35,0,0]",1
CSI_DATA,53550,1a:00:00:00:00:00,-30,11,1,0,1,1,1,0,0,0,1,-97,0,11,2,721160481,0,44,0,384,0,"[0,0,0,0,0,0,0,0,0,0,0,0,-12,7,-11,7,-11,8,-11,7,-11,7,-10,7,-11,6,-10,6,-10,6,-9,6,-9,7,-8,7,-7,7,-7,7,-6,7,-6,8,-5,8,-5,8,-4,8,-4,9,-4,9,-4,10,-4,10,-3,11,-4,11,-4,11,0,0,-5,11,-5,11,-5,11,-5,11,-5,10,-5,10,-5,10,-5,10,-5,10,-4,10,-4,10,-4,10,-4,10,-4,10,-5,10,-5,10,-5,10,-5,9,-6,9,-6,9,-7,8,-7,8,-7,7,-7,6,-8,6,-7,5,0,0,0,0,0,0,0,0,0,0,0,0,0,0,78,18,69,17,71,11,69,13,72,10,69,7,64,10,72,9,66,10,63,5,62,8,57,6,57,2,56,2,54,1,53,-2,52,-4,50,-7,49,-9,45,-14,46,-18,48,-17,47,-20,49,-23,50,-25,49,-27,53,-31,54,-32,55,-30,57,-36,56,-29,58,-28,57,-30,58,-29,57,-31,60,-26,57,-24,53,-23,52,-20,52,-21,52,-24,53,-26,53,-24,50,-28,53,-23,53,-24,52,-21,56,-21,54,-15,54,-15,54,-10,50,-10,54,-5,51,-2,46,1,47,4,46,6,0,0,0,0,0,0,0,0,0,0,0,0,0,0,0,0,0,0,0,0,0,0,-17,13,-19,14,-18,10,-19,8,-17,7,-16,7,-19,5,-21,7,-18,10,-19,6,-22,9,-18,8,-20,10,-22,9,-22,7,-20,3,-21,5,-22,4,-19,2,-17,1,-12,0,-12,1,-8,1,-4,3,-3,4,2,4,3,9,3,14,7,17,11,21,13,26,11,33,13,32,13,39,10,42,10,49,8,47,7,54,6,53,6,59,5,61,4,63,3,64,-1,65,4,64,2,65,-3,68,-5,73,1,73,-2,76,-4,79,-3,78,-6,79,-7,80,-8,81,-10,83,-17,84,0,0]",1
CSI_DATA,53551,1a:00:00:00:00:00,-30,11,1,0,1,1,1,0,0,0,1,-97,0,11,2,721170498,0,44,0,384,0,"[0,0,0,0,0,0,0,0,0,0,0,0,-8,-12,-8,-12,-7,-11,-8,-12,-7,-11,-7,-11,-7,-11,-7,-11,-7,-10,-7,-9,-7,-9,-7,-9,-7,-8,-7,-8,-8,-7,-8,-7,-8,-6,-8,-6,-9,-5,-9,-5,-10,-6,-10,-5,-10,-5,-11,-5,-12,-5,-12,-5,0,0,-12,-7,-11,-7,-12,-7,-11,-7,-11,-7,-11,-7,-10,-7,-10,-6,-10,-6,-10,-6,-10,-6,-10,-6,-10,-6,-10,-6,-10,-6,-10,-7,-10,-7,-10,-7,-9,-8,-8,-8,-8,-9,-7,-9,-6,-9,-6,-9,-5,-9,-4,-8,0,0,0,0,0,0,0,0,0,0,0,0,0,0,-24,79,-17,70,-19,71,-15,69,-20,68,-19,67,-14,63,-12,67,-15,67,-15,63,-11,61,-12,61,-7,59,-5,55,-11,51,-3,51,-1,57,4,43,6,50,3,46,12,51,12,48,16,51,20,46,24,49,24,55,24,47,23,55,29,54,29,59,24,62,18,64,25,60,22,61,15,63,18,61,19,58,13,56,14,55,15,55,17,51,17,50,15,56,18,54,22,58,16,48,13,62,17,58,11,58,6,58,2,58,-1,52,-5,54,-7,51,-5,49,-15,42,-19,42,0,0,0,0,0,0,0,0,0,0,0,0,0,0,0,0,0,0,0,0,0,0,-14,-19,-11,-17,-15,-20,-10,-17,-9,-16,-11,-17,-8,-16,-11,-15,-12,-22,-12,-20,-11,-20,-11,-21,-10,-20,-5,-18,-5,-23,-7,-23,-7,-21,-6,-25,-4,-18,-6,-17,-2,-11,-9,-11,-3,-12,-5,-7,-3,-7,-9,-3,-9,0,-17,0,-18,3,-20,9,-25,11,-30,12,-36,13,-40,11,-43,16,-50,3,-50,6,-50,7,-54,5,-60,5,-62,4,-65,3,-68,-1,-66,-2,-71,1,-64,1,-72,-3,-74,-4,-76,-1,-74,-1,-79,-6,-84,-7,-79,-9,-79,-14,-86,-10,-87,-18,-80,-13,0,0]",1
CSI_DATA,53552,1a:00:00:00:00:00,-30,11,1,0,1,1,1,0,0,0,1,-97,0,11,2,721190500,0,44,0,384,0,"[0,0,0,0,0,0,0,0,0,0,0,0,5,12,5,11,5,11,5,11,5,11,4,10,4,10,4,10,4,10,5,9,5,9,5,8,5,8,5,7,5,7,6,6,6,6,7,6,7,5,8,5,8,5,8,5,9,5,9,5,10,5,10,5,0,0,10,6,10,6,9,6,9,6,9,6,9,6,8,6,8,6,8,6,8,5,9,5,9,5,9,5,8,5,8,6,8,6,8,7,8,6,7,7,7,7,6,8,5,8,5,8,4,7,3,8,3,7,0,0,0,0,0,0,0,0,0,0,0,0,0,0,27,-73,32,-72,24,-66,24,-68,24,-68,21,-68,19,-66,18,-65,14,-65,17,-62,17,-59,14,-58,13,-62,9,-55,11,-53,9,-52,2,-52,-2,-56,0,-52,-2,-49,-8,-53,-9,-51,-13,-49,-14,-52,-15,-55,-17,-56,-21,-56,-22,-58,-20,-59,-23,-62,-23,-64,-23,-67,-20,-64,-20,-62,-15,-61,-12,-62,-13,-57,-11,-57,-14,-56,-15,-57,-14,-54,-16,-52,-15,-61,-12,-58,-15,-58,-15,-57,-10,-55,-12,-59,-11,-57,-7,-56,-4,-60,1,-56,2,-57,6,-55,10,-48,12,-45,14,-43,0,0,0,0,0,0,0,0,0,0,0,0,0,0,0,0,0,0,0,0,0,0,10,19,7,21,6,22,4,19,5,20,8,16,5,17,5,17,8,20,3,20,4,17,3,20,5,20,4,22,5,23,1,18,1,20,0,19,-2,17,2,17,0,15,0,11,3,7,5,7,3,4,7,2,10,-2,15,-5,17,-3,21,-6,28,-8,31,-8,36,-4,39,-4,44,-4,48,0,47,0,54,0,54,3,59,4,61,6,56,5,60,10,65,8,65,7,67,7,68,8,69,10,76,11,74,13,76,16,81,17,80,19,73,22,81,22,79,29,78,22,0,0]",1
CSI_DATA,53553,1a:00:00:00:00:00,-30,11,1,0,1,1,1,0,0,0,1,-97,0,11,2,721200505,0,44,0,384,0,"[0,0,0,0,0,0,0,0,0,0,0,0,-14,3,-13,3,-14,4,-13,3,-13,3,-13,3,-12,3,-12,3,-11,3,-11,3,-11,3,-10,3,-10,4,-9,4,-9,4,-9,5,-8,5,-8,6,-7,6,-7,7,-7,7,-7,8,-8,8,-8,9,-8,9,-8,9,0,0,-9,9,-9,9,-9,8,-9,9,-9,8,-9,8,-9,8,-8,7,-8,7,-8,8,-8,8,-8,8,-8,8,-8,8,-9,8,-8,7,-9,7,-9,7,-9,6,-9,5,-10,5,-10,4,-10,3,-10,3,-10,2,-9,1,0,0,0,0,0,0,0,0,0,0,0,0,0,0,68,36,60,36,66,28,63,27,65,25,65,26,61,26,66,22,63,24,62,23,59,20,57,16,57,17,52,16,51,19,54,13,52,10,50,9,52,5,46,-1,50,-4,49,-6,51,-11,52,-10,53,-11,55,-17,55,-13,60,-16,61,-15,61,-17,62,-13,65,-12,61,-13,66,-10,63,-9,62,-7,60,-7,59,-7,57,-9,55,-7,54,-9,53,-8,53,-7,58,-10,55,-10,58,-9,55,-8,61,-5,54,-2,56,-2,56,2,52,7,51,7,50,15,48,14,43,19,39,21,0,0,0,0,0,0,0,0,0,0,0,0,0,0,0,0,0,0,0,0,0,0,-22,10,-22,9,-22,2,-22,3,-19,3,-20,3,-18,3,-18,5,-20,4,-19,2,-22,2,-22,4,-19,2,-22,4,-24,2,-22,2,-21,0,-19,-2,-18,-1,-16,0,-12,0,-11,-1,-12,0,-5,4,-8,4,-1,7,1,11,1,15,3,18,6,20,3,27,4,33,6,37,1,39,0,46,-4,47,-4,52,-5,54,-7,57,-9,58,-8,59,-12,58,-14,63,-17,64,-13,67,-18,67,-16,69,-17,69,-18,73,-20,75,-24,72,-24,78,-25,76,-26,75,-28,75,-30,77,-32,74,0,0]",1
CSI_DATA,53554,1a:00:00:00:00:00,-30,11,1,0,1,1,1,0,0,0,1,-97,0,11,2,721220499,0,44,0,384,0,"[0,0,0,0,0,0,0,0,0,0,0,0,13,0,13,-1,12,-1,12,-1,12,0,12,-1,12,0,11,0,11,0,10,-1,10,-1,10,-2,9,-2,9,-2,9,-3,8,-4,8,-4,8,-4,8,-5,8,-5,8,-5,8,-6,9,-6,9,-7,9,-7,9,-7,0,0,10,-7,10,-7,10,-7,10,-6,10,-6,10,-6,9,-5,9,-5,9,-5,9,-5,9,-6,9,-6,9,-6,9,-6,9,-5,10,-5,10,-5,10,-5,10,-4,10,-3,10,-2,10,-2,9,-1,9,-1,9,0,8,1,0,0,0,0,0,0,0,0,0,0,0,0,0,0,-50,-59,-52,-55,-49,-50,-53,-50,-52,-53,-52,-49,-53,-47,-49,-51,-47,-46,-48,-45,-46,-43,-45,-44,-48,-40,-44,-39,-42,-38,-43,-31,-44,-27,-45,-27,-46,-24,-45,-22,-49,-15,-49,-13,-48,-15,-55,-14,-55,-14,-54,-11,-60,-11,-62,-13,-62,-14,-67,-11,-65,-14,-66,-17,-64,-15,-62,-18,-62,-18,-60,-17,-60,-15,-58,-17,-54,-18,-56,-18,-57,-18,-53,-13,-55,-17,-59,-14,-58,-19,-57,-16,-58,-21,-57,-23,-52,-21,-51,-23,-47,-24,-46,-31,-46,-30,-39,-35,-35,-34,-31,-37,-27,-34,0,0,0,0,0,0,0,0,0,0,0,0,0,0,0,0,0,0,0,0,0,0,21,-2,21,2,20,-1,20,3,17,3,19,-1,20,1,20,4,20,2,19,4,19,5,21,4,20,6,21,4,21,6,20,5,22,4,20,8,14,4,12,4,13,5,9,4,9,2,6,-4,7,-6,5,-8,6,-8,3,-14,4,-20,3,-23,5,-28,8,-33,10,-34,14,-42,16,-41,20,-43,21,-47,23,-47,31,-49,27,-51,31,-53,30,-53,38,-52,37,-56,34,-54,35,-56,38,-58,41,-58,44,-60,47,-60,51,-63,49,-61,57,-63,55,-57,54,-66,60,-64,58,-59,0,0]",1
CSI_DATA,53555,1a:00:00:00:00:00,-30,11,1,0,1,1,1,0,0,0,1,-97,0,11,2,721230504,0,44,0,384,0,"[0,0,0,0,0,0,0,0,0,0,0,0,-3,12,-2,12,-3,12,-2,12,-3,12,-3,11,-3,11,-2,10,-2,10,-2,10,-2,10,-1,9,-1,9,0,9,0,9,1,8,1,8,2,8,2,8,3,8,3,9,3,9,4,9,4,9,4,10,4,10,0,0,3,11,4,11,3,10,3,11,3,10,3,10,2,10,2,9,3,9,3,9,3,9,3,9,3,9,3,9,2,10,2,10,2,10,1,10,1,10,0,10,-1,10,-1,9,-2,9,-2,8,-3,8,-3,7,0,0,0,0,0,0,0,0,0,0,0,0,0,0,59,-47,55,-48,58,-52,54,-47,53,-48,50,-48,47,-48,49,-48,48,-47,48,-44,48,-46,44,-40,41,-42,42,-43,36,-44,33,-44,31,-43,29,-42,29,-43,23,-44,19,-50,20,-48,14,-52,13,-53,16,-51,15,-52,14,-54,14,-59,12,-64,13,-64,17,-63,22,-65,21,-61,21,-63,20,-62,25,-62,24,-55,23,-56,23,-53,18,-52,20,-54,17,-57,19,-56,17,-54,19,-54,20,-57,24,-54,27,-54,28,-51,29,-49,33,-47,33,-43,33,-43,38,-37,36,-35,35,-33,35,-25,0,0,0,0,0,0,0,0,0,0,0,0,0,0,0,0,0,0,0,0,0,0,1,20,-1,23,-2,18,-1,19,-3,20,-6,20,-6,21,-5,20,-9,18,-3,20,-5,18,-2,21,-6,21,-6,20,-7,19,-6,20,-9,16,-12,19,-10,18,-5,11,-6,12,-4,8,-6,7,1,8,2,6,7,4,11,2,14,2,14,1,21,6,26,4,32,10,33,12,35,15,40,16,41,21,42,26,46,23,49,27,53,27,53,34,54,34,51,38,50,35,54,36,51,42,53,42,56,46,58,50,60,50,58,49,61,48,56,56,57,53,59,58,60,64,55,54,0,0]",1
CSI_DATA,53556,1a:00:00:00:00:00,-30,11,1,0,1,1,1,0,0,0,1,-97,0,11,2,721240500,0,44,0,384,0,"[0,0,0,0,0,0,0,0,0,0,0,0,-13,-4,-13,-4,-13,-4,-13,-4,-13,-4,-12,-4,-12,-4,-12,-4,-11,-4,-11,-3,-11,-2,-11,-2,-10,-2,-10,-1,-10,-1,-10,0,-10,1,-10,1,-10,2,-10,2,-10,2,-11,3,-11,3,-11,4,-12,4,-12,4,0,0,-12,3,-12,3,-12,3,-12,3,-12,2,-12,2,-11,2,-11,2,-11,2,-11,2,-11,3,-11,3,-11,3,-11,3,-11,2,-11,2,-11,2,-11,1,-11,1,-11,0,-11,-1,-11,-1,-10,-2,-10,-2,-9,-3,-9,-3,0,0,0,0,0,0,0,0,0,0,0,0,0,0,29,67,31,65,34,62,33,62,34,59,34,63,35,58,34,59,34,55,30,57,33,55,32,51,35,48,32,48,33,45,34,42,35,38,35,37,36,35,37,30,42,30,39,26,47,22,47,24,46,22,50,24,54,21,57,27,56,26,57,24,59,28,62,31,57,31,57,32,54,31,55,31,51,30,50,30,51,29,50,25,47,26,53,24,49,25,52,26,49,25,49,28,52,28,51,33,50,34,45,32,45,37,39,35,35,37,31,39,27,39,26,39,19,37,0,0,0,0,0,0,0,0,0,0,0,0,0,0,0,0,0,0,0,0,0,0,-23,-7,-23,-10,-17,-12,-22,-13,-18,-11,-16,-8,-20,-11,-18,-12,-18,-10,-19,-11,-18,-12,-20,-13,-21,-13,-20,-13,-18,-14,-17,-14,-14,-14,-17,-14,-12,-15,-13,-11,-8,-9,-7,-6,-8,-5,-9,-2,-4,0,-5,2,-6,8,-10,12,-9,16,-14,23,-15,25,-18,28,-22,30,-29,31,-28,33,-31,31,-36,36,-40,37,-48,35,-45,39,-45,41,-48,40,-52,38,-51,38,-53,43,-51,42,-54,42,-59,43,-63,42,-62,44,-62,45,-66,46,-70,41,-70,40,-73,39,-76,37,-73,36,0,0]",1
CSI_DATA,53557,1a:00:00:00:00:00,-30,11,1,0,1,1,1,0,0,0,1,-97,0,11,2,721250491,0,44,0,384,0,"[0,0,0,0,0,0,0,0,0,0,0,0,4,-13,4,-13,3,-12,4,-13,4,-12,3,-12,3,-12,3,-11,3,-11,2,-10,2,-11,1,-10,1,-10,0,-10,0,-10,-1,-9,-1,-10,-2,-9,-2,-10,-3,-10,-3,-10,-3,-10,-3,-11,-4,-11,-4,-11,-4,-12,0,0,-3,-12,-3,-12,-3,-12,-3,-12,-3,-12,-3,-11,-2,-11,-3,-11,-3,-11,-3,-10,-3,-11,-3,-11,-3,-11,-3,-11,-2,-11,-2,-11,-2,-11,-2,-11,-1,-11,0,-11,0,-11,1,-10,1,-10,2,-9,2,-9,3,-8,0,0,0,0,0,0,0,0,0,0,0,0,0,0,-78,31,-69,25,-69,28,-66,27,-62,25,-65,26,-59,30,-67,30,-60,29,-61,29,-59,30,-53,28,-55,23,-50,28,-51,29,-48,28,-44,32,-40,32,-39,34,-31,31,-33,39,-31,38,-31,44,-30,43,-31,46,-27,50,-29,48,-28,55,-31,56,-29,57,-33,57,-36,61,-35,51,-33,55,-36,52,-37,51,-37,46,-34,46,-34,46,-28,48,-30,45,-27,51,-33,50,-28,53,-32,49,-33,48,-34,47,-34,47,-37,42,-39,40,-36,38,-42,33,-41,32,-46,27,-40,22,-42,23,-46,18,0,0,0,0,0,0,0,0,0,0,0,0,0,0,0,0,0,0,0,0,0,0,12,-21,11,-19,8,-17,11,-20,11,-16,10,-15,11,-15,11,-16,15,-17,12,-17,11,-17,11,-17,12,-20,13,-20,15,-16,13,-19,15,-14,14,-15,11,-14,15,-12,10,-8,8,-9,3,-8,1,-8,0,-10,-7,-6,-9,-6,-13,-11,-16,-13,-21,-13,-21,-14,-28,-24,-31,-26,-33,-31,-32,-31,-33,-39,-34,-33,-36,-42,-35,-47,-36,-47,-37,-49,-37,-50,-37,-52,-38,-55,-37,-54,-40,-60,-38,-61,-35,-63,-39,-66,-37,-66,-39,-67,-39,-69,-38,-75,-36,-70,-42,-75,-35,-77,-33,-75,0,0]",1
CSI_DATA,53558,1a:00:00:00:00:00,-30,11,1,0,1,1,1,0,0,0,1,-97,0,11,2,721270488,0,44,0,384,0,"[0,0,0,0,0,0,0,0,0,0,0,0,-7,11,-7,11,-7,11,-7,11,-7,11,-7,10,-7,10,-7,10,-6,10,-6,10,-5,10,-5,9,-4,9,-3,9,-3,9,-2,9,-2,9,-1,9,-1,9,0,10,0,10,0,10,0,11,1,11,1,12,1,12,0,0,0,12,0,12,0,12,-1,12,-1,12,-1,11,-1,11,-1,11,-1,10,-1,10,0,11,0,11,0,11,-1,11,-1,11,-1,11,-2,11,-2,11,-3,10,-3,10,-4,10,-4,9,-5,9,-5,8,-6,7,-6,6,0,0,0,0,0,0,0,0,0,0,0,0,0,0,74,-19,77,-22,66,-24,69,-22,67,-23,69,-23,65,-24,65,-24,63,-23,63,-19,59,-24,62,-21,56,-25,52,-23,52,-23,50,-24,48,-27,45,-28,42,-31,34,-35,36,-38,34,-37,35,-41,30,-42,34,-43,34,-49,36,-48,37,-52,38,-54,39,-54,37,-52,48,-55,42,-51,44,-49,43,-49,45,-44,42,-43,42,-48,39,-42,37,-45,41,-46,38,-45,37,-45,40,-48,41,-46,40,-45,43,-44,45,-44,41,-40,42,-41,43,-34,47,-30,51,-27,49,-21,50,-20,45,-16,43,-8,0,0,0,0,0,0,0,0,0,0,0,0,0,0,0,0,0,0,0,0,0,0,-9,23,-10,21,-13,16,-14,17,-10,16,-11,16,-10,15,-11,18,-15,15,-12,17,-16,18,-15,17,-16,16,-15,17,-17,14,-16,15,-21,15,-18,13,-12,11,-13,8,-9,11,-7,6,-7,6,-4,5,2,7,4,6,9,7,12,7,20,11,22,15,24,21,24,22,26,25,28,29,31,34,28,40,28,41,33,44,28,48,33,51,33,56,31,54,32,59,32,58,33,57,34,59,36,61,34,64,37,69,32,70,31,72,30,76,29,78,29,75,27,81,28,80,25,76,0,0]",1
CSI_DATA,53559,1a:00:00:00:00:00,-30,11,1,0,1,1,1,0,0,0,1,-97,0,11,2,721280485,0,44,0,384,0,"[0,0,0,0,0,0,0,0,0,0,0,0,-13,-6,-13,-5,-13,-5,-13,-5,-12,-5,-12,-5,-12,-5,-11,-5,-11,-5,-11,-4,-11,-4,-10,-3,-10,-3,-10,-2,-10,-2,-10,-1,-10,-1,-10,0,-10,1,-10,1,-10,1,-11,2,-11,2,-12,2,-12,2,-12,2,0,0,-13,1,-13,1,-12,1,-12,1,-12,1,-12,1,-12,0,-11,1,-11,1,-11,1,-11,1,-11,1,-11,1,-11,1,-11,0,-12,0,-12,0,-11,0,-11,-1,-11,-2,-11,-2,-11,-3,-10,-4,-9,-4,-9,-5,-8,-5,0,0,0,0,0,0,0,0,0,0,0,0,0,0,28,69,26,67,32,68,31,64,31,64,29,59,27,58,29,64,31,58,30,59,25,57,29,56,26,53,30,49,29,47,30,46,32,42,32,40,35,39,35,34,39,32,40,32,42,27,46,29,43,29,48,30,51,29,52,30,53,30,55,29,58,35,56,36,53,35,50,32,50,36,49,40,50,36,46,37,46,36,49,32,46,32,47,30,48,36,47,28,45,34,48,31,49,35,44,41,46,38,39,39,36,42,29,40,29,42,26,42,21,43,19,44,14,42,0,0,0,0,0,0,0,0,0,0,0,0,0,0,0,0,0,0,0,0,0,0,-21,-5,-20,-10,-20,-9,-18,-13,-20,-8,-19,-10,-17,-10,-20,-13,-17,-11,-19,-12,-17,-12,-21,-12,-18,-12,-22,-12,-20,-14,-21,-13,-17,-18,-15,-14,-13,-13,-11,-13,-10,-10,-10,-9,-8,-7,-6,-3,-8,2,-7,5,-8,10,-8,13,-10,17,-13,21,-14,25,-21,28,-23,30,-27,32,-32,33,-35,35,-38,33,-41,37,-45,39,-50,35,-51,33,-47,36,-52,36,-55,38,-55,38,-58,37,-60,40,-59,37,-65,42,-67,40,-68,40,-68,47,-72,39,-71,38,-72,41,-72,36,-77,37,0,0]",1
CSI_DATA,53560,1a:00:00:00:00:00,-30,11,1,0,1,1,1,0,0,0,1,-97,0,11,2,721290485,0,44,0,384,0,"[0,0,0,0,0,0,0,0,0,0,0,0,3,-13,2,-13,3,-13,3,-12,3,-13,3,-12,2,-12,3,-11,2,-11,2,-11,2,-11,1,-10,1,-10,0,-10,0,-9,-1,-10,-2,-9,-2,-10,-3,-9,-3,-10,-3,-10,-4,-10,-4,-11,-4,-11,-4,-11,-4,-11,0,0,-3,-12,-4,-12,-3,-12,-3,-12,-3,-11,-2,-11,-3,-11,-3,-11,-3,-11,-3,-11,-3,-11,-3,-11,-3,-11,-3,-11,-3,-11,-2,-11,-2,-11,-2,-11,-1,-11,0,-11,1,-11,1,-10,2,-10,2,-9,3,-9,3,-8,0,0,0,0,0,0,0,0,0,0,0,0,0,0,-64,47,-58,47,-56,46,-53,47,-55,45,-53,46,-49,47,-53,45,-50,47,-50,43,-46,43,-46,40,-44,41,-41,41,-38,41,-38,39,-30,44,-26,45,-27,42,-22,40,-18,45,-19,43,-18,47,-15,53,-15,51,-15,53,-16,60,-13,60,-11,61,-14,65,-17,60,-21,61,-20,63,-18,61,-24,60,-24,59,-24,57,-21,55,-20,55,-21,52,-24,54,-20,50,-18,58,-15,53,-21,52,-22,54,-28,55,-25,53,-26,46,-32,47,-33,48,-35,43,-35,38,-39,38,-34,33,-38,28,-36,25,0,0,0,0,0,0,0,0,0,0,0,0,0,0,0,0,0,0,0,0,0,0,1,-23,-1,-23,1,-20,2,-21,2,-20,3,-22,6,-17,4,-23,6,-19,2,-20,6,-16,2,-20,6,-23,4,-20,7,-24,7,-21,8,-23,9,-19,10,-16,9,-16,5,-14,5,-9,3,-9,-2,-8,-4,-7,-9,-4,-11,-5,-15,-3,-21,-6,-26,-8,-28,-5,-33,-10,-36,-14,-38,-18,-43,-18,-42,-22,-45,-23,-48,-28,-50,-30,-49,-31,-51,-34,-50,-37,-54,-39,-54,-41,-51,-41,-54,-40,-57,-43,-57,-46,-55,-47,-60,-53,-59,-47,-59,-53,-60,-57,-59,-58,-58,-57,-55,-62,-58,-63,0,0]",1
CSI_DATA,53561,1a:00:00:00:00:00,-30,11,1,0,1,1,1,0,0,0,1,-97,0,11,2,721310496,0,44,0,384,0,"[0,0,0,0,0,0,0,0,0,0,0,0,-4,12,-4,12,-4,12,-4,12,-4,11,-4,11,-4,11,-4,10,-3,10,-3,10,-2,9,-2,9,-2,9,-1,9,-1,9,0,8,1,8,1,8,2,9,2,9,2,9,3,9,3,9,4,10,3,10,4,10,0,0,3,11,3,11,3,11,3,11,2,10,2,10,2,10,2,10,2,10,2,10,3,9,3,10,2,10,2,10,2,10,2,10,2,10,1,10,1,10,0,10,-1,10,-1,9,-2,9,-2,8,-3,8,-3,7,0,0,0,0,0,0,0,0,0,0,0,0,0,0,70,-34,62,-35,65,-38,62,-38,57,-36,58,-36,54,-38,59,-39,53,-41,55,-39,53,-34,48,-36,44,-36,45,-35,43,-34,39,-36,40,-39,32,-37,30,-39,28,-38,24,-44,26,-44,24,-48,22,-49,24,-52,19,-55,19,-57,20,-60,19,-62,21,-63,24,-62,28,-63,26,-59,24,-62,26,-60,32,-57,27,-56,28,-53,28,-54,24,-52,23,-51,22,-53,23,-56,25,-55,26,-52,22,-55,29,-52,28,-53,31,-49,31,-48,37,-43,33,-40,39,-41,36,-34,36,-33,37,-29,38,-25,0,0,0,0,0,0,0,0,0,0,0,0,0,0,0,0,0,0,0,0,0,0,-6,21,-10,20,-10,19,-10,20,-8,18,-11,17,-14,16,-9,18,-11,19,-9,19,-14,17,-13,18,-10,17,-13,21,-14,18,-11,18,-16,18,-14,15,-14,12,-13,9,-11,10,-6,9,-5,4,0,7,0,6,6,3,8,6,16,7,17,8,23,10,23,13,30,14,31,20,35,22,35,26,37,28,34,31,39,36,39,40,39,41,40,44,40,44,42,49,42,48,44,49,42,49,44,52,47,57,46,53,43,57,47,60,47,60,46,68,48,64,45,70,46,69,42,67,0,0]",1
CSI_DATA,53562,1a:00:00:00:00:00,-30,11,1,0,1,1,1,0,0,0,1,-97,0,11,2,721320510,0,44,0,384,0,"[0,0,0,0,0,0,0,0,0,0,0,0,-14,-4,-13,-4,-13,-4,-13,-4,-13,-3,-12,-4,-12,-3,-12,-3,-12,-3,-11,-3,-11,-3,-11,-2,-10,-2,-10,-1,-10,-1,-10,0,-10,1,-10,1,-10,2,-10,2,-10,2,-10,3,-11,3,-11,4,-12,4,-12,4,0,0,-12,3,-12,3,-12,3,-12,3,-12,2,-11,2,-11,2,-11,2,-11,3,-11,3,-11,3,-11,3,-11,3,-11,3,-11,2,-11,2,-11,2,-11,1,-11,1,-11,0,-11,-1,-11,-1,-10,-2,-10,-2,-9,-3,-9,-3,0,0,0,0,0,0,0,0,0,0,0,0,0,0,45,59,44,58,47,55,46,54,47,52,47,52,47,50,45,52,45,52,44,47,41,45,40,45,42,45,41,40,41,37,40,34,44,30,43,26,43,24,45,22,49,21,46,16,48,12,48,11,52,11,57,10,61,12,62,9,60,10,64,11,66,12,68,16,62,17,60,16,60,14,58,18,59,20,55,19,58,15,57,13,55,13,55,10,57,11,57,8,55,15,54,12,59,16,54,17,55,19,51,20,50,25,48,26,45,28,43,32,39,33,34,34,28,32,0,0,0,0,0,0,0,0,0,0,0,0,0,0,0,0,0,0,0,0,0,0,-21,-5,-20,-11,-18,-8,-19,-9,-20,-11,-16,-6,-16,-5,-19,-10,-20,-7,-17,-10,-18,-9,-21,-7,-22,-8,-21,-10,-20,-8,-20,-9,-19,-12,-18,-11,-16,-13,-12,-11,-11,-6,-8,-8,-5,-4,-10,0,-5,2,-8,5,-7,10,-5,13,-8,16,-7,25,-11,26,-13,30,-16,32,-22,37,-27,38,-28,40,-28,41,-30,44,-37,48,-34,45,-37,48,-39,45,-43,47,-44,46,-44,49,-46,51,-47,50,-52,53,-52,55,-51,59,-55,55,-55,58,-60,57,-56,54,-62,57,-64,52,-63,51,0,0]",1
CSI_DATA,53563,1a:00:00:00:00:00,-30,11,1,0,1,1,1,0,0,0,1,-97,0,11,2,721330478,0,44,0,384,0,"[0,0,0,0,0,0,0,0,0,0,0,0,1,-14,1,-14,1,-14,1,-14,1,-13,1,-13,1,-12,0,-12,0,-12,0,-11,0,-11,-1,-11,-1,-10,-1,-10,-2,-10,-3,-9,-3,-9,-4,-9,-4,-9,-5,-9,-5,-9,-6,-10,-6,-10,-6,-10,-6,-11,-7,-11,0,0,-6,-12,-6,-12,-6,-12,-5,-11,-5,-11,-5,-11,-5,-11,-5,-10,-5,-10,-5,-10,-5,-10,-5,-10,-5,-11,-5,-11,-5,-11,-4,-11,-4,-11,-4,-11,-3,-11,-3,-11,-2,-11,-1,-11,-1,-11,0,-10,1,-10,1,-9,0,0,0,0,0,0,0,0,0,0,0,0,0,0,-63,46,-59,44,-59,43,-58,44,-56,44,-52,43,-55,44,-55,46,-51,43,-49,41,-51,44,-44,41,-46,40,-39,39,-39,38,-36,39,-34,38,-31,40,-29,45,-28,41,-23,43,-16,43,-15,49,-17,51,-15,53,-17,54,-16,55,-15,58,-16,60,-17,64,-17,61,-24,67,-23,62,-20,62,-22,60,-24,57,-22,52,-23,52,-21,52,-21,54,-20,53,-17,54,-22,52,-17,57,-20,60,-18,51,-26,53,-27,55,-23,50,-29,45,-37,46,-35,44,-38,43,-38,38,-34,33,-37,31,-38,24,0,0,0,0,0,0,0,0,0,0,0,0,0,0,0,0,0,0,0,0,0,0,3,-23,3,-21,4,-24,7,-19,4,-21,8,-19,5,-20,6,-23,6,-18,4,-22,5,-18,5,-16,6,-21,7,-20,8,-26,8,-19,10,-19,13,-17,9,-16,8,-12,6,-14,6,-11,1,-8,-1,-7,-3,-7,-7,-6,-9,-5,-16,-5,-19,-6,-22,-7,-27,-10,-30,-14,-34,-19,-38,-18,-42,-22,-40,-27,-41,-29,-42,-31,-44,-37,-48,-39,-49,-39,-46,-38,-46,-41,-52,-40,-51,-43,-48,-45,-52,-50,-54,-49,-54,-54,-52,-51,-52,-57,-57,-64,-55,-62,-49,-56,-54,-62,-55,-67,-54,-64,0,0]",1
CSI_DATA,53564,1a:00:00:00:00:00,-30,11,1,0,1,1,1,0,0,0,1,-97,0,11,2,721350502,0,44,0,384,0,"[0,0,0,0,0,0,0,0,0,0,0,0,-7,11,-6,11,-6,11,-6,11,-6,11,-6,10,-6,10,-6,9,-6,9,-5,9,-5,9,-4,9,-4,9,-3,8,-3,8,-2,9,-2,8,-1,8,0,9,0,9,0,9,0,10,1,10,1,11,1,11,1,11,0,0,0,11,0,11,0,11,-1,11,-1,11,-1,11,-1,10,0,10,-1,10,0,10,0,10,0,10,0,10,0,10,-1,10,-1,10,-2,10,-2,10,-2,10,-3,9,-4,9,-4,9,-5,8,-5,8,-5,7,-5,6,0,0,0,0,0,0,0,0,0,0,0,0,0,0,74,-26,71,-23,69,-25,66,-26,66,-26,62,-26,62,-28,65,-29,62,-28,60,-26,59,-29,57,-22,53,-24,53,-24,48,-26,48,-30,46,-31,39,-31,40,-32,35,-30,35,-40,31,-41,33,-41,29,-43,33,-44,31,-48,31,-52,33,-52,35,-51,34,-59,38,-54,41,-55,40,-52,41,-49,39,-48,43,-48,39,-46,37,-44,38,-45,35,-47,33,-44,33,-47,35,-46,38,-48,40,-46,38,-48,38,-40,43,-43,41,-40,42,-38,47,-35,50,-30,43,-27,46,-21,45,-19,47,-15,44,-9,0,0,0,0,0,0,0,0,0,0,0,0,0,0,0,0,0,0,0,0,0,0,-6,24,-8,19,-10,17,-12,19,-8,19,-11,19,-12,15,-10,14,-11,15,-9,17,-13,19,-12,17,-14,16,-12,19,-14,16,-14,15,-18,17,-15,13,-13,15,-11,10,-10,8,-11,7,-6,4,0,9,-2,8,4,3,10,7,12,6,17,9,18,14,21,16,26,22,30,23,26,27,34,31,34,34,35,37,34,42,33,45,36,46,33,49,36,51,34,51,35,52,35,52,36,60,34,60,37,59,37,66,36,66,36,65,34,70,31,71,30,73,34,78,29,76,28,73,0,0]",1
CSI_DATA,53565,1a:00:00:00:00:00,-30,11,1,0,1,1,1,0,0,0,1,-97,0,11,2,721360501,0,44,0,384,0,"[0,0,0,0,0,0,0,0,0,0,0,0,-12,-6,-12,-6,-12,-6,-12,-6,-12,-6,-11,-6,-11,-6,-11,-5,-10,-5,-10,-4,-10,-4,-10,-4,-10,-3,-10,-2,-9,-2,-10,-1,-9,-1,-10,0,-9,0,-10,1,-10,1,-11,1,-11,1,-11,2,-12,2,-12,2,0,0,-13,1,-12,1,-12,1,-12,1,-11,1,-11,0,-11,0,-11,0,-11,1,-11,1,-11,2,-11,1,-11,1,-11,1,-11,1,-11,0,-11,0,-11,0,-11,-1,-11,-2,-11,-2,-10,-3,-10,-3,-9,-3,-9,-4,-8,-4,0,0,0,0,0,0,0,0,0,0,0,0,0,0,20,73,19,73,24,70,23,67,24,68,24,67,21,64,21,62,23,60,24,61,23,59,22,52,24,59,24,50,26,51,28,45,27,47,32,42,30,41,32,34,35,35,37,32,43,33,42,30,44,28,49,34,48,31,48,33,51,31,56,34,55,37,54,36,54,38,51,39,49,39,45,40,47,38,51,34,44,36,49,34,42,30,46,35,47,35,50,32,47,36,46,34,48,37,45,34,43,39,36,38,35,40,35,43,33,45,24,47,25,42,18,42,15,42,0,0,0,0,0,0,0,0,0,0,0,0,0,0,0,0,0,0,0,0,0,0,-20,-14,-17,-13,-17,-16,-17,-13,-15,-14,-15,-10,-14,-13,-16,-15,-18,-12,-16,-12,-16,-15,-16,-13,-14,-18,-17,-14,-16,-19,-13,-15,-15,-19,-11,-18,-10,-14,-12,-16,-9,-12,-9,-8,-8,-7,-4,-2,-8,-2,-8,4,-13,5,-11,8,-16,14,-14,21,-21,22,-23,25,-25,26,-36,28,-33,29,-40,28,-41,29,-45,28,-49,29,-53,28,-54,28,-50,29,-60,29,-57,27,-61,32,-59,29,-66,31,-67,33,-65,31,-70,31,-71,34,-74,35,-78,30,-72,27,-76,32,-80,27,-77,23,0,0]",1
CSI_DATA,53566,1a:00:00:00:00:00,-30,11,1,0,1,1,1,0,0,0,1,-97,0,11,2,721370505,0,44,0,384,0,"[0,0,0,0,0,0,0,0,0,0,0,0,7,-11,7,-11,7,-11,7,-11,7,-11,6,-10,6,-10,6,-10,6,-10,5,-9,5,-9,4,-9,4,-9,3,-9,2,-9,2,-9,1,-9,1,-10,0,-10,0,-10,0,-10,0,-11,-1,-11,-1,-12,-1,-12,-1,-12,0,0,0,-12,0,-12,0,-12,0,-12,0,-12,1,-12,1,-11,0,-11,0,-11,0,-11,-1,-11,-1,-11,0,-11,0,-11,0,-11,1,-11,1,-11,1,-11,2,-11,2,-10,3,-10,4,-10,4,-9,4,-9,4,-8,4,-7,0,0,0,0,0,0,0,0,0,0,0,0,0,0,-78,19,-68,19,-70,21,-67,21,-63,21,-68,26,-65,22,-70,22,-60,24,-62,21,-60,24,-56,25,-54,24,-50,23,-51,19,-50,26,-46,25,-43,27,-44,31,-35,30,-37,37,-36,35,-34,41,-28,44,-31,46,-28,49,-31,48,-32,52,-33,55,-34,53,-36,53,-39,60,-38,50,-38,55,-37,47,-37,53,-36,46,-35,48,-34,48,-33,49,-32,44,-33,46,-37,47,-33,50,-34,48,-32,46,-37,48,-34,44,-38,46,-38,39,-40,40,-42,35,-45,32,-45,28,-44,22,-44,19,-46,12,0,0,0,0,0,0,0,0,0,0,0,0,0,0,0,0,0,0,0,0,0,0,13,-18,15,-14,13,-16,16,-16,14,-13,14,-11,14,-13,15,-14,12,-16,13,-12,16,-13,15,-15,15,-15,16,-14,16,-15,16,-13,16,-12,16,-12,17,-10,14,-6,10,-9,7,-6,4,-5,4,-5,0,-7,-5,-7,-8,-7,-13,-9,-16,-15,-18,-18,-20,-20,-21,-26,-26,-27,-26,-32,-27,-36,-26,-40,-26,-43,-30,-49,-26,-48,-33,-51,-31,-56,-28,-53,-30,-60,-30,-58,-28,-60,-32,-62,-31,-65,-32,-67,-33,-71,-31,-70,-28,-74,-30,-77,-31,-77,-26,-72,-29,-78,-23,-81,-24,-77,0,0]",1
CSI_DATA,53567,1a:00:00:00:00:00,-30,11,1,0,1,1,1,0,0,0,1,-97,0,11,2,721393057,0,44,0,384,0,"[0,0,0,0,0,0,0,0,0,0,0,0,-13,5,-12,5,-12,5,-12,5,-12,5,-12,5,-12,5,-11,5,-11,4,-10,5,-10,5,-9,5,-9,5,-8,5,-7,5,-7,6,-6,6,-6,7,-6,7,-6,8,-6,8,-6,9,-6,9,-6,10,-6,10,-6,10,0,0,-7,10,-7,10,-7,9,-7,10,-7,9,-7,9,-7,8,-6,8,-6,9,-6,9,-6,9,-6,9,-6,9,-6,9,-7,9,-7,8,-7,9,-7,8,-8,8,-8,7,-8,6,-9,6,-9,5,-8,5,-9,4,-8,3,0,0,0,0,0,0,0,0,0,0,0,0,0,0,68,32,64,31,62,26,65,25,63,25,64,25,65,20,59,20,62,18,58,18,56,19,56,20,56,17,53,15,53,16,52,10,49,9,50,5,45,2,48,-2,48,-6,49,-8,50,-12,49,-12,51,-8,52,-17,55,-19,58,-20,58,-19,60,-18,62,-17,65,-16,61,-14,58,-17,62,-12,58,-11,55,-12,54,-11,54,-12,55,-14,51,-12,51,-15,54,-14,55,-17,54,-14,54,-17,55,-13,55,-12,50,-5,54,-6,57,-3,54,0,49,5,52,9,46,12,40,12,41,18,0,0,0,0,0,0,0,0,0,0,0,0,0,0,0,0,0,0,0,0,0,0,-21,6,-23,6,-22,4,-20,1,-21,4,-16,3,-18,2,-19,1,-21,3,-17,4,-22,5,-21,1,-21,4,-22,-1,-21,1,-22,1,-22,-2,-21,0,-18,-4,-15,-3,-9,0,-11,-2,-8,2,-3,4,-6,4,-4,7,2,8,2,12,4,18,4,25,0,27,2,28,0,34,2,38,-1,42,-7,48,-5,47,-7,50,-7,53,-10,58,-12,56,-11,59,-15,59,-17,62,-14,59,-10,63,-16,65,-19,67,-21,68,-24,69,-21,70,-21,75,-25,72,-25,68,-24,76,-30,66,-25,74,0,0]",1
CSI_DATA,53568,1a:00:00:00:00:00,-30,11,1,0,1,1,1,0,0,0,1,-97,0,11,2,721400509,0,44,0,384,0,"[0,0,0,0,0,0,0,0,0,0,0,0,-11,-8,-12,-8,-11,-8,-11,-8,-11,-8,-11,-8,-10,-7,-10,-7,-10,-7,-10,-6,-10,-6,-10,-5,-9,-5,-9,-4,-9,-4,-9,-3,-10,-3,-10,-2,-10,-1,-10,-1,-11,-1,-11,-1,-11,-1,-12,0,-12,-1,-12,0,0,0,-13,-1,-13,-1,-13,-2,-13,-2,-12,-2,-12,-2,-12,-2,-11,-2,-11,-1,-11,-1,-11,-1,-11,-1,-12,-1,-12,-1,-11,-2,-12,-2,-11,-3,-11,-3,-11,-4,-10,-4,-10,-5,-10,-5,-9,-5,-8,-6,-8,-6,-7,-6,0,0,0,0,0,0,0,0,0,0,0,0,0,0,16,76,11,67,15,68,17,70,19,65,18,68,18,68,19,67,17,61,18,61,21,61,18,59,21,57,19,54,17,52,20,47,24,47,25,44,28,43,31,41,31,37,35,36,38,38,42,32,41,36,47,34,46,36,51,38,50,37,50,36,51,41,53,41,51,44,49,41,46,42,45,45,43,42,43,41,46,43,41,37,45,36,43,35,43,36,47,35,43,36,42,37,40,39,39,41,37,41,36,42,32,46,27,46,25,46,22,47,20,48,15,45,11,42,0,0,0,0,0,0,0,0,0,0,0,0,0,0,0,0,0,0,0,0,0,0,-18,-12,-17,-15,-15,-16,-15,-17,-14,-15,-13,-13,-13,-15,-15,-15,-16,-16,-15,-15,-15,-15,-15,-12,-18,-15,-15,-16,-15,-18,-14,-17,-10,-15,-10,-18,-9,-17,-6,-12,-8,-12,-8,-9,-3,-6,-7,-4,-6,0,-8,1,-11,7,-12,9,-16,15,-18,17,-20,19,-27,23,-28,22,-31,22,-39,24,-41,26,-43,27,-45,28,-50,26,-52,28,-54,24,-56,26,-59,24,-62,23,-61,31,-65,25,-67,27,-69,29,-68,24,-72,28,-74,28,-78,28,-78,26,-81,25,-79,30,-79,23,-79,19,0,0]",1
CSI_DATA,53569,1a:00:00:00:00:00,-30,11,1,0,1,1,1,0,0,0,1,-97,0,11,2,721420490,0,44,0,384,0,"[0,0,0,0,0,0,0,0,0,0,0,0,11,7,11,7,11,6,11,7,10,6,10,6,10,6,9,6,9,6,9,5,9,5,9,4,8,4,8,3,9,2,9,1,9,1,9,0,9,0,9,0,10,0,10,-1,11,-1,11,-2,11,-2,12,-1,0,0,12,-1,12,-1,12,-1,12,-1,11,0,11,0,11,0,10,0,10,0,10,-1,10,-1,10,-1,10,-1,11,-1,10,-1,11,0,10,0,10,1,10,1,10,2,10,2,9,3,9,3,8,3,8,4,7,4,0,0,0,0,0,0,0,0,0,0,0,0,0,0,-12,-77,-12,-74,-14,-72,-14,-71,-17,-69,-15,-68,-15,-70,-16,-70,-19,-70,-16,-62,-13,-60,-16,-62,-18,-60,-19,-55,-20,-55,-20,-50,-23,-49,-26,-44,-24,-48,-26,-40,-30,-39,-37,-38,-37,-39,-38,-39,-36,-37,-41,-39,-49,-42,-48,-39,-50,-41,-55,-42,-51,-42,-49,-46,-49,-47,-47,-43,-44,-50,-44,-47,-41,-46,-40,-47,-40,-43,-39,-46,-42,-41,-43,-40,-41,-40,-44,-44,-38,-42,-43,-45,-39,-46,-40,-47,-33,-45,-29,-47,-27,-49,-25,-50,-23,-50,-19,-54,-19,-45,-12,-45,-6,-44,0,0,0,0,0,0,0,0,0,0,0,0,0,0,0,0,0,0,0,0,0,0,19,12,15,14,17,12,14,15,14,15,15,13,12,14,14,11,14,13,13,10,17,14,13,14,15,18,16,17,13,14,17,16,13,14,9,18,9,15,4,12,4,13,8,10,6,4,8,0,5,-1,7,-7,8,-9,10,-9,15,-16,17,-18,21,-24,24,-22,31,-24,33,-22,35,-22,43,-24,44,-26,46,-30,50,-27,52,-28,55,-24,57,-27,57,-24,63,-27,57,-22,64,-28,67,-25,69,-23,70,-25,73,-24,71,-28,74,-29,75,-20,74,-23,81,-26,77,-24,81,-18,0,0]",1
CSI_DATA,53570,1a:00:00:00:00:00,-30,11,1,0,1,1,1,0,0,0,1,-97,0,11,2,721430482,0,44,0,384,0,"[0,0,0,0,0,0,0,0,0,0,0,0,-7,11,-7,10,-7,11,-7,10,-7,11,-6,10,-6,9,-6,9,-6,9,-5,9,-5,9,-4,9,-4,8,-3,8,-3,8,-2,8,-1,8,-1,8,0,9,-1,9,0,9,0,10,0,10,1,11,1,11,1,11,0,0,0,12,0,12,0,11,0,11,0,10,-1,11,-1,10,-1,10,0,10,0,10,0,10,0,10,0,10,0,10,0,10,0,10,-1,10,-1,10,-2,10,-3,9,-3,9,-4,9,-4,9,-4,8,-5,7,-5,6,0,0,0,0,0,0,0,0,0,0,0,0,0,0,76,-18,75,-13,74,-15,68,-17,69,-19,70,-18,66,-20,66,-17,65,-21,61,-15,58,-20,60,-18,56,-22,53,-19,52,-20,50,-23,47,-24,45,-26,42,-25,42,-26,39,-33,38,-34,37,-40,39,-40,37,-42,38,-45,36,-46,38,-49,41,-52,39,-49,44,-52,48,-48,42,-47,46,-48,42,-48,47,-39,43,-40,43,-42,37,-43,40,-43,39,-42,37,-41,42,-43,36,-41,41,-40,42,-41,44,-39,45,-38,44,-32,45,-30,47,-32,47,-27,50,-25,49,-20,46,-14,43,-13,43,-7,0,0,0,0,0,0,0,0,0,0,0,0,0,0,0,0,0,0,0,0,0,0,-11,18,-16,19,-14,13,-14,14,-14,16,-14,14,-14,13,-11,14,-14,14,-15,13,-14,16,-16,15,-17,15,-17,19,-17,16,-18,15,-17,13,-17,10,-15,9,-16,7,-12,5,-12,1,-6,5,-2,6,-1,6,3,7,8,9,9,9,15,15,17,16,22,18,23,22,24,27,25,33,29,36,25,39,27,43,26,45,28,51,27,54,27,51,27,53,27,59,25,58,27,59,29,59,28,62,32,67,27,69,28,68,26,72,26,76,27,75,22,78,23,79,22,79,24,79,0,0]",1
CSI_DATA,53571,1a:00:00:00:00:00,-30,11,1,0,1,1,1,0,0,0,1,-97,0,11,2,721440481,0,44,0,384,0,"[0,0,0,0,0,0,0,0,0,0,0,0,-11,-9,-11,-8,-11,-8,-11,-8,-11,-9,-10,-8,-10,-8,-10,-8,-10,-8,-9,-7,-9,-6,-9,-6,-9,-5,-9,-5,-9,-5,-9,-4,-9,-3,-10,-3,-10,-2,-10,-2,-10,-2,-11,-2,-12,-2,-12,-1,-13,-2,-12,-2,0,0,-13,-3,-13,-3,-12,-3,-13,-3,-11,-3,-12,-3,-11,-3,-11,-3,-11,-3,-11,-3,-11,-2,-11,-2,-11,-2,-11,-3,-11,-3,-11,-3,-11,-4,-11,-4,-11,-5,-10,-5,-10,-6,-9,-6,-9,-7,-7,-6,-7,-7,-6,-7,0,0,0,0,0,0,0,0,0,0,0,0,0,0,6,81,8,71,11,71,13,73,17,71,12,68,13,65,12,70,13,65,14,64,13,60,12,59,15,57,16,54,15,53,17,52,16,48,22,45,22,45,26,44,30,41,33,41,34,40,37,37,39,38,42,38,44,42,45,42,47,44,45,43,46,45,46,53,41,48,43,44,39,47,39,48,35,42,38,47,34,42,38,45,35,40,38,40,37,43,39,42,38,45,40,43,35,48,33,48,32,45,29,47,26,51,22,48,19,49,14,50,10,47,6,48,1,45,0,0,0,0,0,0,0,0,0,0,0,0,0,0,0,0,0,0,0,0,0,0,-19,-10,-20,-11,-14,-15,-16,-16,-17,-13,-14,-15,-11,-14,-17,-15,-15,-16,-16,-15,-14,-14,-17,-16,-15,-15,-16,-18,-16,-18,-12,-18,-14,-18,-11,-19,-9,-17,-9,-15,-9,-10,-7,-8,-6,-5,-7,-4,-7,-4,-9,1,-10,6,-11,10,-14,13,-15,16,-23,19,-27,23,-27,23,-34,25,-34,25,-44,24,-44,23,-49,25,-52,23,-53,26,-55,24,-54,24,-61,23,-62,22,-60,21,-61,27,-64,25,-69,27,-70,24,-77,23,-70,24,-80,24,-83,19,-79,19,-80,22,-84,18,-81,13,0,0]",1
CSI_DATA,53572,1a:00:00:00:00:00,-30,11,1,0,1,1,1,0,0,0,1,-97,0,11,2,721460477,0,44,0,384,0,"[0,0,0,0,0,0,0,0,0,0,0,0,10,8,10,8,10,7,10,8,9,7,9,7,9,7,9,7,8,6,8,6,8,6,8,5,8,4,8,4,8,4,8,3,9,2,9,2,9,1,9,1,10,1,10,0,10,0,11,0,11,0,12,0,0,0,12,1,12,1,12,1,11,1,11,2,11,2,10,2,10,1,10,1,10,1,10,1,10,1,10,1,10,1,10,1,11,2,10,2,10,2,10,3,9,3,9,4,8,5,8,5,7,5,7,6,6,6,0,0,0,0,0,0,0,0,0,0,0,0,0,0,-31,-70,-35,-70,-40,-61,-33,-61,-34,-62,-35,-60,-36,-57,-36,-64,-37,-50,-32,-55,-30,-54,-33,-56,-33,-52,-32,-48,-31,-45,-38,-42,-37,-37,-39,-41,-41,-37,-39,-32,-36,-31,-41,-29,-47,-25,-42,-27,-45,-25,-52,-24,-53,-29,-58,-22,-57,-27,-59,-23,-58,-28,-62,-34,-51,-30,-59,-32,-57,-30,-52,-35,-50,-29,-51,-32,-51,-30,-57,-28,-49,-30,-49,-30,-50,-29,-54,-26,-53,-26,-51,-30,-51,-30,-55,-31,-45,-32,-43,-38,-44,-39,-41,-39,-35,-39,-33,-41,-35,-43,-27,-42,-16,-41,0,0,0,0,0,0,0,0,0,0,0,0,0,0,0,0,0,0,0,0,0,0,23,6,16,7,21,7,17,9,17,8,18,11,19,10,18,8,20,11,21,3,24,9,20,8,18,10,19,7,18,9,16,15,15,13,14,12,14,13,13,10,7,9,11,5,10,6,4,-2,8,-5,4,-4,4,-10,11,-11,8,-21,10,-25,14,-28,15,-29,23,-29,23,-33,28,-38,35,-39,34,-35,33,-39,41,-38,40,-40,46,-41,45,-39,51,-40,51,-41,50,-38,49,-40,52,-39,54,-49,58,-43,54,-44,62,-43,64,-48,70,-44,68,-46,71,-45,74,-45,62,-41,0,0]",1
CSI_DATA,53573,1a:00:00:00:00:00,-30,11,1,0,1,1,1,0,0,0,1,-97,0,11,2,721470504,0,44,0,384,0,"[0,0,0,0,0,0,0,0,0,0,0,0,-11,7,-11,7,-11,7,-11,7,-11,7,-10,7,-10,7,-9,6,-9,6,-9,6,-8,6,-8,6,-7,6,-7,6,-6,6,-6,7,-5,7,-5,7,-4,8,-4,8,-4,9,-4,9,-4,10,-4,10,-4,10,-4,11,0,0,-5,11,-5,11,-5,10,-5,10,-5,10,-5,9,-5,9,-5,9,-5,9,-5,9,-5,9,-5,9,-5,9,-5,9,-5,9,-6,9,-6,9,-6,8,-6,8,-7,7,-7,7,-7,6,-8,6,-8,5,-8,4,-8,3,0,0,0,0,0,0,0,0,0,0,0,0,0,0,76,12,75,8,70,2,72,6,68,5,67,6,66,1,69,-1,65,2,67,2,63,2,60,0,61,0,57,0,53,-1,56,-8,50,-9,48,-11,47,-11,47,-15,44,-20,46,-20,45,-23,47,-27,49,-28,48,-31,53,-33,51,-34,53,-37,55,-36,57,-37,58,-32,58,-31,59,-33,56,-31,56,-26,56,-26,54,-21,52,-26,50,-26,49,-27,49,-27,48,-28,50,-28,51,-29,53,-25,52,-22,56,-20,52,-22,55,-15,57,-13,55,-7,52,-6,53,-3,52,-2,47,3,44,7,0,0,0,0,0,0,0,0,0,0,0,0,0,0,0,0,0,0,0,0,0,0,-16,13,-18,13,-18,14,-16,10,-17,9,-19,10,-18,12,-18,8,-20,9,-18,11,-18,10,-17,12,-17,9,-17,9,-19,9,-18,5,-21,8,-19,5,-18,4,-14,4,-12,3,-13,5,-10,3,-5,6,-3,5,1,8,7,9,5,12,8,14,11,19,11,25,16,27,14,35,15,37,15,43,11,45,12,49,16,52,11,55,12,59,12,57,11,60,9,63,7,65,7,61,10,69,8,69,6,71,7,73,3,77,4,76,7,80,0,82,1,81,-1,82,-2,84,-5,83,0,0]",1
CSI_DATA,53574,1a:00:00:00:00:00,-30,11,1,0,1,1,1,0,0,0,1,-97,0,11,2,721480509,0,44,0,384,0,"[0,0,0,0,0,0,0,0,0,0,0,0,-8,-12,-8,-12,-7,-12,-7,-12,-7,-11,-7,-11,-7,-11,-6,-10,-6,-10,-7,-9,-7,-9,-7,-9,-7,-8,-7,-7,-7,-7,-8,-7,-8,-6,-8,-6,-9,-5,-9,-5,-9,-6,-10,-5,-10,-5,-11,-5,-11,-6,-11,-6,0,0,-11,-6,-11,-6,-11,-6,-11,-7,-11,-7,-10,-7,-10,-7,-9,-6,-10,-6,-10,-6,-10,-6,-10,-6,-10,-6,-10,-6,-10,-7,-10,-7,-9,-7,-9,-7,-9,-8,-8,-8,-7,-9,-7,-9,-6,-9,-5,-9,-5,-9,-4,-8,0,0,0,0,0,0,0,0,0,0,0,0,0,0,-16,79,-16,73,-14,74,-12,71,-13,73,-14,70,-13,66,-10,69,-8,66,-12,65,-8,61,-6,60,-6,59,-5,54,-8,58,-2,54,0,55,4,49,7,51,12,45,14,50,17,49,23,44,22,50,24,49,26,51,27,52,28,55,29,58,30,54,29,56,28,60,27,56,23,60,19,56,21,62,19,55,23,54,20,54,21,53,18,53,22,53,21,54,24,54,23,54,24,54,18,59,17,56,18,57,13,56,9,57,8,54,4,53,-1,51,-7,49,-6,46,-9,45,0,0,0,0,0,0,0,0,0,0,0,0,0,0,0,0,0,0,0,0,0,0,-9,-21,-12,-18,-10,-21,-7,-21,-8,-19,-8,-16,-10,-14,-9,-18,-8,-17,-9,-20,-8,-18,-9,-20,-9,-22,-5,-19,-6,-23,-6,-20,-4,-22,-8,-18,-6,-22,-2,-17,-2,-13,-3,-11,-4,-9,-8,-7,-6,-2,-8,-2,-11,2,-14,8,-20,10,-21,8,-26,11,-33,9,-37,14,-41,10,-46,11,-47,8,-50,4,-56,6,-58,1,-59,3,-58,2,-61,3,-64,-3,-65,-2,-69,-1,-66,-6,-70,0,-73,0,-75,-3,-75,-3,-78,-7,-77,-6,-84,-5,-79,-12,-87,-13,-87,-15,-80,-14,0,0]",1
CSI_DATA,53575,1a:00:00:00:00:00,-30,11,1,0,1,1,1,0,0,0,1,-97,0,11,2,721500491,0,44,0,384,0,"[0,0,0,0,0,0,0,0,0,0,0,0,4,12,4,11,4,11,4,11,4,11,4,11,4,10,3,10,3,10,4,9,4,9,4,8,4,8,4,7,5,7,5,6,6,6,6,6,7,6,7,5,7,6,8,6,8,6,9,5,9,6,9,6,0,0,9,7,9,7,9,7,9,7,8,7,8,7,8,7,8,6,8,6,8,6,8,6,8,6,8,6,8,6,8,6,8,6,7,7,7,7,7,7,6,7,5,8,5,8,4,8,3,8,3,8,2,7,0,0,0,0,0,0,0,0,0,0,0,0,0,0,35,-70,37,-67,36,-62,29,-64,28,-64,26,-64,26,-62,27,-63,25,-63,22,-60,24,-56,20,-59,18,-58,18,-55,18,-57,16,-51,9,-52,9,-52,6,-52,1,-51,-6,-50,-5,-50,-10,-54,-9,-53,-11,-55,-16,-56,-14,-56,-11,-59,-15,-62,-16,-66,-15,-64,-13,-66,-10,-65,-13,-66,-13,-64,-7,-64,-9,-63,-8,-60,-4,-60,-10,-58,-6,-56,-10,-58,-11,-58,-14,-57,-8,-59,-11,-58,-8,-58,-6,-60,-3,-57,-1,-57,3,-57,5,-52,10,-53,14,-51,16,-53,17,-44,18,-40,0,0,0,0,0,0,0,0,0,0,0,0,0,0,0,0,0,0,0,0,0,0,7,19,5,19,3,21,0,19,1,19,1,18,3,17,0,16,0,19,2,22,0,20,0,20,-1,24,1,20,-1,22,-2,20,0,21,-5,19,-4,16,-3,13,-2,11,-2,10,2,7,5,1,7,5,9,1,12,-3,14,-1,17,-2,27,-3,30,-6,35,-2,35,2,41,3,44,3,47,5,52,4,54,9,55,14,56,12,58,14,59,14,61,19,63,15,61,18,63,17,65,18,68,23,71,25,70,25,73,25,78,28,76,29,74,30,78,33,76,34,74,30,0,0]",1
CSI_DATA,53576,1a:00:00:00:00:00,-30,11,1,0,1,1,1,0,0,0,1,-97,0,11,2,721510493,0,44,0,384,0,"[0,0,0,0,0,0,0,0,0,0,0,0,-13,1,-13,2,-13,2,-13,2,-13,2,-13,2,-12,2,-12,2,-11,2,-10,2,-10,2,-10,2,-10,2,-9,3,-9,3,-8,4,-8,4,-8,5,-8,5,-8,6,-8,6,-8,7,-8,7,-8,7,-9,8,-9,8,0,0,-9,8,-9,7,-10,7,-9,7,-9,7,-9,6,-9,6,-8,6,-8,6,-8,6,-8,7,-8,6,-8,6,-9,7,-9,6,-9,6,-9,6,-9,5,-9,5,-10,4,-10,4,-10,3,-10,3,-9,2,-9,1,-9,0,0,0,0,0,0,0,0,0,0,0,0,0,0,0,53,45,53,52,53,44,54,42,54,41,54,39,52,38,57,41,54,39,50,34,50,36,49,33,44,30,50,30,45,29,47,26,47,22,44,16,45,17,48,13,49,10,49,6,51,3,51,2,54,1,53,-2,56,-2,60,0,62,2,66,-1,63,1,63,2,62,3,64,3,63,4,59,6,58,4,55,5,56,6,53,5,53,4,57,0,53,5,57,1,56,1,57,3,57,9,56,9,53,12,51,12,53,13,51,19,45,19,43,23,40,24,36,28,32,26,0,0,0,0,0,0,0,0,0,0,0,0,0,0,0,0,0,0,0,0,0,0,-22,0,-22,-1,-20,-3,-19,-2,-19,-4,-21,-2,-17,0,-24,-2,-20,-2,-17,-2,-18,-3,-22,-4,-18,-3,-20,-4,-24,-4,-21,-3,-22,-7,-17,-6,-16,-6,-14,-4,-13,-4,-11,-2,-9,-3,-5,-1,-7,2,-2,5,-6,10,-3,15,-2,17,-3,24,-2,25,-5,31,-6,35,-7,37,-11,43,-13,43,-19,44,-23,47,-22,49,-25,49,-24,50,-26,55,-31,52,-29,54,-27,58,-31,52,-32,56,-32,62,-34,60,-37,61,-42,65,-42,66,-42,64,-44,61,-49,65,-49,65,-47,61,0,0]",1
CSI_DATA,53577,1a:00:00:00:00:00,-30,11,1,0,1,1,1,0,0,0,1,-97,0,11,2,721530494,0,44,0,384,0,"[0,0,0,0,0,0,0,0,0,0,0,0,12,2,12,2,12,1,12,2,12,2,12,1,11,1,10,1,10,1,10,1,10,0,10,0,9,0,9,-1,8,-1,8,-2,8,-2,8,-3,8,-4,8,-4,9,-4,9,-4,9,-5,9,-6,10,-6,10,-6,0,0,11,-5,10,-5,11,-5,11,-4,10,-4,10,-4,10,-4,9,-4,9,-4,9,-4,9,-4,9,-4,9,-4,10,-4,10,-4,10,-4,10,-3,10,-3,10,-2,10,-2,10,-1,9,0,9,0,9,1,8,1,7,2,0,0,0,0,0,0,0,0,0,0,0,0,0,0,-46,-63,-45,-56,-47,-54,-46,-56,-47,-52,-50,-52,-48,-47,-47,-54,-47,-48,-46,-47,-44,-47,-48,-46,-46,-44,-42,-39,-42,-38,-43,-34,-43,-31,-45,-27,-42,-30,-44,-24,-47,-21,-48,-18,-49,-16,-52,-16,-51,-15,-58,-14,-60,-10,-61,-12,-62,-13,-65,-11,-66,-16,-69,-19,-61,-17,-63,-18,-63,-21,-59,-23,-56,-18,-58,-22,-52,-21,-57,-21,-58,-16,-55,-18,-54,-21,-57,-15,-55,-20,-54,-18,-52,-21,-56,-23,-53,-26,-50,-28,-50,-31,-42,-33,-43,-33,-38,-38,-38,-33,-35,-35,-25,-37,0,0,0,0,0,0,0,0,0,0,0,0,0,0,0,0,0,0,0,0,0,0,20,-1,21,3,21,4,18,8,18,6,17,7,22,3,19,4,22,7,17,5,20,6,21,3,20,5,20,3,24,8,18,8,20,7,19,7,18,6,12,8,14,6,11,3,7,1,8,0,5,-8,8,-4,1,-11,5,-16,6,-21,7,-28,7,-28,9,-33,12,-33,18,-39,23,-43,24,-45,22,-44,31,-49,29,-47,30,-49,35,-49,34,-50,37,-49,41,-51,40,-54,45,-53,42,-53,47,-55,50,-59,49,-60,51,-58,53,-64,54,-56,53,-55,59,-58,62,-55,59,-53,0,0]",1
CSI_DATA,53578,1a:00:00:00:00:00,-30,11,1,0,1,1,1,0,0,0,1,-97,0,11,2,721540494,0,44,0,384,0,"[0,0,0,0,0,0,0,0,0,0,0,0,-6,11,-5,11,-5,11,-5,11,-5,11,-5,11,-5,10,-5,10,-5,10,-4,9,-4,9,-3,9,-3,9,-2,9,-2,8,-1,8,-1,8,0,9,0,9,1,9,1,9,1,10,1,10,2,11,2,11,2,11,0,0,1,11,1,11,1,11,1,11,0,11,0,11,0,10,0,10,0,10,0,10,1,10,1,10,1,10,1,10,0,10,0,10,0,10,-1,10,-1,10,-2,10,-3,9,-3,9,-4,9,-4,8,-5,7,-5,6,0,0,0,0,0,0,0,0,0,0,0,0,0,0,68,-36,62,-30,64,-33,61,-32,59,-36,63,-36,54,-34,62,-37,59,-34,59,-34,56,-35,55,-30,52,-33,49,-33,44,-32,40,-35,38,-36,37,-37,33,-38,28,-37,29,-43,27,-39,25,-49,23,-48,26,-48,26,-49,24,-53,25,-61,26,-56,25,-61,29,-59,31,-63,31,-56,31,-61,33,-53,34,-58,33,-51,29,-50,31,-50,28,-52,23,-47,25,-53,24,-54,27,-53,27,-54,27,-50,33,-53,34,-48,36,-47,33,-46,39,-44,40,-38,39,-37,38,-30,39,-30,38,-23,40,-22,0,0,0,0,0,0,0,0,0,0,0,0,0,0,0,0,0,0,0,0,0,0,-8,18,-10,21,-7,20,-12,19,-12,16,-12,15,-12,13,-9,16,-9,15,-12,18,-12,16,-12,18,-14,19,-13,21,-14,17,-15,16,-14,16,-18,15,-15,12,-9,9,-8,9,-11,8,-4,7,-5,6,0,7,8,7,9,4,12,5,14,14,19,14,23,13,29,19,31,21,32,25,33,29,36,33,35,33,38,39,35,41,38,44,39,49,35,44,39,50,36,49,39,53,42,50,44,57,41,60,41,62,40,60,45,64,45,64,42,70,37,69,42,73,39,75,41,70,0,0]",1
CSI_DATA,53579,1a:00:00:00:00:00,-30,11,1,0,1,1,1,0,0,0,1,-97,0,11,2,721550488,0,44,0,384,0,"[0,0,0,0,0,0,0,0,0,0,0,0,-13,-7,-13,-6,-12,-6,-12,-6,-12,-6,-12,-6,-11,-6,-11,-6,-11,-6,-10,-5,-10,-5,-10,-4,-10,-4,-10,-3,-10,-3,-10,-2,-10,-1,-10,-1,-10,0,-10,0,-11,0,-11,1,-11,0,-12,1,-12,1,-12,1,0,0,-13,0,-13,0,-13,0,-13,0,-12,-1,-12,-1,-12,-1,-11,-1,-11,0,-11,0,-11,0,-11,0,-11,0,-11,-1,-11,-1,-12,-1,-12,-2,-11,-2,-11,-2,-11,-3,-11,-4,-10,-4,-10,-5,-8,-5,-8,-6,-7,-6,0,0,0,0,0,0,0,0,0,0,0,0,0,0,29,75,24,68,28,64,27,66,28,64,29,63,27,64,24,62,28,59,30,58,25,54,24,55,26,52,26,50,29,47,28,43,30,41,34,41,30,36,35,36,40,34,38,29,41,31,43,29,45,31,47,29,50,30,55,30,55,32,56,32,58,33,56,37,53,39,54,38,54,38,45,37,46,36,49,37,48,39,46,33,47,31,46,29,48,33,50,30,47,33,48,30,45,37,44,37,42,40,38,39,38,42,33,40,29,43,25,43,25,43,15,45,15,42,0,0,0,0,0,0,0,0,0,0,0,0,0,0,0,0,0,0,0,0,0,0,-22,-9,-19,-8,-20,-11,-18,-13,-13,-14,-18,-11,-19,-13,-18,-8,-18,-12,-19,-14,-17,-11,-18,-11,-16,-13,-19,-17,-15,-15,-16,-16,-14,-14,-14,-14,-11,-12,-9,-13,-8,-13,-9,-9,-5,-5,-8,-4,-9,0,-5,3,-8,9,-11,12,-14,17,-13,19,-16,23,-23,25,-24,29,-28,29,-33,30,-38,30,-41,33,-44,33,-47,35,-49,37,-51,34,-53,32,-54,31,-51,35,-55,35,-63,34,-60,34,-63,32,-66,34,-68,36,-65,39,-70,39,-76,36,-71,33,-76,35,-80,32,-74,30,0,0]",1
CSI_DATA,53580,1a:00:00:00:00:00,-30,11,1,0,1,1,1,0,0,0,1,-97,0,11,2,721570494,0,44,0,384,0,"[0,0,0,0,0,0,0,0,0,0,0,0,7,11,8,10,8,10,7,10,7,10,7,10,7,9,7,9,6,9,6,8,7,8,7,7,7,7,7,6,7,6,8,5,8,4,8,4,8,4,9,3,9,3,10,3,10,3,11,3,11,3,11,3,0,0,11,4,11,4,11,4,11,5,10,5,10,5,10,4,10,4,10,4,10,4,10,4,10,4,10,4,10,4,10,4,10,4,9,5,9,5,9,5,8,6,8,7,7,7,7,7,6,7,5,7,4,7,0,0,0,0,0,0,0,0,0,0,0,0,0,0,7,-74,10,-74,3,-76,5,-71,1,-71,2,-66,4,-71,4,-72,4,-68,1,-67,-1,-65,-2,-62,-5,-61,-3,-59,-3,-57,-4,-54,-8,-54,-10,-54,-12,-52,-17,-46,-20,-46,-21,-48,-27,-45,-30,-43,-32,-47,-33,-49,-35,-51,-38,-54,-38,-54,-37,-58,-34,-58,-35,-60,-32,-56,-35,-60,-32,-55,-29,-56,-30,-53,-27,-52,-29,-53,-29,-53,-27,-47,-31,-52,-31,-49,-31,-54,-29,-51,-31,-54,-24,-54,-23,-58,-20,-51,-18,-56,-16,-52,-11,-54,-10,-53,-6,-50,-2,-48,2,-46,5,-48,0,0,0,0,0,0,0,0,0,0,0,0,0,0,0,0,0,0,0,0,0,0,11,17,13,21,10,20,8,22,10,19,7,18,7,17,7,16,9,17,5,18,7,15,7,18,9,18,8,18,7,20,8,17,7,18,4,15,2,18,-1,16,0,15,3,11,3,9,4,5,7,1,9,-1,10,-6,11,-8,16,-9,23,-14,26,-14,32,-15,35,-14,40,-14,42,-15,45,-13,48,-10,54,-9,53,-7,58,-8,62,-9,61,-8,62,-8,67,-10,63,-5,61,-9,66,-10,74,-8,72,-5,75,-1,77,-3,79,-3,81,1,80,0,80,5,83,3,82,8,0,0]",1
CSI_DATA,53581,1a:00:00:00:00:00,-30,11,1,0,1,1,1,0,0,0,1,-97,0,11,2,721580487,0,44,0,384,0,"[0,0,0,0,0,0,0,0,0,0,0,0,-12,6,-11,6,-11,6,-11,6,-11,6,-11,6,-11,5,-10,5,-10,5,-9,5,-9,6,-8,6,-8,6,-7,6,-7,6,-6,7,-6,6,-5,7,-5,8,-5,8,-5,8,-5,9,-5,9,-5,10,-5,10,-5,10,0,0,-6,10,-6,10,-6,10,-6,10,-6,9,-6,9,-6,9,-6,8,-6,9,-5,9,-5,9,-5,9,-5,9,-5,9,-6,9,-6,8,-6,9,-7,8,-7,8,-7,7,-8,7,-8,6,-8,5,-8,5,-8,4,-8,3,0,0,0,0,0,0,0,0,0,0,0,0,0,0,74,27,72,23,66,15,66,18,71,14,65,17,65,14,65,10,68,12,63,8,60,18,60,12,62,8,57,6,55,4,55,3,53,0,50,-4,48,-2,47,-10,49,-13,48,-14,48,-16,49,-18,50,-21,51,-25,55,-25,54,-28,57,-29,59,-30,58,-26,63,-28,60,-24,59,-26,62,-25,60,-19,57,-15,55,-17,54,-19,52,-20,52,-22,51,-22,55,-23,55,-28,57,-22,56,-23,53,-17,59,-21,51,-12,54,-9,57,-6,53,-4,54,-2,52,1,47,3,48,8,44,10,0,0,0,0,0,0,0,0,0,0,0,0,0,0,0,0,0,0,0,0,0,0,-23,6,-23,8,-23,9,-21,5,-24,0,-18,3,-19,2,-18,5,-20,2,-20,6,-19,6,-20,6,-19,6,-20,3,-20,4,-24,-1,-21,2,-22,-2,-20,1,-17,-1,-12,-3,-13,-2,-10,2,-7,7,-4,5,-3,9,1,10,3,14,4,18,6,24,10,27,6,31,7,37,4,41,2,46,0,45,-2,49,0,53,-2,57,-4,58,-2,59,-2,58,-8,60,-7,66,-10,64,-10,65,-11,69,-12,69,-14,75,-13,74,-12,73,-13,78,-14,77,-16,76,-16,77,-19,79,-24,74,0,0]",1
CSI_DATA,53582,1a:00:00:00:00:00,-30,11,1,0,1,1,1,0,0,0,1,-97,0,11,2,721590491,0,44,0,384,0,"[0,0,0,0,0,0,0,0,0,0,0,0,-4,-13,-4,-13,-5,-12,-4,-13,-4,-12,-4,-12,-4,-12,-4,-11,-4,-11,-4,-10,-4,-10,-5,-10,-5,-9,-5,-9,-5,-8,-6,-8,-6,-8,-7,-7,-7,-7,-8,-7,-8,-7,-8,-7,-9,-7,-9,-7,-10,-8,-10,-8,0,0,-9,-9,-9,-9,-9,-8,-9,-9,-9,-9,-8,-9,-8,-8,-8,-8,-8,-8,-8,-7,-8,-7,-8,-8,-8,-8,-8,-8,-8,-8,-8,-8,-8,-8,-7,-9,-7,-9,-6,-9,-5,-10,-5,-10,-4,-9,-3,-9,-3,-9,-2,-8,0,0,0,0,0,0,0,0,0,0,0,0,0,0,-39,64,-39,62,-32,62,-33,63,-31,63,-31,60,-32,61,-33,67,-35,63,-28,60,-31,58,-27,56,-22,53,-25,51,-23,53,-18,49,-18,53,-10,52,-9,49,-7,49,-2,50,1,50,3,53,4,54,4,53,4,57,9,57,8,63,10,62,8,65,8,62,7,66,4,67,4,65,4,65,3,60,1,62,-1,61,2,59,3,59,4,54,5,56,6,56,8,59,5,62,4,59,3,59,0,59,-3,54,-6,56,-7,56,-11,51,-14,53,-18,48,-18,47,-20,39,-23,37,0,0,0,0,0,0,0,0,0,0,0,0,0,0,0,0,0,0,0,0,0,0,-8,-22,-3,-22,-3,-23,0,-19,-1,-20,0,-18,-2,-16,0,-19,-1,-19,2,-21,-3,-18,-1,-21,0,-22,3,-22,3,-22,3,-23,1,-21,5,-19,3,-15,1,-16,4,-13,1,-10,2,-11,-1,-7,-6,-7,-10,-4,-12,-1,-16,-1,-19,-1,-26,1,-30,1,-34,-3,-37,-5,-43,-6,-48,-10,-48,-10,-52,-10,-52,-14,-56,-18,-57,-19,-57,-22,-57,-18,-56,-25,-62,-25,-63,-25,-60,-25,-64,-25,-66,-25,-71,-32,-67,-29,-69,-34,-74,-31,-73,-36,-69,-38,-74,-35,-73,-41,-74,-41,0,0]",1
CSI_DATA,53583,1a:00:00:00:00:00,-30,11,1,0,1,1,1,0,0,0,1,-97,0,11,2,721610489,0,44,0,384,0,"[0,0,0,0,0,0,0,0,0,0,0,0,1,13,1,13,2,13,1,13,2,13,1,12,1,12,1,12,1,11,2,10,2,10,2,10,2,9,3,9,3,9,4,8,4,8,5,7,6,7,6,7,6,7,7,8,7,8,8,8,8,8,8,8,0,0,8,9,8,9,8,9,8,9,7,9,7,9,6,9,6,8,7,8,7,8,7,8,7,8,7,8,7,8,7,8,7,8,6,9,6,9,5,9,5,9,4,10,3,9,3,9,2,9,1,9,1,8,0,0,0,0,0,0,0,0,0,0,0,0,0,0,54,-58,49,-51,48,-53,47,-56,46,-55,44,-57,40,-54,43,-57,41,-52,38,-50,39,-52,39,-49,35,-53,32,-52,28,-47,26,-48,26,-49,20,-49,19,-48,15,-48,14,-50,11,-52,5,-53,8,-54,9,-55,5,-56,7,-60,1,-61,5,-63,3,-66,5,-66,10,-67,7,-67,11,-65,11,-64,10,-61,11,-57,13,-59,12,-56,11,-59,6,-53,9,-54,8,-58,6,-60,8,-56,8,-57,12,-58,15,-58,17,-52,17,-51,23,-52,23,-47,24,-50,28,-44,26,-40,31,-36,32,-32,0,0,0,0,0,0,0,0,0,0,0,0,0,0,0,0,0,0,0,0,0,0,0,21,-1,24,-2,20,-4,20,-4,18,-4,18,-3,19,-4,18,-4,20,-3,22,-5,16,-4,21,-3,22,-4,22,-6,20,-8,21,-6,16,-5,15,-9,15,-9,14,-6,11,-3,8,0,7,2,3,2,5,7,3,10,1,15,-1,21,2,24,2,29,2,31,7,33,8,39,12,41,16,43,22,47,21,49,25,49,26,53,24,52,27,54,29,52,31,56,33,55,33,55,38,56,38,60,39,61,40,60,43,61,46,67,45,64,50,59,49,65,50,59,55,63,48,0,0]",1
CSI_DATA,53584,1a:00:00:00:00:00,-30,11,1,0,1,1,1,0,0,0,1,-97,0,11,2,721620488,0,44,0,384,0,"[0,0,0,0,0,0,0,0,0,0,0,0,-13,2,-14,2,-13,2,-14,2,-13,2,-13,2,-12,2,-12,2,-12,1,-11,2,-11,2,-10,3,-10,3,-9,3,-9,4,-8,4,-8,5,-8,5,-8,6,-8,6,-8,6,-8,7,-8,7,-8,8,-9,8,-9,8,0,0,-10,8,-9,8,-10,8,-9,7,-10,7,-9,7,-9,6,-9,6,-9,7,-8,7,-8,7,-8,7,-8,7,-9,7,-9,6,-9,7,-9,6,-9,6,-10,5,-10,4,-10,4,-10,3,-10,3,-9,2,-9,1,-9,1,0,0,0,0,0,0,0,0,0,0,0,0,0,0,56,55,49,51,53,47,51,49,52,44,56,43,52,42,54,44,52,39,54,38,48,40,48,35,51,35,44,31,46,31,48,27,52,26,46,21,46,20,47,13,52,13,46,8,52,7,53,8,53,5,56,2,58,2,60,2,63,1,67,3,64,1,69,9,65,11,67,8,62,7,63,8,57,11,56,11,57,8,55,7,54,2,57,4,56,3,58,2,58,7,59,6,58,9,56,12,56,11,51,16,50,19,49,22,48,24,45,28,41,26,41,28,31,29,0,0,0,0,0,0,0,0,0,0,0,0,0,0,0,0,0,0,0,0,0,0,-22,-1,-20,-1,-19,-3,-21,-7,-20,-7,-21,-2,-20,-4,-18,-5,-23,-5,-16,-4,-20,-6,-21,-4,-23,-3,-20,-4,-22,-7,-20,-7,-19,-7,-20,-8,-16,-7,-16,-11,-13,-7,-12,-6,-10,-4,-6,1,-9,5,-5,8,-4,12,-5,12,-3,18,-5,23,-3,25,-9,33,-12,34,-15,39,-19,43,-21,43,-21,43,-22,46,-27,50,-28,50,-30,55,-32,50,-37,53,-35,54,-36,53,-36,56,-37,57,-42,60,-42,63,-46,62,-44,61,-47,66,-47,69,-49,61,-51,64,-54,60,-51,55,0,0]",1
CSI_DATA,53585,1a:00:00:00:00:00,-30,11,1,0,1,1,1,0,0,0,1,-97,0,11,2,721630496,0,44,0,384,0,"[0,0,0,0,0,0,0,0,0,0,0,0,-1,-14,-1,-14,-1,-14,-1,-14,-1,-14,-1,-14,-1,-13,-1,-12,-1,-12,-1,-12,-1,-12,-2,-11,-2,-11,-3,-10,-3,-10,-4,-10,-4,-9,-5,-9,-6,-9,-6,-9,-6,-9,-7,-9,-7,-10,-8,-10,-8,-10,-8,-10,0,0,-8,-11,-8,-11,-7,-11,-7,-11,-7,-11,-6,-11,-6,-11,-6,-10,-6,-10,-6,-10,-7,-10,-7,-10,-7,-10,-7,-10,-6,-10,-6,-10,-6,-11,-5,-11,-5,-11,-4,-11,-3,-11,-3,-11,-2,-11,-1,-10,-1,-10,0,-9,0,0,0,0,0,0,0,0,0,0,0,0,0,0,-42,64,-46,56,-39,65,-38,63,-40,59,-33,62,-36,57,-32,61,-36,59,-33,60,-31,56,-30,57,-29,54,-25,50,-29,50,-24,50,-19,48,-13,49,-16,47,-7,49,-6,51,-4,51,1,50,8,50,5,53,6,55,5,54,7,57,10,68,5,60,2,62,-1,66,2,63,-1,67,-2,63,-5,60,-1,59,0,61,0,54,3,60,-1,57,1,55,-3,56,1,60,7,58,0,56,-9,61,-6,59,-3,54,-10,55,-6,60,-13,54,-15,50,-20,44,-21,47,-23,40,-26,36,0,0,0,0,0,0,0,0,0,0,0,0,0,0,0,0,0,0,0,0,0,0,-7,-21,-4,-23,-2,-22,1,-22,0,-17,3,-18,1,-19,-3,-20,0,-24,0,-23,1,-18,-1,-20,1,-24,2,-21,1,-24,2,-18,4,-23,3,-22,5,-17,6,-12,3,-17,3,-11,1,-9,-3,-6,-1,-3,-8,-2,-17,-3,-13,-1,-22,-5,-25,0,-27,-2,-33,-1,-35,-3,-42,-5,-45,-9,-44,-13,-45,-11,-53,-19,-53,-21,-57,-21,-58,-19,-55,-18,-58,-27,-57,-28,-56,-25,-65,-24,-64,-24,-64,-29,-68,-27,-65,-33,-62,-36,-75,-36,-73,-46,-67,-38,-66,-41,-66,-41,-66,-41,0,0]",1
CSI_DATA,53586,1a:00:00:00:00:00,-30,11,1,0,1,1,1,0,0,0,1,-97,0,11,2,721650489,0,44,0,384,0,"[0,0,0,0,0,0,0,0,0,0,0,0,0,13,0,13,1,13,0,13,0,13,0,12,0,12,0,11,0,11,0,11,1,10,1,10,1,10,2,9,2,9,3,9,3,8,4,8,5,8,5,8,5,8,6,9,6,9,7,9,7,10,7,9,0,0,7,10,7,10,6,10,6,10,5,10,5,10,5,9,5,9,5,9,5,9,6,9,6,9,6,9,5,9,5,9,5,9,5,10,4,9,3,10,3,10,2,10,1,10,1,10,0,9,0,9,-1,8,0,0,0,0,0,0,0,0,0,0,0,0,0,0,45,-61,39,-61,38,-60,37,-62,39,-61,37,-59,35,-58,36,-60,38,-60,34,-53,31,-55,29,-53,28,-54,27,-52,27,-49,24,-49,21,-52,16,-51,16,-51,8,-47,4,-51,3,-51,3,-53,-1,-56,0,-59,-3,-59,-3,-59,-4,-64,-5,-63,-4,-66,0,-67,1,-70,2,-64,-2,-65,5,-64,5,-63,1,-59,6,-59,4,-56,0,-59,2,-60,-1,-57,0,-60,0,-57,0,-59,3,-58,8,-60,5,-57,10,-55,12,-53,13,-54,17,-52,20,-50,24,-46,23,-43,26,-38,28,-36,0,0,0,0,0,0,0,0,0,0,0,0,0,0,0,0,0,0,0,0,0,0,3,21,2,24,0,23,0,22,-1,19,-2,19,1,21,-1,18,-3,15,-1,17,-1,20,-3,17,2,20,-2,21,-3,20,-3,19,-5,16,-6,18,-5,17,-4,17,-7,12,-1,9,0,9,0,8,3,4,8,2,8,-2,14,-2,18,0,27,0,27,0,34,2,35,3,41,3,44,6,47,10,49,15,48,14,52,19,54,15,57,24,58,20,59,26,60,22,59,28,64,26,66,28,64,32,68,32,67,34,64,34,70,38,70,40,65,39,70,42,68,42,67,46,0,0]",1
CSI_DATA,53587,1a:00:00:00:00:00,-30,11,1,0,1,1,1,0,0,0,1,-97,0,11,2,721660511,0,44,0,384,0,"[0,0,0,0,0,0,0,0,0,0,0,0,-13,-3,-13,-2,-13,-2,-13,-2,-13,-3,-13,-2,-12,-3,-12,-2,-11,-2,-11,-2,-11,-1,-10,-1,-10,-1,-10,0,-9,0,-9,1,-9,1,-9,2,-9,3,-10,3,-10,3,-10,4,-10,4,-10,5,-11,5,-11,5,0,0,-11,4,-11,4,-11,4,-11,4,-11,3,-11,3,-11,3,-10,3,-10,4,-10,4,-10,4,-10,4,-10,4,-10,4,-10,4,-10,3,-10,3,-11,3,-11,2,-10,2,-11,1,-10,0,-10,0,-10,-1,-9,-1,-8,-2,0,0,0,0,0,0,0,0,0,0,0,0,0,0,42,58,40,61,43,58,38,53,41,55,40,52,42,52,43,52,41,53,41,48,40,47,42,48,41,47,44,42,39,43,40,37,41,37,41,29,41,32,41,26,46,22,48,23,46,17,50,18,53,14,55,14,60,15,59,15,62,17,62,16,64,20,67,23,63,24,62,21,60,21,56,24,55,20,55,19,54,15,55,19,52,15,53,17,53,16,56,13,56,15,57,15,54,20,55,23,50,24,52,22,47,26,45,28,46,29,40,33,37,33,33,33,27,35,0,0,0,0,0,0,0,0,0,0,0,0,0,0,0,0,0,0,0,0,0,0,-25,-7,-20,-10,-19,-11,-19,-14,-17,-11,-17,-10,-18,-10,-18,-12,-19,-9,-17,-9,-17,-9,-21,-11,-18,-10,-19,-14,-17,-10,-15,-16,-18,-12,-16,-14,-11,-14,-12,-9,-11,-8,-7,-9,-6,-6,-5,-2,-9,2,-7,3,-6,8,-7,12,-6,18,-9,23,-12,25,-17,30,-21,30,-23,34,-28,36,-31,36,-36,39,-38,39,-39,38,-43,43,-45,43,-43,41,-49,40,-47,44,-47,41,-51,45,-52,46,-49,48,-55,46,-56,49,-63,48,-60,51,-66,46,-63,45,-66,48,-66,43,-63,44,0,0]",1
CSI_DATA,53588,1a:00:00:00:00:00,-30,11,1,0,1,1,1,0,0,0,1,-97,0,11,2,721670502,0,44,0,384,0,"[0,0,0,0,0,0,0,0,0,0,0,0,2,-14,2,-13,2,-13,2,-13,2,-13,2,-13,2,-12,2,-12,2,-12,1,-11,1,-11,0,-11,0,-10,-1,-10,-1,-10,-1,-10,-2,-9,-3,-10,-3,-10,-3,-10,-4,-10,-4,-11,-4,-11,-5,-11,-5,-12,-5,-12,0,0,-4,-12,-4,-13,-4,-12,-3,-12,-3,-12,-3,-12,-3,-11,-3,-11,-3,-11,-3,-11,-4,-11,-4,-11,-4,-11,-4,-11,-3,-11,-3,-11,-3,-11,-2,-11,-1,-11,-1,-11,0,-11,1,-11,1,-10,1,-10,2,-9,2,-8,0,0,0,0,0,0,0,0,0,0,0,0,0,0,-68,32,-65,29,-67,32,-61,32,-62,32,-60,36,-58,35,-64,38,-56,36,-59,32,-57,30,-53,30,-52,32,-47,31,-46,32,-45,32,-41,34,-36,36,-38,36,-30,40,-34,41,-29,42,-28,44,-28,48,-29,48,-25,55,-25,52,-23,52,-29,57,-28,60,-32,60,-34,61,-31,53,-32,58,-33,56,-36,55,-34,50,-32,44,-30,49,-31,49,-31,44,-28,47,-28,48,-26,51,-30,51,-28,48,-36,50,-32,46,-34,43,-37,41,-40,42,-39,35,-42,33,-42,30,-43,26,-42,24,-42,16,0,0,0,0,0,0,0,0,0,0,0,0,0,0,0,0,0,0,0,0,0,0,9,-22,10,-21,9,-21,11,-18,7,-18,11,-20,10,-18,7,-19,10,-17,6,-18,10,-17,9,-17,11,-21,12,-20,13,-18,10,-18,13,-18,11,-13,9,-16,14,-10,12,-11,7,-8,7,-9,2,-7,-3,-6,-4,-8,-11,-7,-13,-7,-17,-11,-24,-11,-25,-12,-29,-21,-29,-20,-31,-27,-35,-31,-36,-36,-35,-37,-36,-37,-40,-46,-39,-41,-39,-47,-37,-44,-39,-53,-37,-53,-37,-53,-39,-52,-41,-55,-38,-58,-45,-62,-39,-62,-42,-64,-44,-66,-42,-72,-37,-69,-43,-70,-40,-76,-39,-69,0,0]",1
CSI_DATA,53589,1a:00:00:00:00:00,-30,11,1,0,1,1,1,0,0,0,1,-97,0,11,2,721690482,0,44,0,384,0,"[0,0,0,0,0,0,0,0,0,0,0,0,-1,13,-1,13,-1,13,-1,13,-1,12,-1,12,-1,11,-2,11,-1,11,-1,11,-1,10,0,10,0,9,1,9,1,9,2,8,2,8,3,8,4,8,4,8,4,9,5,9,5,9,6,9,6,10,6,10,0,0,5,11,5,11,5,10,5,11,4,10,4,10,4,10,4,9,4,9,4,9,5,9,5,9,5,9,4,9,4,9,4,9,4,10,3,9,2,10,2,10,1,10,1,10,0,10,0,9,-1,9,-2,8,0,0,0,0,0,0,0,0,0,0,0,0,0,0,53,-54,51,-50,49,-54,43,-55,40,-55,46,-56,42,-52,43,-54,40,-53,43,-53,38,-52,39,-49,36,-48,32,-43,38,-44,28,-45,27,-49,24,-49,22,-48,16,-47,13,-52,11,-48,8,-56,6,-51,8,-55,5,-56,6,-59,3,-65,6,-65,3,-67,5,-64,8,-69,10,-62,9,-66,12,-61,13,-63,12,-59,9,-59,11,-57,8,-56,7,-55,7,-57,9,-55,6,-55,8,-61,6,-58,12,-57,12,-57,16,-58,16,-54,17,-51,24,-49,22,-46,27,-42,27,-44,29,-35,33,-34,0,0,0,0,0,0,0,0,0,0,0,0,0,0,0,0,0,0,0,0,0,0,0,22,-4,21,-3,23,-7,20,-1,17,-3,21,-4,19,-7,16,-6,21,-3,18,-5,20,-2,18,-7,20,-7,21,-8,23,-7,19,-7,18,-7,16,-9,16,-8,18,-9,13,-6,11,-3,7,-1,5,4,5,7,5,8,4,15,5,17,3,26,3,27,4,34,7,34,9,37,15,38,18,43,20,45,23,45,26,48,29,47,30,51,31,50,33,53,38,48,36,58,34,50,36,58,36,59,41,58,42,57,48,60,47,61,44,61,52,60,48,61,48,61,54,60,55,0,0]",1
CSI_DATA,53590,1a:00:00:00:00:00,-30,11,1,0,1,1,1,0,0,0,1,-97,0,11,2,721700495,0,44,0,384,0,"[0,0,0,0,0,0,0,0,0,0,0,0,-14,-4,-14,-4,-14,-4,-14,-4,-13,-4,-13,-4,-13,-3,-12,-3,-12,-3,-11,-3,-11,-3,-11,-2,-11,-2,-10,-1,-10,-1,-10,0,-10,1,-10,1,-10,2,-10,2,-10,3,-11,3,-11,3,-12,4,-12,4,-12,4,0,0,-13,3,-12,3,-12,3,-12,3,-12,2,-12,2,-11,2,-11,2,-11,2,-11,3,-11,3,-11,3,-11,3,-11,2,-11,2,-11,2,-12,2,-12,1,-12,1,-11,0,-11,-1,-11,-1,-11,-2,-10,-2,-9,-3,-9,-3,0,0,0,0,0,0,0,0,0,0,0,0,0,0,43,59,39,59,42,57,45,55,43,57,39,56,44,53,45,54,40,51,41,51,36,49,35,50,38,47,38,41,39,43,38,39,40,40,39,32,39,32,40,28,44,25,45,24,46,19,46,19,49,20,53,19,57,20,62,19,60,23,60,17,59,22,60,26,58,29,58,26,57,23,57,29,51,29,51,27,53,25,49,20,50,23,55,25,54,24,53,19,52,25,52,23,50,27,52,32,47,31,45,30,44,31,40,35,38,39,36,39,30,38,24,35,21,40,0,0,0,0,0,0,0,0,0,0,0,0,0,0,0,0,0,0,0,0,0,0,-26,-2,-20,-6,-21,-7,-23,-7,-19,-9,-19,-6,-20,-7,-22,-7,-18,-6,-18,-6,-21,-9,-17,-6,-22,-6,-19,-6,-21,-6,-21,-9,-19,-12,-18,-13,-16,-10,-12,-10,-10,-11,-11,-6,-11,-4,-7,-2,-9,0,-6,7,-6,12,-5,15,-6,17,-9,22,-10,29,-12,31,-17,33,-17,35,-21,40,-28,42,-31,40,-33,43,-35,45,-38,44,-39,44,-41,43,-46,45,-46,47,-46,46,-43,51,-48,50,-52,49,-53,47,-54,54,-57,51,-60,53,-65,49,-64,47,-65,53,-65,49,-64,46,0,0]",1
CSI_DATA,53591,1a:00:00:00:00:00,-30,11,1,0,1,1,1,0,0,0,1,-97,0,11,2,721710494,0,44,0,384,0,"[0,0,0,0,0,0,0,0,0,0,0,0,4,-13,4,-13,4,-13,4,-13,4,-13,4,-12,4,-12,4,-12,4,-11,3,-11,3,-11,2,-11,2,-10,1,-10,1,-10,0,-10,-1,-10,-1,-10,-2,-10,-2,-11,-2,-11,-3,-11,-3,-12,-3,-12,-3,-12,-3,-13,0,0,-2,-13,-3,-13,-2,-13,-2,-13,-2,-13,-2,-12,-2,-12,-2,-11,-2,-11,-2,-11,-2,-11,-2,-11,-2,-11,-2,-11,-2,-12,-2,-12,-1,-12,-1,-12,0,-11,0,-11,1,-11,2,-11,2,-10,3,-10,3,-9,4,-8,0,0,0,0,0,0,0,0,0,0,0,0,0,0,-59,42,-57,44,-51,46,-57,44,-54,47,-52,45,-50,47,-53,47,-49,43,-46,45,-46,44,-48,39,-45,43,-39,41,-37,40,-36,41,-32,42,-29,43,-31,40,-25,45,-18,44,-20,45,-18,49,-18,54,-19,52,-18,54,-18,57,-14,57,-15,60,-12,66,-18,65,-20,68,-21,62,-20,58,-21,58,-24,55,-24,55,-23,51,-24,53,-19,55,-19,50,-18,52,-18,54,-19,56,-17,57,-20,57,-24,54,-23,54,-27,50,-29,47,-33,46,-36,43,-32,38,-36,37,-33,35,-35,28,-39,27,0,0,0,0,0,0,0,0,0,0,0,0,0,0,0,0,0,0,0,0,0,0,1,-21,6,-24,5,-20,6,-21,3,-21,6,-19,5,-21,9,-20,5,-19,4,-18,9,-21,4,-21,6,-21,7,-25,9,-20,7,-21,12,-20,10,-19,7,-15,8,-15,4,-11,3,-9,0,-9,1,-4,-5,-4,-6,-5,-10,-5,-17,-8,-21,-6,-23,-5,-27,-9,-32,-13,-32,-18,-36,-19,-39,-24,-42,-26,-44,-29,-44,-29,-46,-36,-48,-34,-47,-43,-49,-38,-46,-42,-48,-40,-49,-42,-47,-46,-52,-47,-50,-49,-54,-54,-52,-54,-56,-51,-56,-58,-53,-56,-53,-55,-58,-54,-55,-61,-50,-62,0,0]",1
CSI_DATA,53592,1a:00:00:00:00:00,-30,11,1,0,1,1,1,0,0,0,1,-97,0,11,2,721730504,0,44,0,384,0,"[0,0,0,0,0,0,0,0,0,0,0,0,-6,11,-6,11,-6,11,-6,11,-6,11,-6,10,-6,10,-6,10,-6,9,-5,9,-5,9,-4,9,-4,9,-3,9,-3,8,-2,9,-1,9,-1,9,0,9,0,10,0,10,0,10,1,11,1,11,1,11,1,11,0,0,0,11,0,12,0,12,0,11,-1,11,-1,11,-1,11,-1,10,-1,10,0,10,0,10,0,10,0,10,0,10,-1,10,-1,10,-1,11,-2,10,-3,10,-3,10,-4,9,-4,9,-5,9,-5,8,-5,7,-5,6,0,0,0,0,0,0,0,0,0,0,0,0,0,0,75,-21,72,-22,67,-24,68,-24,66,-28,65,-23,65,-24,66,-26,66,-27,62,-25,61,-24,57,-22,60,-24,53,-26,52,-22,50,-29,46,-30,42,-31,43,-31,39,-32,37,-36,36,-38,33,-44,33,-43,37,-44,32,-48,35,-51,38,-51,38,-54,39,-58,42,-54,43,-55,45,-49,41,-50,43,-49,43,-45,40,-44,42,-46,40,-42,41,-46,37,-45,37,-47,38,-48,36,-46,42,-43,42,-47,39,-42,46,-40,44,-37,44,-36,45,-32,47,-26,45,-25,48,-22,45,-21,47,-16,42,-11,0,0,0,0,0,0,0,0,0,0,0,0,0,0,0,0,0,0,0,0,0,0,-9,18,-12,17,-14,16,-11,18,-13,16,-11,16,-13,17,-13,16,-13,16,-14,16,-10,15,-14,13,-13,20,-15,20,-14,17,-15,15,-16,13,-18,15,-13,14,-12,8,-12,10,-10,7,-7,7,-5,5,-1,4,3,7,6,7,11,8,14,11,22,12,22,15,27,22,30,25,32,33,29,33,31,39,32,38,34,42,34,50,33,52,36,54,30,55,30,58,33,58,33,54,34,58,31,64,33,66,34,67,36,66,32,67,34,73,31,74,31,74,30,77,28,75,26,78,0,0]",1
CSI_DATA,53593,1a:00:00:00:00:00,-30,11,1,0,1,1,1,0,0,0,1,-97,0,11,2,721740501,0,44,0,384,0,"[0,0,0,0,0,0,0,0,0,0,0,0,-12,-7,-12,-7,-12,-7,-12,-7,-12,-7,-12,-7,-11,-6,-11,-6,-10,-6,-10,-5,-10,-5,-10,-4,-10,-4,-10,-3,-9,-3,-10,-2,-10,-2,-10,-1,-10,0,-10,0,-11,0,-11,0,-11,1,-12,1,-12,1,-12,1,0,0,-13,0,-13,0,-13,0,-12,0,-12,-1,-12,-1,-11,-1,-11,0,-11,0,-11,0,-11,1,-11,0,-11,0,-11,0,-12,0,-11,0,-11,-1,-11,-1,-11,-2,-11,-2,-11,-3,-10,-4,-10,-4,-9,-4,-9,-5,-8,-5,0,0,0,0,0,0,0,0,0,0,0,0,0,0,17,79,13,69,16,66,19,70,23,68,19,67,23,60,19,70,22,64,22,63,19,63,20,61,20,56,20,53,21,54,23,50,23,48,33,46,29,44,31,40,35,38,36,38,39,34,43,34,42,34,44,37,50,36,54,36,52,37,51,39,53,40,54,44,49,41,48,45,47,43,47,41,42,41,41,41,43,43,46,35,47,35,45,35,46,37,45,35,47,37,41,37,45,42,40,42,39,45,37,43,36,43,27,43,29,48,25,48,22,45,17,45,14,43,0,0,0,0,0,0,0,0,0,0,0,0,0,0,0,0,0,0,0,0,0,0,-19,-14,-18,-14,-16,-16,-14,-19,-11,-16,-16,-15,-13,-15,-14,-12,-14,-13,-12,-17,-13,-18,-14,-16,-15,-14,-15,-21,-14,-19,-14,-17,-14,-21,-10,-18,-4,-18,-9,-16,-5,-14,-8,-12,-7,-8,-4,-3,-8,-1,-7,3,-11,8,-10,9,-16,14,-16,15,-19,20,-26,21,-27,23,-34,25,-40,26,-42,24,-43,25,-48,28,-52,24,-54,27,-57,27,-55,23,-61,26,-57,25,-63,29,-62,20,-65,26,-67,26,-69,25,-73,26,-74,28,-74,29,-75,23,-75,22,-77,21,-81,21,-79,21,0,0]",1
CSI_DATA,53594,1a:00:00:00:00:00,-30,11,1,0,1,1,1,0,0,0,1,-97,0,11,2,721750486,0,44,0,384,0,"[0,0,0,0,0,0,0,0,0,0,0,0,5,-12,5,-12,5,-12,5,-12,5,-12,5,-11,5,-11,5,-11,4,-10,4,-10,4,-10,3,-10,3,-10,2,-10,2,-10,1,-10,0,-10,0,-10,-1,-10,-1,-10,-1,-11,-2,-11,-2,-11,-2,-12,-2,-12,-2,-12,0,0,-1,-13,-2,-13,-1,-13,-1,-12,-1,-12,-1,-12,-1,-12,-1,-11,-1,-11,-1,-11,-2,-11,-2,-11,-2,-11,-1,-11,-1,-11,-1,-11,0,-11,0,-11,1,-11,1,-11,2,-11,2,-10,3,-10,3,-9,3,-8,4,-7,0,0,0,0,0,0,0,0,0,0,0,0,0,0,-77,19,-73,21,-69,21,-69,24,-69,24,-61,25,-65,26,-63,24,-67,25,-58,22,-61,24,-60,24,-60,24,-57,26,-51,24,-53,24,-49,31,-41,29,-39,29,-40,32,-36,35,-33,39,-33,39,-34,43,-33,47,-35,48,-34,52,-31,54,-38,55,-40,56,-39,55,-41,56,-40,53,-39,53,-44,49,-38,46,-40,46,-40,44,-36,44,-38,47,-38,44,-33,45,-35,46,-36,49,-37,48,-39,48,-41,41,-42,44,-38,40,-42,37,-45,34,-43,33,-47,28,-47,26,-46,24,-45,20,-47,15,0,0,0,0,0,0,0,0,0,0,0,0,0,0,0,0,0,0,0,0,0,0,11,-19,15,-18,11,-20,16,-16,15,-15,14,-10,14,-13,13,-16,14,-16,13,-16,17,-16,16,-15,17,-14,13,-17,15,-17,18,-11,16,-13,18,-11,10,-11,18,-11,11,-8,8,-6,9,-6,2,-6,2,-6,-5,-7,-6,-8,-12,-9,-16,-15,-21,-12,-22,-19,-23,-26,-25,-28,-28,-32,-29,-37,-27,-40,-32,-43,-29,-45,-30,-47,-30,-51,-32,-50,-30,-56,-29,-55,-30,-62,-28,-54,-33,-59,-32,-66,-31,-68,-34,-71,-32,-75,-33,-69,-35,-73,-28,-78,-27,-76,-27,-79,-26,-75,-26,-78,0,0]",1
CSI_DATA,53595,1a:00:00:00:00:00,-30,11,1,0,1,1,1,0,0,0,1,-97,0,11,2,721770493,0,44,0,384,0,"[0,0,0,0,0,0,0,0,0,0,0,0,-10,9,-10,8,-10,9,-10,8,-10,8,-9,8,-9,8,-9,7,-9,7,-8,8,-8,7,-7,7,-6,7,-6,7,-5,8,-5,8,-4,8,-4,8,-3,9,-3,9,-3,9,-3,10,-3,10,-2,11,-3,11,-3,11,0,0,-4,11,-4,11,-4,11,-4,11,-4,10,-4,10,-4,10,-4,9,-4,10,-3,10,-3,10,-3,10,-3,10,-3,10,-4,10,-4,10,-5,10,-5,9,-5,9,-6,8,-6,8,-7,8,-7,7,-7,6,-7,6,-7,5,0,0,0,0,0,0,0,0,0,0,0,0,0,0,76,3,71,5,69,-4,67,-3,69,-2,70,-4,69,-4,69,-4,65,-5,68,-4,66,-7,61,-3,60,-9,58,-8,56,-5,53,-12,50,-12,51,-15,47,-15,46,-19,44,-21,45,-23,40,-29,42,-30,43,-34,44,-35,45,-38,47,-37,53,-38,51,-40,52,-39,54,-38,52,-36,57,-38,55,-32,55,-31,52,-31,50,-32,49,-28,50,-31,45,-32,46,-32,49,-31,48,-32,44,-32,48,-32,50,-30,51,-30,47,-26,49,-23,52,-21,50,-16,52,-12,50,-7,50,-4,44,-1,44,1,0,0,0,0,0,0,0,0,0,0,0,0,0,0,0,0,0,0,0,0,0,0,-17,15,-17,16,-18,13,-17,11,-19,10,-15,10,-20,9,-17,12,-17,7,-17,10,-19,10,-20,11,-20,9,-19,12,-20,9,-19,7,-20,9,-18,5,-16,4,-14,6,-11,4,-13,2,-7,5,-6,2,-4,3,0,3,7,8,8,12,8,16,12,19,17,27,15,29,16,30,16,37,17,45,17,44,16,47,15,53,15,53,15,56,10,56,10,60,11,61,10,66,8,64,12,61,12,67,9,71,8,70,12,72,9,72,8,77,3,78,1,78,1,80,3,80,3,75,0,0]",1
CSI_DATA,53596,1a:00:00:00:00:00,-30,11,1,0,1,1,1,0,0,0,1,-97,0,11,2,721780494,0,44,0,384,0,"[0,0,0,0,0,0,0,0,0,0,0,0,-9,-11,-9,-11,-9,-11,-9,-11,-9,-11,-9,-10,-8,-10,-8,-10,-8,-9,-8,-9,-8,-9,-8,-8,-8,-7,-8,-7,-8,-6,-9,-5,-9,-5,-9,-5,-9,-4,-10,-4,-10,-4,-11,-4,-11,-4,-12,-4,-12,-4,-12,-4,0,0,-12,-5,-12,-5,-12,-5,-12,-5,-11,-5,-11,-5,-11,-5,-10,-5,-11,-5,-11,-4,-11,-4,-11,-4,-11,-4,-11,-5,-11,-5,-11,-5,-11,-6,-10,-6,-10,-6,-9,-7,-9,-7,-8,-8,-8,-8,-7,-8,-6,-8,-5,-8,0,0,0,0,0,0,0,0,0,0,0,0,0,0,-8,74,-11,75,-7,73,-2,72,-5,70,-5,69,-5,68,-1,69,-4,66,-3,66,0,63,0,64,0,59,2,60,0,56,7,55,8,53,12,51,11,52,15,46,18,46,24,46,25,46,27,47,29,47,31,47,34,50,35,53,36,55,37,54,36,55,39,55,33,56,35,58,32,56,29,56,26,52,26,53,28,49,28,53,28,48,32,48,32,49,33,49,27,48,29,50,25,51,25,54,22,50,20,53,14,52,12,53,10,53,4,53,2,48,2,45,-3,42,0,0,0,0,0,0,0,0,0,0,0,0,0,0,0,0,0,0,0,0,0,0,-17,-21,-10,-17,-8,-21,-11,-21,-6,-21,-9,-18,-7,-19,-7,-20,-9,-18,-9,-20,-10,-19,-8,-18,-9,-19,-11,-19,-5,-21,-7,-22,-6,-20,-5,-20,-4,-19,-1,-18,-3,-15,-4,-11,-2,-9,-4,-6,-2,-5,-9,0,-10,2,-15,4,-17,8,-21,14,-26,15,-29,12,-32,15,-41,10,-46,13,-51,13,-53,12,-54,11,-59,5,-59,9,-61,7,-63,6,-64,3,-66,1,-62,4,-72,7,-73,7,-72,4,-79,5,-77,2,-77,3,-81,3,-82,-3,-80,-5,-81,-5,-80,-6,-81,-8,0,0]",1
CSI_DATA,53597,1a:00:00:00:00:00,-30,11,1,0,1,1,1,0,0,0,1,-97,0,11,2,721790494,0,44,0,384,0,"[0,0,0,0,0,0,0,0,0,0,0,0,11,-7,10,-7,10,-8,10,-7,10,-7,10,-7,10,-7,9,-6,9,-6,8,-7,8,-7,7,-7,7,-7,6,-7,6,-7,5,-8,5,-8,5,-8,4,-9,4,-9,4,-9,4,-10,4,-10,4,-11,4,-11,4,-11,0,0,5,-11,5,-11,5,-11,6,-11,5,-10,6,-10,5,-10,5,-10,5,-10,5,-10,4,-10,4,-10,5,-10,5,-10,5,-10,5,-10,6,-9,6,-9,6,-9,7,-8,7,-7,7,-7,8,-6,7,-6,7,-5,7,-4,0,0,0,0,0,0,0,0,0,0,0,0,0,0,-76,-20,-70,-20,-69,-13,-73,-12,-73,-12,-68,-12,-67,-13,-66,-11,-66,-11,-65,-12,-62,-9,-61,-7,-59,-8,-55,-7,-55,-3,-56,-1,-56,0,-50,4,-53,1,-49,8,-51,13,-47,14,-50,18,-50,19,-53,22,-54,22,-54,23,-53,27,-57,24,-57,29,-60,27,-64,22,-57,21,-62,22,-57,20,-60,16,-58,19,-54,19,-56,18,-55,21,-52,21,-55,20,-56,18,-54,21,-54,19,-53,16,-55,15,-56,17,-59,10,-57,10,-57,9,-58,5,-53,2,-50,-2,-48,-6,-45,-7,-43,-14,0,0,0,0,0,0,0,0,0,0,0,0,0,0,0,0,0,0,0,0,0,0,18,-13,19,-14,18,-11,19,-10,16,-9,17,-8,18,-7,17,-13,21,-9,21,-10,23,-7,20,-9,18,-9,20,-9,20,-8,20,-8,22,-6,19,-5,19,-4,15,-4,14,-4,10,1,11,-3,4,-4,2,-8,0,-9,-5,-11,-9,-12,-11,-18,-11,-21,-9,-24,-12,-32,-13,-33,-12,-40,-13,-46,-9,-47,-6,-50,-8,-54,-5,-54,-4,-57,-4,-59,-2,-61,4,-64,2,-61,-4,-63,0,-66,-1,-68,0,-71,2,-73,3,-74,5,-75,4,-79,10,-80,10,-80,13,-82,14,-81,15,-78,0,0]",1
CSI_DATA,53598,1a:00:00:00:00:00,-30,11,1,0,1,1,1,0,0,0,1,-97,0,11,2,721810493,0,44,0,384,0,"[0,0,0,0,0,0,0,0,0,0,0,0,-13,3,-13,4,-13,3,-13,3,-12,3,-12,3,-12,3,-12,3,-11,3,-10,3,-10,4,-10,4,-9,4,-9,4,-8,5,-8,5,-8,6,-7,6,-7,7,-7,7,-7,7,-7,8,-7,8,-7,9,-8,9,-8,9,0,0,-8,9,-9,9,-9,9,-8,8,-8,8,-8,8,-8,7,-8,7,-8,7,-7,7,-7,8,-7,8,-8,8,-8,8,-8,8,-8,7,-8,7,-9,7,-9,6,-9,6,-10,5,-10,4,-9,4,-9,3,-9,2,-9,2,0,0,0,0,0,0,0,0,0,0,0,0,0,0,61,50,60,46,57,41,59,39,61,37,60,39,56,35,56,38,59,34,56,30,54,35,50,32,54,31,52,28,49,22,52,21,53,18,50,12,49,13,48,11,51,4,51,-1,51,1,54,3,56,1,59,-3,58,-5,61,-4,66,-7,65,-4,66,-6,67,0,63,1,63,-2,60,1,61,1,57,1,61,4,63,5,62,3,54,1,54,-6,58,-1,58,-6,62,0,56,1,59,4,56,4,56,5,54,13,56,16,51,12,51,19,49,20,46,22,42,22,37,30,0,0,0,0,0,0,0,0,0,0,0,0,0,0,0,0,0,0,0,0,0,0,-23,1,-25,-2,-21,-3,-22,-4,-18,-5,-21,-1,-20,-4,-20,-4,-22,-4,-18,0,-23,-3,-22,-3,-21,-2,-20,-2,-20,-5,-22,-6,-21,-4,-17,-10,-19,-8,-16,-7,-10,-7,-9,-4,-9,-1,-8,2,-5,0,-5,7,-4,9,-1,14,-1,19,-1,25,-3,27,-4,35,-3,35,-11,39,-13,43,-14,44,-18,47,-18,51,-21,53,-21,55,-25,55,-24,54,-31,58,-29,57,-31,57,-36,59,-33,63,-34,62,-40,66,-39,67,-37,65,-39,73,-43,67,-42,66,-47,70,-50,64,-45,60,0,0]",1
CSI_DATA,53599,1a:00:00:00:00:00,-30,11,1,0,1,1,1,0,0,0,1,-97,0,11,2,721820500,0,44,0,384,0,"[0,0,0,0,0,0,0,0,0,0,0,0,-3,-14,-4,-13,-4,-13,-3,-13,-3,-13,-3,-13,-3,-12,-3,-12,-3,-12,-4,-11,-4,-11,-4,-10,-4,-10,-5,-9,-5,-9,-6,-9,-6,-8,-7,-8,-7,-8,-8,-8,-8,-8,-8,-8,-9,-8,-10,-8,-10,-8,-10,-9,0,0,-9,-9,-9,-9,-9,-9,-9,-9,-9,-9,-8,-9,-8,-9,-8,-8,-8,-8,-8,-8,-9,-8,-8,-8,-8,-8,-8,-8,-8,-9,-8,-9,-8,-9,-7,-9,-7,-9,-6,-10,-5,-10,-5,-10,-4,-10,-3,-10,-3,-10,-2,-9,0,0,0,0,0,0,0,0,0,0,0,0,0,0,-41,66,-37,62,-37,68,-34,62,-31,63,-28,63,-30,63,-32,67,-26,61,-29,62,-26,57,-25,55,-22,52,-21,51,-22,49,-15,52,-15,50,-9,50,-10,51,-3,49,-1,52,3,49,4,55,8,54,7,51,12,58,11,59,11,61,12,65,15,65,10,63,7,67,6,66,8,69,8,64,7,64,3,61,7,60,5,56,7,58,7,56,8,57,4,60,10,57,9,57,5,56,3,60,0,58,-1,56,-4,54,-7,56,-10,54,-11,50,-14,50,-20,46,-18,40,-23,38,0,0,0,0,0,0,0,0,0,0,0,0,0,0,0,0,0,0,0,0,0,0,-7,-24,-4,-20,-3,-20,-2,-23,-1,-21,-2,-20,-1,-18,-3,-24,-3,-20,0,-20,-1,-20,0,-21,-1,-24,2,-23,0,-25,2,-23,5,-19,3,-20,4,-18,3,-18,2,-14,4,-11,1,-8,-1,-8,-2,-5,-7,-1,-8,-2,-15,-1,-18,0,-22,4,-32,4,-36,0,-38,-2,-42,-3,-48,-7,-47,-7,-50,-10,-51,-12,-55,-15,-59,-16,-59,-15,-57,-22,-60,-21,-65,-22,-63,-20,-61,-18,-63,-20,-70,-26,-69,-30,-69,-29,-70,-32,-74,-31,-73,-36,-71,-35,-78,-33,-77,-37,-70,-38,0,0]",1
CSI_DATA,53600,1a:00:00:00:00:00,-30,11,1,0,1,1,1,0,0,0,1,-97,0,11,2,721830495,0,44,0,384,0,"[0,0,0,0,0,0,0,0,0,0,0,0,12,-2,12,-2,12,-3,12,-2,12,-2,11,-2,11,-2,11,-2,10,-2,10,-3,10,-3,9,-3,9,-3,8,-4,8,-4,8,-5,7,-5,7,-6,7,-6,7,-6,7,-7,7,-8,7,-8,7,-8,8,-9,8,-9,0,0,9,-8,9,-8,9,-8,9,-8,9,-7,9,-7,8,-7,8,-7,8,-7,8,-7,7,-8,8,-7,8,-7,8,-7,8,-7,9,-7,8,-7,9,-6,9,-5,9,-5,9,-4,9,-4,9,-3,8,-3,9,-2,8,-1,0,0,0,0,0,0,0,0,0,0,0,0,0,0,-56,-49,-51,-46,-58,-47,-56,-43,-55,-37,-58,-41,-54,-37,-59,-43,-53,-38,-54,-40,-51,-37,-51,-34,-50,-33,-47,-28,-48,-29,-50,-26,-48,-22,-46,-19,-52,-18,-47,-13,-54,-11,-49,-7,-52,-3,-51,-2,-54,-4,-58,2,-60,1,-61,-1,-61,0,-64,2,-65,-1,-69,-3,-63,-5,-63,-1,-63,-6,-65,-9,-59,-7,-56,-5,-57,-5,-58,-6,-52,-3,-57,-1,-60,-4,-62,1,-57,-4,-58,-1,-59,-6,-58,-5,-58,-12,-53,-12,-53,-17,-50,-18,-50,-17,-46,-22,-41,-24,-43,-27,-37,-25,0,0,0,0,0,0,0,0,0,0,0,0,0,0,0,0,0,0,0,0,0,0,22,0,23,3,19,3,21,4,20,4,18,6,18,6,20,2,20,4,19,4,19,5,21,3,20,6,18,2,18,2,20,3,20,9,17,6,14,8,13,6,12,7,10,1,8,4,6,-2,0,-5,5,-7,2,-12,1,-12,0,-19,2,-24,4,-28,5,-35,11,-35,11,-41,12,-42,18,-45,17,-47,20,-48,23,-51,25,-51,29,-55,26,-51,31,-57,29,-54,32,-55,33,-57,37,-59,36,-60,38,-62,42,-60,42,-65,43,-67,47,-67,45,-61,42,-67,51,-64,50,-60,0,0]",1
CSI_DATA,53601,1a:00:00:00:00:00,-30,11,1,0,1,1,1,0,0,0,1,-97,0,11,2,721850499,0,44,0,384,0,"[0,0,0,0,0,0,0,0,0,0,0,0,-12,-6,-12,-6,-12,-6,-12,-6,-12,-6,-11,-6,-11,-5,-11,-5,-11,-5,-10,-5,-10,-4,-10,-4,-10,-3,-10,-3,-9,-2,-10,-1,-9,-1,-10,-1,-10,0,-10,0,-10,1,-11,1,-11,1,-12,1,-12,1,-12,1,0,0,-13,1,-13,0,-12,0,-12,0,-12,0,-12,0,-11,0,-11,0,-11,0,-11,0,-11,0,-11,0,-11,0,-11,0,-11,0,-11,0,-11,-1,-11,-1,-11,-2,-11,-2,-11,-3,-10,-3,-10,-4,-9,-4,-8,-5,-7,-5,0,0,0,0,0,0,0,0,0,0,0,0,0,0,19,73,18,70,23,67,21,63,25,62,22,64,28,64,25,67,26,61,25,62,24,57,23,56,24,53,26,52,27,48,26,49,25,44,31,42,28,41,32,39,38,40,36,34,42,35,42,32,44,32,49,32,48,29,52,35,53,38,56,36,53,38,53,42,47,43,52,41,45,39,51,42,44,39,43,40,43,41,47,36,40,35,46,37,44,39,46,38,44,38,45,40,42,41,41,41,37,44,35,45,31,45,28,45,25,47,22,44,18,48,13,46,10,46,0,0,0,0,0,0,0,0,0,0,0,0,0,0,0,0,0,0,0,0,0,0,-18,-6,-22,-12,-22,-11,-21,-15,-16,-12,-15,-11,-18,-13,-16,-9,-19,-12,-15,-14,-18,-13,-17,-14,-18,-13,-18,-16,-18,-16,-14,-16,-18,-18,-12,-14,-9,-17,-7,-16,-7,-10,-10,-4,-5,-5,-9,-5,-6,1,-8,3,-5,6,-9,14,-9,15,-15,21,-16,21,-22,24,-25,25,-33,29,-32,31,-39,31,-38,31,-42,33,-49,31,-49,33,-54,34,-53,30,-57,31,-57,33,-57,31,-58,33,-64,32,-65,34,-68,32,-70,33,-69,34,-71,35,-75,31,-75,28,-77,34,-83,28,-77,27,0,0]",1
CSI_DATA,53602,1a:00:00:00:00:00,-30,11,1,0,1,1,1,0,0,0,1,-97,0,11,2,721860491,0,44,0,384,0,"[0,0,0,0,0,0,0,0,0,0,0,0,6,-12,6,-12,6,-12,6,-12,6,-12,5,-11,5,-11,5,-11,5,-10,4,-11,4,-10,3,-10,3,-10,2,-10,2,-10,1,-10,0,-10,0,-10,-1,-10,-1,-11,-1,-11,-2,-11,-2,-12,-2,-12,-2,-12,-2,-12,0,0,-2,-13,-1,-13,-1,-13,-1,-13,-1,-12,-1,-12,-1,-11,-1,-11,-1,-11,-1,-11,-2,-11,-2,-11,-2,-12,-2,-11,-1,-12,-1,-12,0,-12,0,-11,0,-11,1,-11,2,-11,2,-10,3,-10,3,-9,4,-9,4,-8,0,0,0,0,0,0,0,0,0,0,0,0,0,0,-74,26,-68,21,-70,27,-63,24,-65,25,-64,24,-63,29,-67,25,-58,26,-59,25,-59,29,-59,25,-56,26,-53,25,-50,26,-47,26,-48,29,-42,30,-41,31,-37,33,-31,39,-33,38,-30,43,-31,48,-30,45,-28,49,-33,53,-32,51,-34,52,-36,57,-35,54,-38,57,-36,55,-35,54,-39,53,-37,49,-34,51,-36,46,-34,49,-31,51,-33,48,-32,46,-31,47,-32,49,-30,46,-34,48,-37,46,-34,46,-39,40,-37,41,-43,40,-42,37,-43,33,-49,32,-43,23,-43,19,-43,15,0,0,0,0,0,0,0,0,0,0,0,0,0,0,0,0,0,0,0,0,0,0,14,-19,14,-20,15,-17,14,-13,13,-16,13,-11,12,-18,13,-14,16,-15,8,-13,17,-14,16,-17,15,-14,13,-21,16,-15,17,-15,15,-13,14,-12,12,-13,13,-6,12,-8,7,-6,6,-6,6,-5,-1,-7,-7,-5,-7,-8,-12,-10,-16,-12,-18,-14,-21,-19,-28,-22,-30,-25,-28,-34,-32,-35,-31,-40,-29,-39,-32,-46,-27,-49,-31,-51,-31,-51,-32,-53,-32,-56,-35,-58,-34,-60,-33,-64,-32,-61,-34,-67,-35,-66,-34,-72,-32,-70,-35,-76,-30,-75,-29,-74,-32,-76,-27,-77,-29,-76,0,0]",1
CSI_DATA,53603,1a:00:00:00:00:00,-30,11,1,0,1,1,1,0,0,0,1,-97,0,11,2,721871693,0,44,0,384,0,"[0,0,0,0,0,0,0,0,0,0,0,0,11,7,10,6,11,6,10,6,10,6,10,6,10,6,9,6,9,6,9,5,9,5,9,4,9,4,8,3,8,3,9,1,9,1,9,1,9,0,10,0,10,0,10,-1,11,-1,11,-1,11,-1,12,-1,0,0,12,0,12,0,11,0,12,0,11,0,11,1,11,1,10,0,10,0,10,0,11,-1,10,0,11,0,11,0,11,0,11,0,11,1,10,1,10,2,10,2,9,3,9,3,9,4,8,4,7,5,6,5,0,0,0,0,0,0,0,0,0,0,0,0,0,0,-11,-76,-12,-75,-10,-69,-14,-66,-19,-71,-17,-67,-16,-63,-18,-67,-17,-67,-18,-66,-15,-58,-18,-60,-20,-59,-21,-56,-18,-51,-20,-53,-26,-51,-27,-45,-25,-43,-31,-42,-33,-40,-34,-38,-34,-37,-39,-37,-41,-41,-45,-38,-48,-36,-46,-41,-51,-43,-51,-42,-51,-43,-50,-48,-47,-46,-46,-48,-44,-47,-44,-46,-41,-43,-45,-44,-42,-42,-45,-40,-43,-42,-40,-39,-43,-41,-44,-41,-44,-42,-41,-42,-37,-45,-38,-45,-36,-44,-31,-44,-33,-47,-29,-46,-22,-45,-22,-46,-18,-47,-10,-45,-6,-45,0,0,0,0,0,0,0,0,0,0,0,0,0,0,0,0,0,0,0,0,0,0,19,12,17,12,13,18,13,17,12,13,10,14,14,12,14,16,13,14,13,16,14,15,16,13,15,17,14,15,14,19,14,18,12,19,10,16,9,15,5,13,5,11,6,11,5,5,6,5,8,-1,9,0,7,-10,11,-12,13,-16,15,-18,19,-21,24,-23,28,-22,35,-24,37,-25,42,-27,43,-24,48,-29,49,-24,52,-27,57,-30,57,-23,60,-23,59,-25,59,-26,67,-28,65,-25,67,-26,70,-27,68,-24,71,-23,75,-27,76,-23,72,-23,80,-20,84,-18,79,-19,0,0]",1
CSI_DATA,53604,1a:00:00:00:00:00,-30,11,1,0,1,1,1,0,0,0,1,-97,0,11,2,721890498,0,44,0,384,0,"[0,0,0,0,0,0,0,0,0,0,0,0,-9,-11,-9,-10,-9,-10,-9,-10,-9,-10,-9,-10,-8,-10,-8,-9,-8,-9,-8,-8,-8,-8,-8,-7,-8,-7,-8,-6,-8,-6,-9,-5,-9,-5,-9,-4,-10,-4,-10,-4,-10,-4,-11,-4,-11,-4,-12,-3,-12,-3,-13,-4,0,0,-12,-4,-12,-4,-12,-4,-12,-5,-11,-5,-11,-5,-11,-5,-11,-4,-11,-4,-11,-4,-11,-3,-11,-4,-11,-4,-11,-4,-11,-4,-11,-5,-11,-5,-11,-5,-10,-6,-9,-6,-9,-7,-8,-7,-8,-7,-7,-7,-6,-8,-5,-7,0,0,0,0,0,0,0,0,0,0,0,0,0,0,-6,77,-9,72,-4,71,-4,73,-1,67,0,68,0,67,-2,72,-1,66,3,65,2,63,2,60,4,59,6,57,5,53,7,49,10,51,13,49,12,48,20,47,21,45,24,42,27,43,28,44,33,47,34,48,34,48,35,47,38,50,41,50,39,53,36,57,34,54,36,55,29,56,29,56,28,50,29,52,29,49,28,53,30,47,31,48,31,49,33,50,28,52,31,51,27,53,31,51,22,53,21,51,17,53,12,52,10,52,5,55,3,50,6,48,-4,47,0,0,0,0,0,0,0,0,0,0,0,0,0,0,0,0,0,0,0,0,0,0,-14,-20,-15,-18,-14,-18,-13,-18,-12,-17,-10,-15,-9,-19,-10,-18,-12,-18,-12,-19,-11,-19,-9,-21,-9,-21,-10,-21,-7,-23,-9,-19,-7,-19,-8,-17,-6,-21,-2,-18,0,-16,-3,-11,-4,-6,-8,-4,-6,-2,-11,1,-9,0,-16,6,-15,13,-19,13,-25,14,-30,17,-29,17,-40,13,-41,17,-49,17,-52,14,-55,12,-54,11,-54,10,-63,12,-62,9,-65,9,-64,11,-61,10,-67,7,-70,8,-70,10,-73,5,-74,2,-76,6,-83,10,-80,2,-79,1,-83,0,-83,1,-78,-4,0,0]",1
CSI_DATA,53605,1a:00:00:00:00:00,-30,11,1,0,1,1,1,0,0,0,1,-97,0,11,2,721900477,0,44,0,384,0,"[0,0,0,0,0,0,0,0,0,0,0,0,9,-10,9,-10,8,-10,9,-10,8,-10,8,-9,8,-9,8,-9,7,-9,6,-8,6,-9,6,-9,5,-9,5,-9,4,-9,3,-9,3,-9,2,-9,2,-10,2,-10,2,-10,2,-11,2,-11,1,-12,1,-12,1,-13,0,0,2,-13,2,-12,2,-13,3,-12,3,-12,3,-12,3,-11,2,-11,2,-11,2,-11,2,-11,2,-11,2,-11,2,-11,3,-11,3,-11,3,-11,3,-11,4,-10,4,-10,5,-10,6,-9,6,-8,6,-8,6,-7,6,-6,0,0,0,0,0,0,0,0,0,0,0,0,0,0,-75,-2,-74,1,-70,4,-68,6,-70,6,-69,6,-70,5,-68,3,-71,5,-64,10,-59,6,-58,5,-61,8,-58,11,-54,7,-52,12,-54,14,-50,17,-46,16,-45,24,-47,25,-46,28,-43,31,-42,34,-42,33,-43,37,-46,41,-47,40,-48,40,-52,45,-52,43,-53,42,-56,36,-50,36,-55,35,-52,32,-52,33,-51,34,-50,32,-48,35,-46,32,-46,33,-49,32,-47,35,-49,31,-48,33,-49,28,-52,30,-52,26,-52,23,-51,20,-51,16,-52,17,-50,11,-49,8,-46,3,-43,1,0,0,0,0,0,0,0,0,0,0,0,0,0,0,0,0,0,0,0,0,0,0,18,-18,18,-13,18,-13,18,-14,17,-14,13,-14,17,-10,15,-13,17,-13,16,-11,18,-15,18,-12,16,-14,18,-12,18,-10,17,-12,22,-8,18,-8,16,-6,13,-5,13,-2,10,-5,5,-3,4,-8,0,-7,-5,-7,-7,-9,-7,-14,-14,-15,-18,-19,-17,-23,-18,-27,-17,-31,-21,-34,-20,-42,-21,-45,-22,-48,-18,-53,-20,-55,-17,-54,-15,-60,-15,-61,-17,-60,-15,-66,-18,-61,-16,-64,-20,-66,-17,-69,-14,-78,-12,-72,-12,-77,-14,-80,-6,-81,-9,-80,-9,-84,-6,-80,-5,-79,0,0]",1
CSI_DATA,53606,1a:00:00:00:00:00,-30,11,1,0,1,1,1,0,0,0,1,-97,0,11,2,721920488,0,44,0,384,0,"[0,0,0,0,0,0,0,0,0,0,0,0,-12,6,-12,6,-12,7,-12,6,-11,6,-11,6,-11,5,-10,6,-10,5,-9,6,-9,6,-8,6,-8,6,-7,6,-7,6,-6,7,-6,7,-6,7,-5,8,-5,8,-5,9,-5,9,-5,10,-5,10,-5,10,-5,11,0,0,-6,10,-7,10,-7,10,-7,10,-6,9,-7,9,-6,9,-6,9,-6,9,-6,9,-5,9,-5,9,-6,9,-6,9,-7,9,-7,9,-7,9,-7,8,-8,8,-8,7,-9,7,-9,6,-9,5,-8,5,-8,4,-8,3,0,0,0,0,0,0,0,0,0,0,0,0,0,0,72,21,65,23,66,16,64,19,71,14,66,15,64,13,67,13,60,17,60,14,61,14,56,13,56,15,55,7,53,10,50,4,53,0,48,-5,48,-1,47,-7,53,-8,48,-12,48,-15,51,-16,48,-16,54,-16,56,-17,54,-22,60,-22,56,-27,62,-21,65,-18,61,-19,61,-15,63,-15,58,-14,56,-10,56,-10,57,-14,55,-14,52,-15,52,-20,54,-16,53,-16,55,-15,58,-14,54,-8,55,-11,53,-7,53,-6,53,0,50,3,51,6,52,10,44,11,42,13,45,19,0,0,0,0,0,0,0,0,0,0,0,0,0,0,0,0,0,0,0,0,0,0,-20,12,-20,7,-20,7,-19,7,-17,6,-19,6,-17,6,-20,4,-19,6,-18,6,-17,8,-21,8,-20,9,-20,7,-21,6,-22,3,-22,3,-20,0,-15,1,-16,-1,-9,-2,-10,0,-10,4,-6,2,-1,3,-1,6,3,6,3,12,7,19,9,22,9,27,10,30,7,36,7,39,8,44,6,47,1,50,1,51,1,59,-3,58,-1,56,-2,61,-3,60,-1,64,-4,62,-7,60,-7,67,-9,68,-10,73,-11,73,-13,74,-9,75,-17,74,-15,75,-13,77,-21,76,-17,75,0,0]",1
CSI_DATA,53607,1a:00:00:00:00:00,-30,11,1,0,1,1,1,0,0,0,1,-97,0,11,2,721930484,0,44,0,384,0,"[0,0,0,0,0,0,0,0,0,0,0,0,-6,-12,-6,-12,-6,-12,-6,-12,-6,-12,-6,-11,-6,-11,-6,-11,-5,-10,-6,-10,-6,-9,-6,-9,-6,-8,-6,-8,-6,-7,-7,-7,-7,-6,-8,-6,-8,-6,-9,-6,-9,-6,-9,-6,-10,-6,-10,-6,-11,-6,-11,-6,0,0,-10,-7,-11,-7,-10,-7,-10,-7,-9,-7,-9,-7,-9,-7,-9,-7,-9,-7,-9,-6,-9,-6,-9,-7,-9,-7,-9,-7,-9,-7,-9,-7,-9,-8,-8,-8,-8,-8,-7,-8,-6,-9,-6,-9,-5,-9,-5,-8,-4,-9,-3,-8,0,0,0,0,0,0,0,0,0,0,0,0,0,0,-14,69,-18,70,-12,70,-12,68,-11,69,-12,68,-10,66,-13,67,-8,64,-8,61,-9,61,-7,60,-6,61,-4,59,-6,55,1,52,1,53,2,50,2,48,10,50,13,49,16,49,21,45,18,46,22,48,25,50,26,53,27,54,27,57,30,61,31,60,26,58,23,61,20,58,23,63,20,58,22,54,19,56,21,54,23,53,20,50,20,50,21,55,23,54,22,55,19,55,16,54,16,59,13,50,13,53,9,55,3,53,2,51,-1,52,-6,50,-5,47,-12,39,0,0,0,0,0,0,0,0,0,0,0,0,0,0,0,0,0,0,0,0,0,0,-13,-20,-12,-19,-9,-22,-7,-20,-10,-17,-6,-19,-6,-18,-8,-18,-7,-19,-7,-18,-8,-18,-8,-18,-7,-22,-8,-22,-3,-21,-3,-24,-6,-22,-4,-19,-1,-17,1,-17,-3,-13,-2,-11,-3,-6,-2,-6,-2,-7,-6,1,-10,4,-13,6,-19,13,-25,11,-27,11,-33,10,-35,13,-43,10,-42,10,-47,9,-51,5,-52,9,-57,5,-61,3,-61,2,-61,0,-63,-1,-66,-2,-65,-1,-68,2,-71,-1,-72,-1,-78,-3,-78,-6,-75,-9,-80,-5,-83,-8,-79,-10,-85,-15,-82,-14,-80,-13,0,0]",1
CSI_DATA,53608,1a:00:00:00:00:00,-30,11,1,0,1,1,1,0,0,0,1,-97,0,11,2,721940512,0,44,0,384,0,"[0,0,0,0,0,0,0,0,0,0,0,0,13,-2,12,-3,12,-3,12,-2,12,-2,12,-2,11,-2,11,-2,11,-2,10,-3,10,-3,9,-3,9,-3,8,-4,8,-4,8,-5,7,-5,7,-6,7,-6,7,-7,7,-7,7,-8,7,-8,7,-9,8,-9,8,-9,0,0,9,-9,9,-9,9,-9,9,-8,8,-8,8,-8,8,-7,8,-7,8,-8,7,-7,7,-8,8,-8,8,-8,8,-8,8,-7,8,-7,8,-7,8,-7,9,-6,9,-5,9,-5,9,-4,9,-4,8,-3,8,-2,8,-1,0,0,0,0,0,0,0,0,0,0,0,0,0,0,-55,-56,-47,-53,-51,-49,-49,-48,-50,-48,-55,-46,-50,-43,-57,-49,-49,-42,-48,-46,-51,-43,-50,-42,-48,-36,-42,-35,-44,-34,-50,-32,-46,-29,-46,-25,-47,-24,-45,-18,-50,-18,-50,-14,-55,-11,-51,-7,-55,-11,-56,-8,-61,-9,-60,-8,-65,-8,-62,-9,-64,-10,-69,-17,-64,-13,-68,-15,-60,-16,-61,-20,-57,-16,-57,-16,-58,-14,-55,-15,-56,-13,-55,-11,-58,-13,-59,-12,-56,-17,-57,-13,-56,-15,-53,-18,-55,-20,-53,-24,-47,-27,-48,-25,-45,-30,-39,-27,-41,-32,-34,-35,-34,-35,0,0,0,0,0,0,0,0,0,0,0,0,0,0,0,0,0,0,0,0,0,0,22,-1,22,3,20,0,21,3,18,3,20,1,18,4,20,0,18,6,20,3,18,5,21,5,19,5,18,5,21,7,18,4,22,9,16,8,14,5,11,6,11,6,10,4,8,1,6,0,3,-5,2,-7,1,-13,-1,-15,1,-20,2,-23,4,-30,6,-33,13,-36,14,-40,17,-41,18,-41,16,-44,24,-49,27,-48,29,-50,32,-52,30,-48,37,-56,34,-52,36,-58,38,-57,38,-55,40,-63,47,-58,45,-57,46,-60,46,-59,54,-65,50,-58,53,-63,57,-65,55,-54,0,0]",1
CSI_DATA,53609,1a:00:00:00:00:00,-30,11,1,0,1,1,1,0,0,0,1,-97,0,11,2,721960504,0,44,0,384,0,"[0,0,0,0,0,0,0,0,0,0,0,0,-14,1,-13,1,-14,1,-13,1,-13,1,-13,1,-12,1,-12,1,-12,1,-11,1,-11,1,-10,2,-10,2,-10,2,-9,3,-9,4,-9,4,-8,4,-8,5,-8,5,-9,6,-9,6,-9,6,-9,7,-10,7,-10,7,0,0,-11,7,-10,7,-10,7,-10,6,-10,6,-10,6,-10,6,-9,5,-9,6,-9,6,-9,6,-9,6,-9,6,-9,6,-10,6,-10,5,-10,5,-10,5,-10,4,-10,3,-11,3,-10,2,-10,1,-10,1,-10,0,-9,-1,0,0,0,0,0,0,0,0,0,0,0,0,0,0,58,46,54,47,59,44,59,41,56,37,57,37,55,38,54,38,50,38,55,34,52,30,49,33,51,32,51,27,49,28,48,22,52,19,50,16,47,17,48,12,52,12,50,3,52,2,50,1,55,2,58,0,59,-1,62,-3,61,-1,64,-3,67,-3,66,3,66,3,66,2,59,0,65,7,59,9,60,6,61,5,57,4,55,6,56,2,60,5,56,2,58,2,54,5,58,7,58,8,57,13,53,12,53,18,53,18,48,19,42,24,42,24,37,26,37,27,0,0,0,0,0,0,0,0,0,0,0,0,0,0,0,0,0,0,0,0,0,0,-26,4,-24,0,-18,-3,-24,-2,-20,-1,-22,-2,-22,-1,-22,-3,-22,-2,-18,-2,-22,-4,-23,-3,-21,0,-21,-2,-21,-4,-22,-6,-21,-6,-21,-8,-18,-8,-13,-8,-10,-7,-10,-3,-9,-3,-6,1,-3,5,-3,8,0,7,2,17,1,19,-2,22,-2,27,-5,33,-5,37,-8,40,-11,44,-13,47,-15,48,-21,52,-21,51,-21,52,-22,56,-25,56,-32,59,-26,58,-27,57,-29,63,-31,61,-32,65,-35,64,-39,64,-41,67,-39,71,-44,68,-46,63,-47,64,-48,68,-46,63,0,0]",1
CSI_DATA,53610,1a:00:00:00:00:00,-30,11,1,0,1,1,1,0,0,0,1,-97,0,11,2,721970509,0,44,0,384,0,"[0,0,0,0,0,0,0,0,0,0,0,0,2,-13,2,-13,2,-13,2,-13,2,-13,2,-12,2,-12,2,-11,2,-11,1,-11,1,-11,0,-10,0,-10,0,-10,-1,-9,-2,-9,-2,-9,-3,-9,-3,-9,-4,-10,-4,-10,-4,-10,-4,-11,-5,-11,-5,-11,-5,-11,0,0,-4,-12,-5,-12,-4,-11,-4,-12,-4,-11,-3,-11,-3,-11,-3,-11,-4,-10,-4,-10,-4,-10,-4,-10,-4,-11,-4,-10,-3,-11,-3,-11,-3,-11,-2,-11,-2,-11,-1,-11,0,-10,0,-10,1,-10,1,-9,2,-9,2,-8,0,0,0,0,0,0,0,0,0,0,0,0,0,0,-55,54,-53,50,-50,55,-44,52,-48,54,-48,50,-40,53,-43,50,-37,54,-40,47,-38,47,-38,47,-35,49,-33,44,-33,45,-31,47,-26,42,-20,45,-21,44,-16,46,-15,48,-14,51,-10,48,-11,52,-8,54,-6,57,-5,59,-2,62,-5,64,-6,65,-9,65,-10,66,-13,65,-13,61,-11,61,-15,59,-11,59,-13,54,-15,57,-11,59,-10,56,-11,58,-9,56,-11,57,-13,57,-11,59,-16,54,-15,54,-15,51,-20,51,-25,51,-25,43,-26,46,-31,43,-30,38,-30,34,-32,31,0,0,0,0,0,0,0,0,0,0,0,0,0,0,0,0,0,0,0,0,0,0,-1,-22,0,-22,-3,-23,5,-22,3,-21,5,-19,4,-19,3,-18,4,-20,5,-23,2,-25,4,-23,5,-23,5,-18,3,-22,5,-19,8,-19,10,-16,5,-18,6,-14,4,-9,3,-8,0,-4,0,-4,-1,-5,-6,-1,-9,-2,-17,-1,-23,-3,-25,-2,-29,-1,-33,-8,-34,-8,-43,-11,-44,-16,-45,-20,-49,-19,-51,-23,-49,-25,-55,-25,-51,-29,-55,-30,-53,-30,-56,-34,-52,-33,-56,-36,-58,-36,-63,-38,-58,-42,-64,-45,-61,-46,-62,-44,-61,-48,-60,-53,-63,-54,-63,-55,-60,-59,0,0]",1
CSI_DATA,53611,1a:00:00:00:00:00,-30,11,1,0,1,1,1,0,0,0,1,-97,0,11,2,721980504,0,44,0,384,0,"[0,0,0,0,0,0,0,0,0,0,0,0,12,3,12,3,12,3,12,3,12,3,12,3,11,3,11,3,11,3,10,2,10,2,10,1,10,1,9,0,9,0,9,-1,9,-1,9,-2,9,-3,10,-3,10,-3,10,-3,10,-4,11,-4,11,-4,11,-4,0,0,12,-3,12,-3,12,-3,12,-3,11,-3,11,-2,11,-2,10,-2,10,-3,10,-3,10,-4,10,-3,10,-3,11,-3,11,-2,11,-2,11,-2,11,-1,11,-1,10,0,10,1,10,1,9,2,9,2,8,3,7,3,0,0,0,0,0,0,0,0,0,0,0,0,0,0,-20,-75,-18,-67,-21,-71,-24,-63,-25,-65,-26,-65,-23,-67,-24,-65,-25,-63,-24,-62,-24,-58,-21,-58,-25,-55,-22,-49,-24,-51,-25,-46,-31,-46,-30,-41,-28,-41,-34,-38,-38,-36,-41,-34,-41,-32,-44,-31,-47,-29,-49,-34,-49,-33,-52,-35,-54,-33,-56,-36,-54,-39,-56,-41,-53,-40,-54,-40,-50,-42,-50,-42,-47,-38,-44,-36,-42,-39,-44,-37,-43,-34,-45,-34,-46,-38,-49,-36,-45,-37,-46,-40,-44,-39,-43,-38,-41,-39,-35,-41,-37,-46,-31,-46,-29,-45,-25,-48,-20,-46,-19,-42,-16,-46,0,0,0,0,0,0,0,0,0,0,0,0,0,0,0,0,0,0,0,0,0,0,19,9,18,11,16,14,15,14,17,12,11,11,13,15,15,12,13,12,14,11,13,13,14,15,15,16,13,15,13,14,12,14,8,16,9,14,7,15,8,14,6,8,7,8,5,4,4,3,3,-2,8,-4,9,-10,7,-13,11,-13,13,-20,18,-23,21,-30,24,-28,32,-28,30,-30,38,-27,41,-28,47,-28,49,-33,51,-31,50,-29,49,-29,55,-31,56,-29,58,-33,58,-34,58,-35,64,-34,67,-36,68,-31,69,-31,72,-32,76,-29,74,-27,75,-28,78,-29,76,-27,0,0]",1
CSI_DATA,53612,1a:00:00:00:00:00,-30,11,1,0,1,1,1,0,0,0,1,-97,0,11,2,722000507,0,44,0,384,0,"[0,0,0,0,0,0,0,0,0,0,0,0,-13,-6,-13,-6,-13,-6,-13,-6,-13,-6,-12,-6,-12,-6,-11,-5,-11,-5,-11,-4,-11,-4,-10,-4,-10,-3,-10,-2,-10,-2,-10,-1,-10,-1,-10,0,-10,1,-11,1,-11,1,-11,1,-12,2,-12,2,-12,2,-13,2,0,0,-13,1,-13,1,-13,1,-13,1,-12,1,-12,1,-12,0,-11,1,-11,1,-12,1,-12,2,-12,1,-12,1,-12,1,-12,1,-12,1,-12,0,-12,0,-12,-1,-11,-2,-11,-2,-11,-3,-10,-3,-10,-3,-9,-4,-8,-4,0,0,0,0,0,0,0,0,0,0,0,0,0,0,22,67,23,74,23,69,23,66,25,62,27,63,26,64,27,62,29,62,23,61,26,58,26,56,30,54,27,52,26,51,28,48,27,44,29,39,32,41,37,36,39,35,40,35,41,31,44,32,44,33,52,28,53,31,56,32,55,33,59,35,58,36,58,35,55,38,55,35,55,36,48,41,49,35,46,35,47,35,47,36,47,34,48,30,49,36,48,34,49,35,48,33,47,37,45,39,40,39,39,41,39,41,33,44,30,39,27,44,26,42,16,43,16,39,0,0,0,0,0,0,0,0,0,0,0,0,0,0,0,0,0,0,0,0,0,0,-21,-11,-17,-12,-20,-12,-16,-14,-15,-18,-16,-15,-17,-11,-15,-14,-16,-13,-17,-16,-14,-15,-18,-16,-17,-17,-14,-16,-17,-17,-17,-17,-12,-17,-16,-14,-10,-14,-7,-13,-7,-9,-7,-8,-7,-5,-2,0,-5,0,-5,4,-9,7,-11,13,-11,16,-15,21,-18,22,-20,28,-29,24,-31,28,-36,29,-38,32,-41,35,-46,32,-50,30,-49,35,-49,31,-56,33,-53,32,-61,34,-55,32,-61,31,-61,37,-65,34,-67,34,-69,32,-73,34,-71,37,-76,31,-75,32,-78,31,-76,30,-79,27,0,0]",1
CSI_DATA,53613,1a:00:00:00:00:00,-30,11,1,0,1,1,1,0,0,0,1,-97,0,11,2,722010511,0,44,0,384,0,"[0,0,0,0,0,0,0,0,0,0,0,0,7,-11,7,-11,7,-11,7,-11,7,-11,6,-11,6,-10,6,-10,6,-10,5,-10,5,-10,4,-10,4,-9,3,-9,3,-9,2,-10,1,-9,1,-10,0,-10,0,-11,0,-11,0,-11,0,-11,-1,-12,-1,-12,-1,-12,0,0,0,-13,0,-13,0,-12,0,-13,1,-12,1,-12,1,-12,0,-11,0,-11,0,-11,0,-11,0,-11,0,-11,0,-11,0,-12,1,-11,1,-12,1,-11,2,-11,2,-10,3,-10,4,-10,4,-9,4,-9,5,-8,5,-7,0,0,0,0,0,0,0,0,0,0,0,0,0,0,-74,22,-69,16,-69,20,-65,22,-64,22,-65,22,-63,22,-68,23,-60,22,-63,22,-61,24,-55,22,-55,23,-53,24,-51,22,-49,27,-44,28,-42,29,-44,30,-35,30,-36,36,-35,37,-32,43,-32,42,-33,42,-32,50,-34,51,-33,48,-37,54,-37,54,-38,52,-41,55,-42,53,-42,51,-43,46,-43,46,-36,45,-38,41,-38,44,-37,44,-35,43,-38,43,-39,46,-35,45,-39,41,-37,45,-42,44,-41,42,-41,40,-43,37,-46,36,-43,32,-47,28,-44,26,-46,20,-44,17,-43,14,0,0,0,0,0,0,0,0,0,0,0,0,0,0,0,0,0,0,0,0,0,0,11,-19,14,-18,13,-17,14,-16,12,-16,14,-16,13,-18,13,-13,12,-15,10,-15,12,-15,13,-16,15,-13,14,-17,16,-14,17,-13,20,-12,17,-10,18,-5,15,-9,10,-8,5,-8,3,-5,3,-5,0,-7,-4,-5,-8,-5,-13,-10,-16,-10,-21,-13,-20,-21,-26,-23,-26,-27,-28,-31,-30,-34,-28,-41,-31,-40,-31,-43,-28,-50,-31,-50,-30,-54,-31,-54,-28,-58,-32,-57,-31,-58,-35,-60,-33,-64,-34,-64,-33,-66,-29,-69,-33,-70,-33,-74,-28,-75,-26,-72,-28,-78,-28,-79,-27,-76,0,0]",1
CSI_DATA,53614,1a:00:00:00:00:00,-30,11,1,0,1,1,1,0,0,0,1,-97,0,11,2,722030504,0,44,0,384,0,"[0,0,0,0,0,0,0,0,0,0,0,0,-9,10,-9,9,-9,10,-9,9,-9,9,-8,9,-8,9,-8,8,-8,8,-7,8,-7,8,-6,8,-6,8,-5,8,-4,8,-4,8,-3,8,-3,9,-2,9,-2,9,-2,10,-2,10,-2,10,-1,11,-1,11,-1,11,0,0,-2,12,-3,12,-3,11,-3,11,-3,11,-3,11,-3,10,-3,10,-2,10,-2,10,-2,10,-2,10,-2,10,-2,10,-3,10,-3,10,-3,10,-4,10,-4,10,-5,9,-6,9,-6,8,-6,8,-6,7,-7,6,-7,5,0,0,0,0,0,0,0,0,0,0,0,0,0,0,74,-3,70,-6,70,-12,65,-8,67,-9,69,-11,63,-12,72,-9,65,-10,63,-8,62,-10,58,-11,57,-13,51,-13,53,-14,53,-14,49,-20,45,-18,45,-22,42,-23,42,-28,41,-28,38,-30,40,-35,42,-37,40,-41,40,-40,42,-42,46,-46,45,-44,47,-48,53,-41,51,-38,50,-40,51,-38,49,-35,45,-37,47,-33,46,-33,47,-35,42,-35,44,-36,48,-35,46,-37,46,-34,44,-36,47,-33,48,-29,48,-30,49,-25,51,-27,51,-20,50,-19,51,-15,47,-9,46,-7,45,0,0,0,0,0,0,0,0,0,0,0,0,0,0,0,0,0,0,0,0,0,0,0,-15,18,-17,15,-19,14,-17,14,-17,13,-13,13,-19,12,-20,12,-16,9,-15,11,-19,10,-18,13,-19,13,-18,13,-19,9,-21,9,-21,12,-19,6,-17,6,-16,5,-13,4,-11,2,-8,4,-1,4,-1,4,6,6,6,3,9,11,14,11,20,18,18,20,20,25,20,28,24,36,21,38,24,43,24,40,22,48,19,54,23,53,21,57,19,57,19,61,22,64,18,63,21,60,20,66,19,68,19,66,22,72,15,77,17,75,13,81,14,75,11,74,8,81,9,78,0,0]",1
CSI_DATA,53615,1a:00:00:00:00:00,-30,11,1,0,1,1,1,0,0,0,1,-97,0,11,2,722040494,0,44,0,384,0,"[0,0,0,0,0,0,0,0,0,0,0,0,-10,-10,-10,-9,-10,-10,-10,-9,-10,-9,-10,-9,-9,-9,-9,-9,-9,-8,-9,-8,-9,-7,-9,-7,-9,-6,-9,-6,-9,-5,-9,-5,-9,-4,-10,-4,-10,-3,-10,-3,-11,-3,-11,-3,-12,-3,-12,-2,-12,-2,-13,-2,0,0,-13,-3,-13,-4,-12,-4,-13,-4,-12,-4,-12,-4,-11,-4,-11,-4,-11,-3,-11,-3,-11,-3,-11,-3,-11,-3,-11,-4,-11,-4,-11,-4,-11,-4,-11,-5,-10,-5,-10,-6,-10,-7,-9,-7,-8,-7,-8,-7,-7,-7,-6,-7,0,0,0,0,0,0,0,0,0,0,0,0,0,0,6,72,3,68,10,70,8,67,9,69,10,67,12,69,10,68,12,60,11,61,16,63,15,58,11,61,15,53,10,53,16,51,15,50,19,45,21,46,25,41,26,43,27,39,31,41,36,39,37,38,40,37,41,43,42,45,42,46,43,47,42,48,44,53,40,50,44,48,36,51,36,51,36,45,37,44,38,43,38,42,37,43,36,42,35,45,37,47,36,46,35,42,32,48,32,48,30,48,27,48,24,48,21,46,18,54,12,50,9,49,4,44,5,46,0,0,0,0,0,0,0,0,0,0,0,0,0,0,0,0,0,0,0,0,0,0,-21,-14,-15,-17,-15,-15,-15,-12,-15,-15,-12,-16,-13,-18,-12,-15,-12,-14,-12,-15,-12,-15,-14,-18,-14,-16,-14,-18,-11,-17,-12,-17,-11,-19,-8,-17,-9,-19,-2,-12,-5,-12,-6,-9,-4,-3,-6,-3,-5,-2,-10,2,-7,5,-11,12,-12,12,-19,17,-20,18,-25,22,-25,24,-31,26,-39,27,-42,22,-43,25,-50,23,-51,19,-57,23,-57,24,-55,23,-58,22,-63,21,-61,23,-65,26,-66,25,-66,25,-73,22,-70,20,-75,17,-75,17,-81,15,-74,16,-79,10,-79,14,-78,9,0,0]",1
CSI_DATA,53616,1a:00:00:00:00:00,-30,11,1,0,1,1,1,0,0,0,1,-97,0,11,2,722050503,0,44,0,384,0,"[0,0,0,0,0,0,0,0,0,0,0,0,9,-9,9,-9,9,-9,9,-9,9,-9,9,-8,8,-9,8,-8,8,-8,7,-8,7,-8,7,-8,6,-8,5,-8,5,-8,4,-9,4,-9,3,-9,3,-9,3,-10,2,-10,2,-11,3,-11,2,-12,3,-12,3,-12,0,0,3,-12,4,-12,4,-12,4,-12,4,-11,4,-11,4,-11,3,-11,3,-10,3,-11,3,-11,3,-11,3,-11,3,-10,4,-11,4,-10,4,-10,5,-10,5,-10,5,-9,6,-9,6,-8,7,-7,7,-6,7,-6,6,-5,0,0,0,0,0,0,0,0,0,0,0,0,0,0,-76,5,-71,5,-70,6,-67,4,-69,8,-68,7,-66,11,-69,11,-66,12,-67,12,-59,12,-61,13,-61,13,-53,12,-55,10,-52,13,-52,12,-50,15,-46,19,-44,25,-44,25,-45,28,-39,30,-41,32,-44,36,-42,40,-45,40,-44,42,-50,43,-46,41,-51,40,-54,39,-53,41,-49,39,-52,38,-51,33,-47,33,-46,32,-48,33,-44,34,-44,32,-46,32,-46,30,-47,37,-45,31,-49,34,-47,32,-51,28,-50,27,-50,22,-53,22,-52,18,-52,17,-52,10,-49,6,-44,4,-44,-1,0,0,0,0,0,0,0,0,0,0,0,0,0,0,0,0,0,0,0,0,0,0,10,-19,17,-18,17,-15,14,-12,11,-12,15,-14,13,-12,16,-12,16,-15,14,-14,16,-14,16,-15,13,-14,16,-13,16,-13,18,-10,17,-10,19,-10,16,-6,13,-4,11,-6,10,-1,4,-5,2,-2,0,-5,-7,-4,-9,-8,-10,-14,-17,-9,-19,-19,-22,-18,-23,-24,-24,-30,-24,-36,-25,-40,-24,-40,-24,-46,-22,-47,-23,-51,-21,-54,-22,-57,-22,-58,-24,-59,-22,-61,-24,-62,-19,-61,-22,-68,-22,-70,-21,-71,-21,-67,-15,-75,-20,-75,-17,-78,-17,-76,-16,-80,-13,-81,-9,-78,0,0]",1
CSI_DATA,53617,1a:00:00:00:00:00,-30,11,1,0,1,1,1,0,0,0,1,-97,0,11,2,722070482,0,44,0,384,0,"[0,0,0,0,0,0,0,0,0,0,0,0,-12,6,-11,6,-11,6,-11,6,-11,6,-11,6,-11,6,-10,6,-10,5,-9,6,-9,6,-8,6,-8,6,-7,6,-7,6,-6,7,-6,7,-6,7,-5,8,-5,8,-5,9,-5,9,-5,9,-5,10,-5,10,-5,10,0,0,-6,11,-6,10,-6,10,-6,10,-6,9,-6,9,-6,9,-5,9,-6,9,-5,9,-5,9,-5,9,-5,9,-5,9,-6,9,-6,9,-6,9,-6,8,-7,8,-8,7,-8,7,-8,6,-8,6,-8,5,-8,4,-8,3,0,0,0,0,0,0,0,0,0,0,0,0,0,0,67,35,61,35,62,28,61,30,64,26,62,25,62,27,59,25,63,27,58,26,58,20,54,21,57,22,53,17,53,18,52,13,54,9,48,7,51,3,49,2,48,-2,54,-2,48,-8,51,-10,53,-12,53,-10,57,-15,57,-15,60,-16,62,-17,61,-12,67,-12,63,-8,63,-12,64,-10,59,-4,56,-7,57,-7,56,-6,58,-10,53,-10,53,-13,57,-10,56,-12,56,-11,59,-8,56,-5,60,-6,56,-4,53,0,56,3,54,5,52,9,51,14,48,13,43,14,42,20,0,0,0,0,0,0,0,0,0,0,0,0,0,0,0,0,0,0,0,0,0,0,-23,6,-22,2,-20,2,-18,-1,-21,0,-19,-1,-17,1,-22,-1,-19,-2,-20,2,-18,-4,-22,1,-20,1,-20,0,-17,0,-21,-3,-20,-1,-21,-4,-17,-7,-14,-3,-10,-3,-12,-1,-9,-3,-3,0,-1,3,1,5,0,12,4,11,0,18,7,26,5,28,1,33,3,35,0,42,-2,45,-6,46,-7,50,-10,53,-8,58,-13,57,-12,57,-12,62,-19,61,-16,60,-17,57,-21,60,-20,63,-22,66,-22,72,-25,73,-25,72,-28,74,-31,73,-28,71,-34,73,-34,70,-32,72,0,0]",1
CSI_DATA,53618,1a:00:00:00:00:00,-30,11,1,0,1,1,1,0,0,0,1,-97,0,11,2,722080480,0,44,0,384,0,"[0,0,0,0,0,0,0,0,0,0,0,0,-9,-12,-8,-11,-8,-11,-8,-11,-8,-11,-8,-11,-8,-10,-7,-10,-7,-10,-7,-9,-8,-9,-8,-8,-7,-8,-8,-7,-8,-7,-8,-6,-9,-5,-9,-5,-9,-5,-10,-5,-10,-5,-11,-4,-11,-4,-12,-4,-12,-4,-12,-5,0,0,-12,-5,-12,-5,-12,-5,-12,-6,-11,-6,-11,-6,-11,-5,-10,-5,-11,-5,-11,-5,-11,-4,-11,-5,-11,-5,-11,-5,-11,-5,-11,-5,-11,-6,-10,-6,-10,-7,-9,-7,-9,-8,-8,-8,-8,-8,-6,-8,-6,-8,-5,-8,0,0,0,0,0,0,0,0,0,0,0,0,0,0,-10,71,-11,73,-7,71,-9,68,-5,70,-4,67,-6,68,-6,67,-7,67,0,68,-2,62,-3,63,0,60,0,57,-2,53,3,54,5,53,8,48,11,48,12,48,15,43,18,48,22,43,25,46,26,41,30,47,29,53,34,53,33,55,33,56,30,57,29,61,29,57,27,57,25,57,24,55,27,52,26,52,27,53,25,51,23,50,25,50,24,50,29,50,25,51,26,50,24,53,21,52,16,54,17,51,11,51,8,51,4,51,1,51,0,48,-3,46,-10,44,0,0,0,0,0,0,0,0,0,0,0,0,0,0,0,0,0,0,0,0,0,0,-12,-20,-13,-19,-11,-20,-7,-21,-8,-17,-8,-21,-6,-19,-7,-17,-7,-18,-8,-21,-7,-18,-8,-24,-4,-21,-9,-23,-7,-21,-4,-21,-4,-21,1,-18,-1,-19,-2,-15,-1,-13,-3,-12,1,-6,-3,-3,-5,-2,-7,1,-7,4,-14,5,-18,10,-21,12,-25,13,-34,12,-33,12,-41,15,-42,11,-45,10,-49,9,-54,8,-57,6,-58,6,-57,8,-59,7,-60,6,-66,-1,-67,1,-60,9,-69,7,-74,3,-76,2,-76,1,-76,-6,-79,-2,-78,-2,-80,-6,-85,-8,-82,-9,-79,-10,0,0]",1
CSI_DATA,53619,1a:00:00:00:00:00,-30,11,1,0,1,1,1,0,0,0,1,-97,0,11,2,722090488,0,44,0,384,0,"[0,0,0,0,0,0,0,0,0,0,0,0,10,-8,10,-8,10,-8,10,-8,10,-8,10,-8,9,-7,9,-7,9,-7,8,-7,8,-7,7,-7,6,-7,6,-8,5,-8,5,-8,4,-8,4,-8,4,-9,4,-10,3,-10,3,-10,3,-11,3,-11,3,-12,3,-12,0,0,4,-12,4,-11,5,-12,5,-11,5,-11,5,-11,4,-10,4,-10,4,-10,4,-10,3,-11,4,-10,4,-11,4,-11,4,-10,5,-10,5,-10,5,-10,6,-9,6,-9,7,-8,7,-7,7,-7,7,-6,7,-5,7,-5,0,0,0,0,0,0,0,0,0,0,0,0,0,0,-70,-27,-67,-23,-68,-19,-68,-20,-68,-21,-66,-15,-66,-18,-63,-18,-67,-16,-65,-15,-60,-16,-58,-13,-60,-12,-58,-8,-54,-9,-54,-6,-54,-5,-53,2,-53,-2,-50,2,-56,7,-49,11,-48,15,-48,13,-51,17,-55,20,-54,19,-56,21,-62,20,-59,23,-64,23,-67,18,-64,16,-61,17,-61,13,-60,16,-60,15,-59,13,-56,9,-53,16,-56,17,-54,16,-57,16,-56,17,-59,15,-58,17,-60,11,-58,10,-57,9,-55,3,-56,0,-53,-1,-56,-5,-52,-10,-50,-10,-48,-11,-43,-18,0,0,0,0,0,0,0,0,0,0,0,0,0,0,0,0,0,0,0,0,0,0,22,-11,21,-11,20,-6,19,-4,18,-6,18,-6,18,-2,18,-1,19,-5,20,-5,20,-4,18,-7,20,-7,18,-7,23,-5,20,-2,20,0,20,-2,16,2,12,0,9,1,8,-2,8,0,4,-4,6,-8,-1,-8,-2,-10,-7,-12,-8,-18,-12,-20,-10,-28,-11,-30,-8,-35,-6,-41,-5,-45,-5,-46,-1,-50,-3,-54,0,-56,-2,-57,1,-57,3,-60,6,-63,7,-63,3,-66,6,-67,7,-72,6,-71,11,-73,8,-75,11,-77,9,-77,17,-80,20,-80,16,-81,21,-78,24,-75,0,0]",1
CSI_DATA,53620,1a:00:00:00:00:00,-30,11,1,0,1,1,1,0,0,0,1,-97,0,11,2,722110509,0,44,0,384,0,"[0,0,0,0,0,0,0,0,0,0,0,0,-13,4,-13,4,-13,4,-12,4,-12,4,-12,4,-12,4,-11,4,-11,4,-10,4,-10,4,-10,4,-9,4,-8,5,-8,5,-8,6,-7,6,-7,6,-6,7,-7,7,-6,8,-6,8,-7,9,-7,9,-7,10,-7,10,0,0,-8,9,-8,9,-8,9,-8,9,-8,9,-7,8,-7,8,-7,8,-7,8,-7,8,-6,9,-7,8,-7,8,-7,8,-7,8,-7,8,-8,8,-8,8,-8,7,-9,7,-9,6,-9,5,-9,5,-9,4,-9,3,-8,2,0,0,0,0,0,0,0,0,0,0,0,0,0,0,71,31,64,34,63,24,62,28,63,26,63,24,66,20,65,24,62,23,60,22,56,22,58,22,56,20,55,17,54,16,51,10,50,6,50,5,50,6,48,-1,46,-6,50,-8,50,-9,49,-12,52,-11,55,-15,56,-14,57,-18,60,-16,63,-17,61,-16,66,-11,61,-13,64,-11,60,-11,59,-11,57,-9,57,-6,55,-9,56,-11,54,-9,55,-12,58,-13,56,-12,58,-14,56,-10,58,-11,58,-6,54,-5,51,-3,55,3,55,5,54,7,49,12,46,12,43,17,42,17,0,0,0,0,0,0,0,0,0,0,0,0,0,0,0,0,0,0,0,0,0,0,-23,7,-23,4,-21,2,-20,-2,-17,4,-21,2,-20,0,-22,2,-23,2,-20,4,-18,-1,-23,2,-19,2,-23,1,-22,3,-21,-1,-22,-1,-21,-6,-16,-5,-15,-6,-11,-7,-8,-4,-9,1,-6,2,-5,3,-2,7,1,9,3,12,8,18,5,23,4,28,4,32,5,35,2,41,1,45,-2,43,-3,47,-6,51,-10,53,-11,59,-10,59,-13,59,-15,60,-17,62,-15,62,-12,63,-17,66,-19,66,-18,68,-25,68,-20,75,-22,75,-27,76,-28,72,-26,75,-28,73,-30,74,0,0]",1
CSI_DATA,53621,1a:00:00:00:00:00,-30,11,1,0,1,1,1,0,0,0,1,-97,0,11,2,722120493,0,44,0,384,0,"[0,0,0,0,0,0,0,0,0,0,0,0,-6,-12,-6,-12,-7,-12,-6,-12,-6,-12,-6,-11,-6,-11,-6,-11,-5,-11,-6,-10,-6,-10,-6,-9,-6,-9,-6,-8,-6,-8,-7,-7,-7,-7,-8,-7,-8,-6,-9,-6,-9,-6,-9,-6,-10,-6,-10,-6,-11,-6,-11,-6,0,0,-11,-7,-11,-8,-10,-7,-10,-8,-9,-7,-9,-8,-9,-7,-9,-7,-9,-7,-9,-7,-10,-6,-9,-7,-9,-7,-9,-7,-9,-7,-9,-7,-9,-8,-8,-8,-8,-8,-7,-9,-7,-9,-6,-9,-5,-9,-5,-9,-4,-9,-3,-8,0,0,0,0,0,0,0,0,0,0,0,0,0,0,-30,69,-31,64,-23,65,-31,67,-23,65,-21,63,-23,60,-21,65,-21,61,-22,60,-18,58,-17,57,-16,55,-14,54,-12,50,-13,51,-8,53,-3,52,-2,49,-1,48,7,49,5,50,9,53,12,52,13,52,18,57,14,54,14,56,16,58,17,59,16,63,14,64,14,63,14,59,13,62,10,57,10,56,9,59,9,55,11,58,14,53,14,52,12,57,11,58,10,59,9,55,9,57,7,56,6,56,2,54,-1,55,-4,53,-9,55,-11,50,-15,47,-16,40,-20,41,0,0,0,0,0,0,0,0,0,0,0,0,0,0,0,0,0,0,0,0,0,0,-7,-19,-6,-19,-4,-22,-5,-23,-5,-21,-2,-21,-3,-21,-3,-16,-4,-17,-3,-18,-4,-17,-6,-20,-1,-21,-2,-22,0,-21,1,-21,-1,-20,3,-23,4,-16,4,-16,0,-12,0,-12,-2,-8,1,-6,-4,-4,-7,-1,-12,3,-16,4,-18,8,-24,4,-28,12,-36,7,-36,3,-43,2,-47,2,-49,0,-50,-5,-53,-3,-57,-6,-61,-6,-58,-10,-58,-10,-60,-13,-65,-13,-64,-9,-64,-15,-68,-14,-69,-14,-74,-18,-72,-19,-75,-19,-79,-22,-76,-24,-74,-21,-74,-29,-77,-29,-73,-28,0,0]",1
CSI_DATA,53622,1a:00:00:00:00:00,-30,11,1,0,1,1,1,0,0,0,1,-97,0,11,2,722140504,0,44,0,384,0,"[0,0,0,0,0,0,0,0,0,0,0,0,4,12,4,12,4,11,4,12,4,11,4,11,3,11,3,10,3,10,4,9,4,9,4,9,4,8,4,8,5,7,5,7,6,6,6,6,7,6,7,6,7,6,8,6,8,6,9,6,9,6,9,6,0,0,9,7,9,7,9,7,8,7,8,7,8,7,8,7,7,6,8,6,7,6,8,6,8,6,8,6,8,6,8,7,8,7,7,7,7,7,7,8,6,8,5,8,5,9,4,8,3,8,2,8,2,8,0,0,0,0,0,0,0,0,0,0,0,0,0,0,42,-61,41,-59,37,-58,34,-58,35,-61,34,-57,34,-61,33,-59,34,-59,29,-56,32,-53,30,-53,28,-53,24,-54,23,-52,20,-52,16,-49,16,-47,13,-51,8,-46,6,-52,4,-52,2,-52,-4,-55,0,-56,-4,-56,-5,-64,-8,-62,-5,-64,-9,-66,-2,-65,1,-67,-2,-64,0,-67,5,-62,6,-60,3,-59,6,-61,5,-57,3,-58,1,-59,-3,-59,2,-58,-4,-59,0,-57,3,-57,5,-57,7,-63,6,-54,11,-53,13,-52,16,-51,20,-49,23,-44,23,-42,21,-41,26,-35,0,0,0,0,0,0,0,0,0,0,0,0,0,0,0,0,0,0,0,0,0,0,6,17,2,22,3,22,0,22,1,16,-4,17,-3,17,-2,18,2,21,3,20,-3,21,-2,19,-3,22,-1,23,-5,25,-4,19,-3,23,-7,16,-8,15,-6,14,-3,9,-4,12,-3,6,2,3,3,3,6,1,8,-1,14,-3,17,-4,22,-4,28,-4,30,-3,35,-2,36,2,42,5,47,9,51,6,49,11,53,15,56,12,51,15,57,17,55,19,58,22,60,21,64,20,59,24,64,27,69,27,74,27,71,32,74,32,71,38,72,34,73,38,72,42,67,39,0,0]",1
CSI_DATA,53623,1a:00:00:00:00:00,-30,11,1,0,1,1,1,0,0,0,1,-97,0,11,2,722150508,0,44,0,384,0,"[0,0,0,0,0,0,0,0,0,0,0,0,-14,1,-14,1,-14,2,-13,1,-13,2,-13,1,-13,1,-12,1,-12,1,-11,2,-11,2,-11,2,-10,2,-10,3,-9,3,-9,4,-9,4,-9,5,-8,6,-9,6,-8,6,-8,7,-9,7,-9,8,-9,8,-9,8,0,0,-10,8,-10,8,-10,7,-10,7,-10,7,-10,6,-9,6,-9,6,-9,6,-9,7,-9,7,-9,7,-9,7,-9,7,-10,6,-10,6,-10,6,-10,5,-10,5,-10,4,-11,3,-10,3,-10,2,-10,1,-10,1,-9,0,0,0,0,0,0,0,0,0,0,0,0,0,0,0,56,51,54,47,55,46,51,44,54,41,55,42,52,40,55,42,52,38,53,38,50,35,48,36,51,30,49,29,46,33,47,27,46,19,48,20,48,17,45,15,53,11,49,6,51,4,53,6,53,1,55,1,56,3,63,0,60,4,64,1,64,1,66,8,63,6,64,5,60,9,60,8,57,10,56,11,55,6,56,6,54,4,55,4,55,4,58,2,55,7,60,6,60,8,55,10,54,11,53,16,52,18,50,22,45,25,45,24,41,25,35,28,34,30,0,0,0,0,0,0,0,0,0,0,0,0,0,0,0,0,0,0,0,0,0,0,-24,2,-22,-2,-23,-3,-22,-4,-20,-4,-19,-5,-16,-4,-20,-4,-18,-1,-19,-1,-22,-6,-21,-5,-17,-3,-21,-5,-25,-4,-21,-6,-22,-8,-18,-8,-14,-8,-13,-10,-11,-8,-9,-5,-7,-2,-3,1,-2,3,-4,6,2,10,1,13,-1,18,0,22,-3,27,-5,33,-8,33,-12,39,-11,44,-17,42,-18,46,-21,47,-23,52,-24,54,-26,52,-28,52,-31,57,-33,54,-30,56,-33,56,-30,57,-37,61,-37,60,-40,61,-43,65,-44,68,-47,66,-43,64,-51,64,-54,65,-53,61,0,0]",1
CSI_DATA,53624,1a:00:00:00:00:00,-30,11,1,0,1,1,1,0,0,0,1,-97,0,11,2,722160495,0,44,0,384,0,"[0,0,0,0,0,0,0,0,0,0,0,0,-2,-13,-2,-13,-2,-13,-2,-13,-2,-13,-2,-12,-2,-12,-2,-12,-2,-12,-2,-11,-2,-11,-3,-10,-3,-10,-3,-10,-3,-9,-4,-9,-5,-8,-5,-9,-6,-8,-6,-9,-6,-9,-7,-9,-7,-9,-8,-9,-8,-10,-8,-10,0,0,-8,-10,-8,-10,-7,-10,-7,-10,-7,-10,-7,-10,-6,-10,-6,-9,-7,-9,-7,-9,-7,-9,-7,-9,-7,-9,-7,-9,-7,-10,-6,-10,-6,-10,-6,-10,-5,-10,-4,-10,-3,-11,-3,-10,-2,-10,-2,-10,-1,-9,0,-9,0,0,0,0,0,0,0,0,0,0,0,0,0,0,-47,61,-45,56,-44,56,-41,55,-35,54,-37,62,-34,55,-37,59,-35,54,-36,57,-28,53,-31,50,-32,53,-27,50,-25,50,-21,48,-16,52,-12,46,-14,49,-12,44,-8,48,-4,46,-2,52,0,50,0,52,2,55,5,55,3,59,3,62,4,65,2,64,-1,67,-3,62,-1,64,-1,60,-5,63,-6,58,-5,56,-3,55,0,58,-1,53,1,55,-3,55,-1,58,-3,59,-4,56,-8,58,-8,52,-10,54,-13,53,-15,52,-18,50,-22,47,-22,44,-22,43,-27,37,-28,34,0,0,0,0,0,0,0,0,0,0,0,0,0,0,0,0,0,0,0,0,0,0,-2,-20,-4,-26,-1,-20,1,-23,0,-19,2,-18,0,-20,1,-19,0,-19,4,-20,3,-21,1,-21,1,-21,1,-21,1,-21,4,-20,8,-21,6,-19,6,-15,6,-16,5,-9,2,-11,0,-7,-1,-2,-3,-4,-7,-3,-8,1,-15,1,-20,3,-23,2,-26,-1,-35,1,-38,-1,-44,-8,-44,-7,-46,-11,-44,-14,-51,-15,-54,-18,-51,-17,-58,-19,-56,-22,-60,-26,-55,-25,-59,-30,-64,-24,-65,-27,-65,-29,-71,-34,-67,-32,-67,-32,-74,-36,-73,-42,-66,-42,-72,-40,-74,-43,-63,-44,0,0]",1
CSI_DATA,53625,1a:00:00:00:00:00,-30,11,1,0,1,1,1,0,0,0,1,-97,0,11,2,722180485,0,44,0,384,0,"[0,0,0,0,0,0,0,0,0,0,0,0,-2,12,-2,12,-1,13,-2,12,-2,12,-1,12,-2,11,-1,11,-1,11,-1,10,-1,10,-1,10,-1,9,0,9,1,9,2,9,2,8,2,8,3,8,3,9,4,9,4,9,4,9,5,10,5,10,5,10,0,0,4,11,4,11,4,10,4,11,4,10,3,10,3,10,3,9,4,9,3,9,4,9,4,10,3,10,3,10,3,10,3,10,3,10,2,10,2,10,1,10,0,10,0,10,-1,10,-2,9,-2,8,-3,8,0,0,0,0,0,0,0,0,0,0,0,0,0,0,60,-49,57,-47,55,-50,52,-46,51,-47,49,-48,48,-47,51,-47,48,-46,45,-47,47,-44,46,-43,43,-43,39,-43,36,-44,35,-40,30,-46,28,-48,28,-47,22,-45,19,-48,19,-49,14,-51,14,-51,17,-55,18,-58,16,-58,14,-61,16,-59,14,-67,14,-68,21,-66,21,-67,20,-63,25,-62,23,-63,22,-52,20,-57,20,-54,21,-57,17,-52,15,-53,16,-56,17,-61,19,-58,20,-57,24,-59,22,-53,27,-51,30,-49,32,-49,35,-43,38,-43,38,-43,33,-35,36,-31,39,-28,0,0,0,0,0,0,0,0,0,0,0,0,0,0,0,0,0,0,0,0,0,0,-2,22,-3,23,-1,20,-6,18,-6,19,-6,18,-6,18,-8,18,-9,20,-3,20,-6,21,-4,17,-7,22,-5,20,-8,21,-9,20,-11,20,-13,15,-13,13,-10,13,-8,7,-5,8,-6,4,-2,5,4,0,5,3,9,1,13,-3,20,-2,26,2,25,3,32,10,34,10,38,16,44,16,42,19,42,24,47,25,47,26,50,26,51,32,48,34,49,38,53,39,49,37,58,38,56,42,56,49,53,47,58,51,59,53,65,50,59,62,54,54,58,59,60,60,51,62,0,0]",1
CSI_DATA,53626,1a:00:00:00:00:00,-30,11,1,0,1,1,1,0,0,0,1,-97,0,11,2,722190508,0,44,0,384,0,"[0,0,0,0,0,0,0,0,0,0,0,0,-13,-4,-13,-4,-13,-4,-13,-4,-12,-4,-12,-4,-12,-4,-12,-4,-11,-4,-11,-3,-11,-3,-10,-2,-10,-2,-10,-2,-10,-1,-10,0,-9,0,-10,1,-10,1,-10,2,-10,2,-11,2,-11,2,-11,3,-12,3,-12,3,0,0,-12,2,-13,2,-12,2,-12,1,-12,1,-12,1,-11,1,-11,1,-11,1,-11,1,-11,2,-11,2,-11,1,-11,1,-11,1,-11,1,-12,0,-11,0,-11,-1,-11,-1,-11,-2,-10,-3,-10,-3,-9,-3,-9,-4,-8,-4,0,0,0,0,0,0,0,0,0,0,0,0,0,0,43,65,40,60,43,54,41,56,42,54,43,56,44,46,44,54,40,49,41,47,40,49,45,47,42,45,38,38,37,43,39,39,39,36,38,30,43,28,41,25,46,21,48,21,51,17,48,18,52,19,58,15,56,17,57,15,59,16,63,21,64,19,64,22,63,23,61,21,60,26,59,27,53,28,54,22,56,21,51,19,53,19,53,19,56,21,59,18,54,21,55,20,52,26,54,25,50,27,50,31,47,33,40,34,41,35,33,37,37,39,31,38,23,38,0,0,0,0,0,0,0,0,0,0,0,0,0,0,0,0,0,0,0,0,0,0,-22,-5,-22,-7,-21,-8,-21,-6,-17,-8,-18,-9,-19,-7,-18,-9,-20,-7,-18,-7,-20,-10,-21,-8,-21,-10,-20,-10,-20,-13,-17,-9,-19,-9,-16,-11,-12,-16,-13,-13,-6,-10,-12,-6,-7,-6,-7,-1,-8,0,-5,7,-3,10,-5,14,-3,17,-6,25,-9,27,-14,35,-16,35,-22,40,-24,41,-23,39,-28,40,-33,44,-35,47,-36,47,-37,47,-38,47,-44,48,-42,49,-42,49,-48,51,-48,51,-52,52,-52,54,-57,50,-57,53,-59,55,-63,55,-65,51,-63,57,-70,49,-66,51,0,0]",1
CSI_DATA,53627,1a:00:00:00:00:00,-30,11,1,0,1,1,1,0,0,0,1,-97,0,11,2,722200484,0,44,0,384,0,"[0,0,0,0,0,0,0,0,0,0,0,0,3,-14,3,-13,3,-14,3,-13,3,-13,3,-13,3,-12,2,-12,2,-12,2,-12,2,-11,1,-11,1,-10,0,-10,0,-10,-1,-10,-2,-10,-2,-10,-3,-10,-3,-10,-3,-10,-4,-11,-4,-11,-5,-11,-5,-12,-5,-12,0,0,-4,-12,-4,-13,-4,-12,-4,-13,-3,-12,-3,-12,-3,-11,-3,-11,-4,-11,-4,-11,-4,-11,-4,-11,-4,-11,-4,-11,-4,-12,-3,-11,-3,-12,-3,-11,-2,-12,-1,-11,0,-11,0,-11,1,-11,1,-10,2,-9,2,-9,0,0,0,0,0,0,0,0,0,0,0,0,0,0,-66,38,-63,34,-58,39,-62,38,-59,39,-60,37,-54,38,-60,36,-57,38,-51,39,-53,37,-52,36,-49,37,-45,38,-45,37,-41,37,-39,40,-32,39,-33,40,-29,41,-26,41,-26,42,-22,48,-20,47,-21,50,-20,54,-18,55,-20,56,-18,58,-19,63,-22,59,-27,62,-27,60,-23,62,-29,60,-27,55,-28,50,-28,53,-25,52,-23,53,-21,51,-20,51,-20,52,-18,58,-24,52,-25,56,-27,54,-27,52,-31,52,-32,46,-39,44,-35,41,-37,40,-38,37,-38,32,-38,27,-38,22,0,0,0,0,0,0,0,0,0,0,0,0,0,0,0,0,0,0,0,0,0,0,7,-24,10,-19,9,-20,11,-19,10,-18,9,-17,10,-18,10,-18,12,-18,10,-18,10,-17,10,-21,8,-20,13,-22,12,-22,14,-17,15,-18,11,-14,18,-14,13,-12,11,-9,7,-10,5,-6,2,-5,-3,-7,-5,-7,-10,-3,-15,-6,-19,-6,-19,-10,-26,-13,-32,-15,-32,-18,-34,-24,-41,-26,-36,-34,-38,-32,-43,-34,-41,-37,-42,-39,-43,-43,-45,-43,-43,-49,-46,-48,-42,-49,-43,-52,-48,-54,-45,-53,-48,-60,-47,-62,-52,-62,-54,-61,-50,-68,-47,-63,-53,-67,-46,-69,-43,-74,0,0]",1
CSI_DATA,53628,1a:00:00:00:00:00,-30,11,1,0,1,1,1,0,0,0,1,-97,0,11,2,722220493,0,44,0,384,0,"[0,0,0,0,0,0,0,0,0,0,0,0,-8,10,-7,10,-7,11,-7,10,-7,10,-7,10,-7,10,-6,9,-6,9,-6,9,-6,9,-5,9,-5,8,-4,8,-3,8,-3,9,-2,8,-2,9,-1,9,-1,9,0,9,0,10,0,10,0,11,0,11,0,11,0,0,0,12,-1,12,-1,11,-1,12,-1,11,-1,11,-1,10,-1,10,-1,10,-1,10,0,10,-1,10,-1,10,-1,10,-1,11,-1,10,-2,11,-2,10,-2,10,-3,10,-4,9,-4,9,-5,8,-5,8,-6,7,-6,6,0,0,0,0,0,0,0,0,0,0,0,0,0,0,73,-18,77,-15,69,-18,66,-21,66,-21,65,-19,62,-21,65,-21,63,-18,61,-20,60,-20,60,-20,55,-24,49,-21,51,-23,48,-22,49,-27,43,-26,46,-26,40,-33,38,-36,38,-37,35,-41,33,-40,36,-46,32,-48,36,-50,36,-49,35,-48,40,-53,43,-53,43,-51,45,-45,44,-48,41,-47,41,-45,42,-43,41,-43,38,-43,38,-45,38,-41,39,-44,40,-46,41,-47,39,-44,39,-44,43,-40,44,-39,40,-40,44,-36,49,-37,47,-30,47,-26,50,-23,48,-16,46,-13,45,-11,0,0,0,0,0,0,0,0,0,0,0,0,0,0,0,0,0,0,0,0,0,0,-14,20,-16,15,-14,20,-13,11,-14,14,-14,12,-12,11,-15,12,-13,12,-12,11,-16,14,-16,14,-19,14,-19,15,-17,14,-21,10,-20,14,-16,11,-19,6,-17,5,-12,6,-9,4,-7,3,-2,3,2,3,0,5,8,5,9,8,13,9,19,13,19,16,26,22,26,25,25,29,26,37,28,39,27,39,30,45,30,47,31,47,29,51,29,51,27,58,27,56,30,57,31,62,31,64,33,63,31,69,31,70,32,70,34,71,26,79,22,76,25,82,19,77,22,77,0,0]",1
CSI_DATA,53629,1a:00:00:00:00:00,-30,11,1,0,1,1,1,0,0,0,1,-97,0,11,2,722230486,0,44,0,384,0,"[0,0,0,0,0,0,0,0,0,0,0,0,-12,-8,-12,-8,-12,-7,-12,-8,-11,-7,-11,-7,-11,-7,-10,-7,-10,-7,-10,-6,-10,-6,-10,-5,-9,-5,-9,-4,-9,-4,-10,-3,-9,-2,-10,-2,-10,-1,-11,-1,-11,-1,-11,-1,-12,0,-12,0,-13,0,-13,0,0,0,-13,-1,-13,-1,-13,-1,-13,-1,-12,-1,-12,-2,-12,-2,-11,-1,-11,-1,-12,-1,-12,-1,-12,-1,-12,-1,-12,-1,-12,-1,-12,-2,-12,-2,-12,-2,-11,-3,-11,-4,-11,-5,-10,-5,-10,-6,-9,-6,-8,-6,-7,-6,0,0,0,0,0,0,0,0,0,0,0,0,0,0,12,71,11,72,11,68,17,68,16,68,18,62,15,62,16,65,20,66,20,60,20,59,19,57,20,57,20,54,21,55,20,48,22,47,20,45,25,41,28,40,30,41,33,35,35,33,38,35,40,36,46,34,45,36,48,36,50,40,48,39,46,41,49,42,44,45,47,40,47,43,42,44,41,42,42,40,42,39,41,40,40,36,39,37,42,39,43,37,41,36,43,38,42,39,39,44,37,41,35,40,33,48,28,45,27,44,21,47,18,45,13,45,7,42,0,0,0,0,0,0,0,0,0,0,0,0,0,0,0,0,0,0,0,0,0,0,-19,-15,-15,-14,-14,-16,-12,-17,-16,-14,-10,-18,-13,-14,-15,-17,-14,-18,-13,-16,-17,-19,-13,-17,-15,-17,-14,-20,-11,-16,-12,-18,-11,-18,-8,-20,-7,-18,-5,-15,-6,-11,-4,-10,-4,-9,-6,-5,-6,0,-3,2,-9,5,-9,10,-14,12,-15,17,-19,20,-24,21,-28,26,-30,25,-32,26,-39,27,-45,24,-46,25,-51,24,-49,24,-53,25,-55,26,-55,26,-62,24,-60,25,-57,27,-60,25,-65,29,-69,28,-72,27,-70,24,-78,25,-76,23,-80,21,-81,18,-79,21,-79,18,0,0]",1
CSI_DATA,53630,1a:00:00:00:00:00,-30,11,1,0,1,1,1,0,0,0,1,-97,0,11,2,722240491,0,44,0,384,0,"[0,0,0,0,0,0,0,0,0,0,0,0,7,-11,7,-11,7,-11,7,-11,6,-11,6,-11,6,-11,6,-10,5,-10,5,-10,5,-10,4,-10,4,-9,3,-9,3,-9,2,-10,1,-9,1,-10,0,-10,0,-10,0,-10,-1,-11,-1,-11,-1,-12,-1,-12,-1,-12,0,0,0,-13,-1,-13,0,-12,0,-13,0,-12,0,-12,0,-11,0,-11,-1,-11,0,-11,-1,-11,-1,-11,0,-11,-1,-11,0,-12,0,-11,1,-12,1,-11,1,-11,2,-11,3,-11,3,-10,3,-10,4,-9,4,-8,5,-7,0,0,0,0,0,0,0,0,0,0,0,0,0,0,-70,29,-68,24,-68,24,-63,27,-63,29,-62,28,-58,29,-63,27,-60,26,-59,28,-55,25,-56,28,-52,29,-48,28,-46,26,-45,27,-45,33,-39,32,-41,30,-33,34,-34,37,-29,38,-31,43,-29,41,-31,47,-25,48,-30,52,-30,55,-32,56,-30,57,-33,54,-38,56,-33,53,-38,56,-36,51,-35,51,-37,46,-34,41,-32,45,-30,45,-31,43,-29,46,-34,47,-30,50,-31,47,-31,47,-37,46,-35,45,-38,43,-41,39,-41,38,-41,34,-43,33,-43,26,-44,27,-40,20,-44,16,0,0,0,0,0,0,0,0,0,0,0,0,0,0,0,0,0,0,0,0,0,0,10,-21,11,-19,10,-17,10,-17,13,-14,10,-15,9,-18,13,-18,9,-14,13,-16,10,-18,12,-19,14,-15,13,-16,15,-16,14,-16,14,-15,17,-11,15,-14,12,-10,10,-4,9,-6,6,-1,1,-2,-1,-4,-3,-5,-9,-6,-11,-5,-18,-9,-17,-10,-25,-12,-29,-19,-30,-23,-31,-25,-32,-32,-31,-33,-31,-38,-37,-40,-34,-40,-37,-44,-36,-48,-33,-50,-36,-54,-36,-53,-35,-57,-38,-57,-39,-59,-35,-62,-37,-61,-36,-63,-38,-67,-41,-68,-36,-73,-37,-71,-38,-74,-34,-76,-30,-72,0,0]",1
CSI_DATA,53631,1a:00:00:00:00:00,-30,11,1,0,1,1,1,0,0,0,1,-97,0,11,2,722260503,0,44,0,384,0,"[0,0,0,0,0,0,0,0,0,0,0,0,-9,9,-9,9,-9,9,-9,9,-9,9,-9,9,-8,8,-8,8,-8,8,-7,8,-7,8,-6,8,-6,8,-5,8,-5,8,-4,8,-3,8,-3,8,-2,9,-2,9,-2,9,-2,10,-2,10,-1,11,-2,11,-2,11,0,0,-3,11,-2,12,-2,11,-3,11,-3,11,-3,11,-3,10,-2,10,-2,10,-2,10,-2,10,-2,10,-2,10,-2,10,-3,10,-3,10,-3,10,-4,10,-4,10,-5,9,-5,9,-6,8,-6,8,-6,7,-7,6,-6,5,0,0,0,0,0,0,0,0,0,0,0,0,0,0,73,-4,75,-1,72,-8,69,-7,73,-9,67,-8,66,-10,69,-11,67,-9,63,-9,64,-12,61,-11,61,-12,56,-12,53,-13,51,-16,53,-18,44,-22,46,-22,42,-24,40,-29,41,-31,40,-32,41,-37,42,-37,40,-36,40,-40,43,-46,43,-45,47,-44,45,-48,51,-44,48,-41,49,-43,49,-41,50,-40,47,-39,42,-36,47,-38,44,-39,45,-35,44,-41,43,-44,45,-42,40,-38,44,-40,44,-34,49,-36,45,-30,49,-30,51,-27,47,-25,51,-23,53,-11,47,-13,44,-10,46,-6,0,0,0,0,0,0,0,0,0,0,0,0,0,0,0,0,0,0,0,0,0,0,-16,17,-19,12,-17,13,-16,11,-17,10,-19,10,-19,10,-18,11,-21,8,-15,12,-18,10,-19,11,-20,12,-20,14,-23,12,-23,7,-23,9,-19,6,-20,6,-14,3,-16,2,-11,4,-6,3,-3,-1,-4,2,1,6,7,6,5,9,14,14,17,15,17,21,19,27,20,30,18,34,22,39,19,41,23,44,18,51,21,50,20,54,15,56,19,59,16,59,17,63,14,63,18,63,14,66,16,72,20,74,16,75,17,78,17,79,14,78,13,82,12,81,8,80,9,83,0,0]",1
CSI_DATA,53632,1a:00:00:00:00:00,-30,11,1,0,1,1,1,0,0,0,1,-97,0,11,2,722270504,0,44,0,384,0,"[0,0,0,0,0,0,0,0,0,0,0,0,-10,-10,-10,-10,-10,-10,-10,-9,-10,-9,-10,-9,-9,-9,-9,-9,-9,-8,-9,-8,-9,-8,-9,-7,-9,-7,-8,-6,-9,-5,-9,-4,-9,-4,-10,-4,-10,-3,-10,-3,-11,-3,-11,-2,-11,-2,-12,-2,-12,-2,-13,-2,0,0,-13,-3,-13,-3,-13,-3,-13,-3,-12,-3,-12,-3,-11,-3,-11,-3,-11,-3,-11,-3,-11,-3,-11,-3,-11,-3,-11,-3,-12,-3,-11,-3,-12,-4,-11,-4,-11,-5,-10,-5,-10,-6,-9,-6,-9,-7,-8,-7,-7,-7,-6,-7,0,0,0,0,0,0,0,0,0,0,0,0,0,0,7,76,10,67,13,72,9,69,13,62,14,67,10,62,13,73,14,60,13,64,13,60,13,58,14,59,16,49,14,50,19,50,20,47,20,45,22,46,23,41,31,42,28,38,35,38,35,37,35,38,38,43,42,38,44,38,46,40,47,40,43,45,46,51,41,46,43,48,40,46,43,49,38,43,34,43,32,44,37,38,37,38,37,40,36,42,41,40,39,44,35,43,36,47,34,45,31,47,28,47,25,49,21,50,16,48,14,48,11,46,7,46,5,43,0,0,0,0,0,0,0,0,0,0,0,0,0,0,0,0,0,0,0,0,0,0,-19,-15,-18,-16,-16,-14,-17,-15,-13,-16,-14,-13,-15,-15,-15,-14,-13,-16,-15,-14,-13,-14,-14,-14,-13,-17,-17,-19,-11,-17,-13,-19,-13,-18,-9,-16,-9,-17,-1,-16,-6,-16,-4,-9,-6,-5,-3,-3,-4,-3,-4,3,-7,8,-7,11,-12,16,-15,19,-19,17,-25,19,-24,22,-34,23,-34,28,-39,26,-39,24,-44,30,-48,24,-52,22,-54,24,-52,24,-60,22,-60,25,-62,23,-62,22,-66,24,-64,24,-70,20,-68,22,-73,20,-73,25,-80,21,-71,18,-78,18,-81,21,-78,14,0,0]",1
CSI_DATA,53633,1a:00:00:00:00:00,-30,11,1,0,1,1,1,0,0,0,1,-97,0,11,2,722280508,0,44,0,384,0,"[0,0,0,0,0,0,0,0,0,0,0,0,8,-10,8,-10,8,-10,8,-10,8,-10,8,-10,7,-9,7,-9,7,-9,6,-9,6,-9,5,-9,5,-9,4,-9,4,-9,3,-9,3,-9,2,-9,2,-10,1,-10,1,-10,1,-11,1,-11,1,-12,1,-12,1,-12,0,0,2,-13,2,-12,2,-12,2,-12,2,-12,2,-11,2,-11,2,-11,1,-11,2,-11,1,-11,1,-11,1,-11,1,-11,2,-11,2,-11,2,-11,3,-11,3,-11,4,-10,5,-10,5,-9,5,-9,5,-8,6,-7,6,-6,0,0,0,0,0,0,0,0,0,0,0,0,0,0,-80,8,-77,2,-75,7,-71,9,-72,12,-70,9,-72,11,-71,12,-67,10,-66,14,-59,11,-62,14,-64,14,-56,13,-54,10,-56,17,-52,17,-50,21,-45,18,-43,24,-43,27,-44,30,-42,37,-39,33,-41,36,-43,42,-39,41,-45,44,-46,45,-46,48,-51,43,-51,45,-52,39,-50,43,-52,40,-48,39,-47,39,-45,37,-43,38,-46,39,-43,36,-43,36,-45,37,-45,36,-47,39,-48,39,-51,36,-51,33,-46,31,-51,27,-54,28,-52,23,-50,22,-55,14,-49,13,-46,9,-46,3,0,0,0,0,0,0,0,0,0,0,0,0,0,0,0,0,0,0,0,0,0,0,17,-18,14,-15,15,-18,21,-15,15,-14,13,-10,17,-13,17,-12,18,-11,15,-14,17,-15,16,-14,16,-14,16,-12,18,-11,21,-11,22,-10,20,-8,18,-8,12,-6,11,-5,11,-4,8,1,6,-5,1,-4,-2,-5,-6,-6,-11,-9,-12,-12,-20,-16,-18,-24,-22,-23,-25,-30,-23,-32,-25,-38,-21,-41,-25,-44,-24,-50,-22,-54,-23,-57,-21,-59,-22,-56,-19,-59,-19,-64,-19,-60,-19,-59,-26,-67,-26,-71,-19,-69,-20,-75,-17,-76,-17,-82,-18,-81,-16,-77,-9,-84,-10,-79,-13,-80,0,0]",1
CSI_DATA,53634,1a:00:00:00:00:00,-30,11,1,0,1,1,1,0,0,0,1,-97,0,11,2,722300483,0,44,0,384,0,"[0,0,0,0,0,0,0,0,0,0,0,0,-5,12,-5,11,-5,12,-5,11,-5,12,-5,11,-5,11,-5,10,-5,10,-4,10,-4,9,-3,9,-3,9,-2,9,-2,8,-1,9,-1,8,0,9,0,9,1,9,1,9,1,10,1,10,2,11,2,11,2,11,0,0,1,11,1,12,1,11,1,11,1,11,1,11,1,10,1,10,1,10,1,10,1,10,1,10,1,10,1,10,1,11,0,10,0,11,0,10,-1,10,-2,10,-3,10,-3,10,-4,9,-4,8,-4,8,-5,7,0,0,0,0,0,0,0,0,0,0,0,0,0,0,67,-39,63,-34,61,-39,62,-39,60,-37,57,-38,57,-38,59,-41,56,-38,53,-36,51,-38,51,-36,48,-36,45,-37,43,-32,42,-32,39,-35,37,-39,34,-39,30,-42,29,-44,26,-43,24,-51,23,-51,22,-47,20,-53,21,-54,19,-58,26,-61,22,-61,27,-59,29,-62,30,-57,30,-61,28,-55,30,-55,27,-53,30,-48,30,-51,24,-52,24,-49,21,-51,27,-54,23,-55,28,-55,28,-50,31,-53,32,-51,33,-46,36,-47,39,-44,38,-39,39,-34,39,-31,41,-31,40,-26,41,-21,0,0,0,0,0,0,0,0,0,0,0,0,0,0,0,0,0,0,0,0,0,0,-5,22,-9,21,-6,17,-8,22,-8,15,-7,16,-9,17,-10,14,-12,18,-8,20,-10,20,-13,19,-11,21,-12,21,-15,18,-14,17,-15,18,-16,16,-11,11,-10,9,-8,8,-8,7,-8,5,0,4,1,4,4,4,7,3,10,5,17,4,22,9,26,11,29,16,32,18,34,20,37,24,38,26,37,32,38,33,45,35,43,37,44,40,39,38,40,45,44,48,48,46,44,50,45,50,47,55,46,55,49,56,48,60,47,64,48,67,45,65,46,66,49,71,43,68,0,0]",1
CSI_DATA,53635,1a:00:00:00:00:00,-30,11,1,0,1,1,1,0,0,0,1,-97,0,11,2,722310480,0,44,0,384,0,"[0,0,0,0,0,0,0,0,0,0,0,0,-13,-4,-13,-4,-13,-3,-13,-4,-13,-3,-12,-4,-12,-3,-12,-3,-11,-3,-11,-3,-11,-3,-11,-2,-10,-1,-10,-1,-10,-1,-10,0,-9,1,-10,1,-9,2,-10,2,-10,3,-10,3,-11,3,-11,4,-11,4,-11,4,0,0,-12,4,-12,3,-12,3,-12,3,-11,3,-11,3,-11,3,-11,3,-11,3,-10,3,-11,4,-11,3,-11,3,-11,3,-11,3,-11,3,-11,2,-11,2,-11,1,-11,1,-11,0,-11,-1,-11,-1,-10,-2,-9,-2,-9,-3,0,0,0,0,0,0,0,0,0,0,0,0,0,0,41,62,35,62,38,58,42,55,41,59,43,52,45,53,42,51,44,55,37,48,36,50,39,51,40,46,39,48,38,39,42,39,37,38,38,32,37,33,44,23,43,22,46,22,45,17,51,17,52,24,57,17,58,21,58,16,59,19,60,15,65,18,64,22,59,26,60,21,59,23,52,27,54,27,54,25,56,28,54,20,53,23,51,20,56,20,57,18,54,21,58,22,53,23,56,27,47,29,47,30,44,36,42,33,39,36,39,38,33,36,31,34,24,38,0,0,0,0,0,0,0,0,0,0,0,0,0,0,0,0,0,0,0,0,0,0,-23,-3,-22,-5,-21,-10,-19,-9,-19,-10,-17,-9,-18,-9,-17,-10,-19,-9,-19,-10,-19,-13,-21,-11,-21,-10,-19,-12,-17,-15,-21,-14,-18,-14,-15,-14,-14,-14,-11,-10,-11,-13,-9,-12,-6,-4,-4,-2,-3,0,-5,7,-3,7,-4,16,-5,19,-8,22,-9,27,-15,33,-14,31,-21,34,-25,36,-29,40,-30,40,-32,42,-35,43,-37,42,-43,45,-40,49,-42,47,-45,47,-43,47,-48,48,-48,48,-52,48,-55,48,-59,54,-57,54,-58,54,-64,51,-66,50,-65,52,-71,47,-67,47,0,0]",1
CSI_DATA,53636,1a:00:00:00:00:00,-30,11,1,0,1,1,1,0,0,0,1,-97,0,11,2,722320483,0,44,0,384,0,"[0,0,0,0,0,0,0,0,0,0,0,0,2,-13,2,-13,2,-13,2,-13,2,-13,2,-13,1,-12,1,-12,1,-12,1,-11,1,-11,0,-11,0,-10,-1,-10,-1,-10,-2,-10,-2,-9,-3,-9,-4,-9,-4,-10,-4,-10,-5,-10,-5,-10,-5,-10,-6,-11,-6,-11,0,0,-5,-12,-5,-11,-5,-12,-5,-12,-5,-11,-5,-11,-4,-11,-5,-10,-5,-10,-5,-10,-5,-10,-5,-10,-5,-11,-5,-11,-5,-11,-4,-11,-4,-11,-4,-11,-3,-11,-2,-11,-2,-11,-1,-11,0,-11,0,-10,1,-9,1,-9,0,0,0,0,0,0,0,0,0,0,0,0,0,0,-61,43,-58,41,-59,43,-55,44,-53,44,-48,46,-49,42,-54,44,-50,45,-46,41,-48,40,-43,41,-42,42,-39,39,-38,40,-37,39,-31,40,-30,42,-26,44,-24,42,-19,43,-18,48,-15,51,-14,45,-16,48,-13,54,-14,58,-13,56,-16,62,-17,61,-16,63,-17,62,-16,61,-20,58,-20,60,-20,56,-16,53,-18,54,-14,55,-18,54,-13,51,-14,53,-16,58,-14,54,-16,55,-17,56,-20,51,-22,56,-24,48,-25,50,-27,48,-26,44,-30,43,-34,40,-35,34,-37,33,-35,28,0,0,0,0,0,0,0,0,0,0,0,0,0,0,0,0,0,0,0,0,0,0,1,-22,9,-20,7,-19,8,-22,7,-19,9,-17,5,-17,5,-17,10,-21,8,-16,6,-18,9,-21,12,-19,11,-18,10,-20,10,-17,13,-18,15,-15,11,-15,13,-13,8,-9,10,-10,4,-6,2,-5,-2,-3,-5,-6,-10,-6,-12,-5,-20,-5,-20,-4,-25,-10,-32,-10,-33,-15,-34,-19,-38,-25,-40,-26,-41,-27,-42,-30,-45,-36,-47,-38,-44,-41,-46,-36,-44,-44,-46,-43,-50,-40,-45,-43,-48,-45,-52,-48,-57,-50,-54,-53,-53,-52,-54,-58,-56,-58,-51,-55,-54,-62,-53,-62,-49,-63,0,0]",1
CSI_DATA,53637,1a:00:00:00:00:00,-30,11,1,0,1,1,1,0,0,0,1,-97,0,11,2,722340489,0,44,0,384,0,"[0,0,0,0,0,0,0,0,0,0,0,0,-1,13,-1,13,-1,13,-1,13,-1,13,-1,12,-1,12,-1,11,-1,11,-1,11,0,10,0,10,0,9,1,9,1,9,2,9,2,8,3,8,4,8,4,9,4,9,5,9,5,9,6,9,6,10,6,10,0,0,5,10,5,11,5,10,5,10,5,10,5,10,4,10,4,9,5,9,5,9,5,9,5,9,5,9,5,9,5,10,4,10,4,10,4,10,3,10,2,10,1,10,1,10,0,10,0,9,-1,9,-2,8,0,0,0,0,0,0,0,0,0,0,0,0,0,0,66,-42,64,-39,59,-39,60,-40,58,-43,54,-45,55,-43,58,-42,54,-42,54,-43,50,-40,49,-39,46,-38,42,-39,41,-37,38,-40,38,-42,32,-40,34,-39,26,-43,26,-44,24,-47,18,-45,18,-52,20,-51,21,-56,17,-59,14,-58,17,-63,18,-63,20,-61,23,-63,24,-58,24,-62,25,-58,28,-58,23,-53,26,-52,27,-55,25,-57,19,-55,19,-54,19,-54,21,-57,23,-56,22,-54,26,-57,28,-55,27,-51,30,-48,32,-47,36,-42,36,-40,36,-38,33,-32,38,-32,39,-22,0,0,0,0,0,0,0,0,0,0,0,0,0,0,0,0,0,0,0,0,0,0,-6,18,-8,20,-9,17,-10,21,-9,18,-7,19,-13,15,-8,18,-10,17,-10,18,-9,18,-11,19,-14,21,-12,23,-12,18,-12,18,-13,16,-13,12,-12,12,-13,9,-11,8,-6,8,-3,3,-6,4,0,5,2,4,6,3,12,5,17,4,24,5,26,9,29,12,32,18,34,21,35,24,35,27,38,30,42,29,41,36,43,41,42,43,43,39,44,45,46,46,44,45,45,49,49,49,48,55,52,55,51,57,52,57,51,62,51,63,49,58,53,62,46,66,44,68,0,0]",1
CSI_DATA,53638,1a:00:00:00:00:00,-30,11,1,0,1,1,1,0,0,0,1,-97,0,11,2,722350497,0,44,0,384,0,"[0,0,0,0,0,0,0,0,0,0,0,0,-14,-1,-14,-1,-14,-1,-14,-1,-13,-1,-13,-1,-13,-1,-12,-1,-12,-1,-11,-1,-11,-1,-11,0,-11,0,-10,1,-10,1,-10,2,-9,2,-9,3,-9,4,-9,4,-10,4,-10,5,-10,5,-10,5,-11,6,-11,6,0,0,-12,6,-11,5,-11,5,-11,5,-11,5,-11,4,-11,4,-10,4,-10,5,-10,5,-10,5,-10,5,-10,5,-10,5,-11,4,-11,4,-11,4,-11,3,-11,3,-11,2,-11,1,-11,1,-11,0,-10,-1,-10,-1,-9,-2,0,0,0,0,0,0,0,0,0,0,0,0,0,0,55,49,57,44,58,47,56,44,58,42,57,42,52,40,55,39,56,38,54,38,52,33,47,36,49,32,54,31,46,31,48,25,49,24,46,21,46,15,49,16,48,10,48,5,54,2,55,5,51,2,58,2,59,-2,61,-1,63,-3,65,-3,67,-2,65,-3,63,5,64,3,64,5,62,1,62,4,55,5,58,4,54,1,56,0,59,-2,59,0,58,1,63,0,61,1,58,5,61,11,57,11,56,12,53,14,51,15,51,19,49,26,42,22,39,26,37,26,0,0,0,0,0,0,0,0,0,0,0,0,0,0,0,0,0,0,0,0,0,0,-23,1,-25,-3,-21,-4,-21,-8,-19,-7,-17,-4,-18,-2,-22,-5,-22,-5,-20,-5,-21,-7,-22,-7,-20,-7,-21,-8,-24,-7,-21,-9,-18,-11,-17,-13,-17,-7,-13,-10,-10,-10,-10,-8,-7,-5,-5,-2,-5,-1,-2,6,-4,6,-2,15,0,18,-1,25,-6,26,-7,34,-7,38,-11,37,-14,44,-17,40,-18,45,-23,49,-25,51,-26,51,-27,53,-29,54,-29,52,-31,57,-34,56,-29,59,-33,61,-34,61,-39,65,-39,62,-40,63,-42,68,-49,67,-48,64,-50,66,-53,63,-52,67,0,0]",1
CSI_DATA,53639,1a:00:00:00:00:00,-30,11,1,0,1,1,1,0,0,0,1,-97,0,11,2,722370487,0,44,0,384,0,"[0,0,0,0,0,0,0,0,0,0,0,0,13,-3,12,-3,13,-3,13,-3,12,-3,12,-3,12,-2,11,-2,11,-2,10,-3,10,-3,10,-3,9,-3,9,-4,8,-4,8,-5,8,-5,8,-6,7,-6,8,-7,7,-7,8,-8,8,-8,8,-9,8,-9,8,-9,0,0,9,-8,9,-8,9,-8,9,-8,9,-7,9,-7,9,-7,8,-7,8,-7,8,-7,8,-8,8,-8,8,-7,8,-7,9,-7,9,-7,9,-6,9,-6,10,-6,10,-5,10,-4,10,-3,9,-3,9,-2,9,-1,8,-1,0,0,0,0,0,0,0,0,0,0,0,0,0,0,-57,-49,-61,-44,-57,-40,-60,-42,-63,-40,-57,-38,-61,-38,-60,-35,-59,-37,-55,-34,-53,-35,-53,-33,-53,-32,-49,-32,-51,-29,-48,-25,-50,-21,-51,-18,-49,-17,-49,-11,-48,-8,-53,-6,-52,-2,-55,-3,-54,-2,-57,-1,-61,2,-62,3,-66,2,-65,2,-65,-4,-65,-2,-68,-4,-63,-2,-64,-1,-61,-6,-61,-5,-60,-5,-59,-6,-60,-3,-60,-1,-61,0,-58,-3,-65,-1,-57,-3,-59,-5,-59,-8,-60,-7,-55,-8,-57,-12,-56,-15,-53,-17,-54,-21,-47,-22,-45,-22,-44,-26,-34,-27,0,0,0,0,0,0,0,0,0,0,0,0,0,0,0,0,0,0,0,0,0,0,21,0,24,1,23,0,23,0,21,3,20,2,24,3,17,-1,21,2,22,2,22,3,24,5,21,2,22,3,20,5,21,9,21,7,19,4,13,6,13,8,8,6,10,5,6,5,5,-1,2,-2,2,-5,-1,-9,1,-19,-4,-21,-4,-24,-2,-27,1,-30,6,-36,10,-40,8,-42,13,-48,16,-46,14,-48,19,-54,20,-56,21,-52,24,-60,30,-59,29,-62,27,-59,27,-58,30,-60,32,-66,36,-69,36,-66,37,-69,37,-72,40,-69,49,-67,44,-70,50,-67,51,-65,0,0]",1
CSI_DATA,53640,1a:00:00:00:00:00,-30,11,1,0,1,1,1,0,0,0,1,-97,0,11,2,722380490,0,44,0,384,0,"[0,0,0,0,0,0,0,0,0,0,0,0,2,13,2,12,2,13,2,12,2,12,2,12,2,11,2,11,2,11,2,10,3,10,3,10,3,9,3,8,4,8,5,8,5,7,5,7,6,7,6,7,7,7,7,7,8,7,8,7,9,7,9,7,0,0,8,8,8,8,8,8,8,8,8,8,7,8,7,8,7,7,7,7,7,7,8,7,8,7,7,7,8,7,8,8,7,8,7,8,7,8,6,9,5,9,5,9,4,9,3,9,3,9,2,9,1,8,0,0,0,0,0,0,0,0,0,0,0,0,0,0,35,-75,30,-67,30,-69,25,-70,23,-64,25,-67,20,-61,22,-67,20,-68,20,-64,21,-62,17,-60,16,-57,14,-59,15,-55,13,-56,6,-54,5,-52,4,-49,-4,-55,-6,-53,-5,-50,-11,-54,-14,-53,-12,-52,-15,-56,-20,-58,-17,-57,-20,-62,-20,-63,-16,-64,-19,-66,-17,-65,-16,-62,-14,-59,-12,-63,-11,-57,-15,-57,-15,-61,-13,-57,-11,-56,-16,-55,-15,-60,-18,-56,-15,-59,-18,-59,-12,-60,-12,-60,-9,-59,-5,-59,1,-58,1,-56,4,-56,9,-53,11,-52,12,-47,16,-40,0,0,0,0,0,0,0,0,0,0,0,0,0,0,0,0,0,0,0,0,0,0,7,21,1,22,3,21,2,20,-2,21,0,17,0,21,-1,21,-1,21,0,20,0,20,-3,20,-6,21,0,23,0,24,-2,21,-1,21,-6,17,-3,17,-1,15,-8,11,-4,8,-2,10,0,9,0,0,6,-1,8,-2,13,-6,19,-5,23,-5,25,-7,32,-5,36,-4,41,-2,44,-2,43,3,49,5,53,4,53,8,57,6,56,10,58,8,64,15,63,12,64,12,69,13,66,11,70,16,69,19,75,21,75,21,75,22,74,28,73,23,77,29,77,31,77,28,0,0]",1
CSI_DATA,53641,1a:00:00:00:00:00,-30,11,1,0,1,1,1,0,0,0,1,-97,0,11,2,722390505,0,44,0,384,0,"[0,0,0,0,0,0,0,0,0,0,0,0,-14,0,-14,0,-14,1,-14,0,-13,0,-13,0,-13,0,-12,0,-12,0,-12,1,-12,1,-11,1,-11,1,-10,2,-10,2,-9,3,-9,3,-9,4,-9,5,-9,5,-9,5,-9,6,-9,6,-9,7,-10,7,-10,7,0,0,-10,7,-11,7,-10,7,-11,6,-10,6,-10,6,-10,6,-9,6,-9,6,-9,6,-9,6,-9,6,-10,6,-9,6,-10,6,-10,6,-10,5,-10,5,-10,4,-10,4,-11,3,-10,2,-11,2,-10,1,-10,0,-9,-1,0,0,0,0,0,0,0,0,0,0,0,0,0,0,57,48,59,44,57,39,56,43,56,36,60,38,56,34,54,36,52,33,53,33,49,34,50,34,51,29,50,25,48,26,47,21,48,19,48,15,48,16,47,8,50,10,46,3,51,3,49,2,55,-1,56,-3,57,-6,60,-10,62,-6,63,-9,65,-4,68,-2,60,1,65,-3,59,2,60,3,59,3,60,3,56,4,58,-3,52,-3,58,-2,59,-5,56,-3,59,1,58,-2,60,7,58,4,57,9,54,10,52,14,51,15,50,15,46,22,43,23,40,21,35,27,0,0,0,0,0,0,0,0,0,0,0,0,0,0,0,0,0,0,0,0,0,0,-23,1,-24,-1,-22,-4,-23,-6,-22,-4,-20,-4,-19,-2,-20,-3,-21,-1,-23,-5,-20,-7,-22,-3,-21,-4,-23,-3,-24,-7,-22,-7,-20,-10,-17,-10,-17,-7,-10,-11,-14,-9,-12,-7,-8,-6,-6,-1,-5,1,-6,5,1,9,1,14,0,15,2,22,0,25,-1,34,-8,35,-10,37,-12,40,-19,41,-13,47,-18,49,-20,49,-22,53,-21,51,-23,53,-28,56,-27,55,-25,58,-31,58,-32,60,-32,62,-37,65,-32,63,-34,66,-35,68,-45,67,-39,63,-43,69,-46,65,-45,63,0,0]",1
CSI_DATA,53642,1a:00:00:00:00:00,-30,11,1,0,1,1,1,0,0,0,1,-97,0,11,2,722410499,0,44,0,384,0,"[0,0,0,0,0,0,0,0,0,0,0,0,13,1,13,0,13,0,13,0,13,0,12,0,12,0,11,0,11,0,11,0,11,-1,10,-1,10,-1,9,-2,9,-2,9,-3,8,-3,9,-4,8,-4,9,-5,9,-5,9,-6,9,-6,9,-7,10,-7,10,-7,0,0,11,-6,11,-6,10,-6,11,-6,10,-5,10,-5,10,-5,9,-5,9,-5,9,-6,9,-6,9,-6,9,-6,10,-5,10,-5,10,-5,10,-5,10,-4,10,-4,10,-3,10,-2,10,-1,10,-1,9,0,9,0,8,1,0,0,0,0,0,0,0,0,0,0,0,0,0,0,-51,-60,-45,-59,-49,-52,-48,-54,-49,-51,-52,-54,-51,-45,-54,-48,-51,-45,-48,-45,-46,-44,-46,-43,-45,-39,-46,-36,-45,-39,-46,-34,-49,-31,-46,-27,-43,-28,-46,-20,-46,-17,-48,-12,-54,-12,-54,-10,-55,-9,-61,-9,-60,-7,-62,-10,-62,-11,-66,-8,-65,-7,-69,-10,-61,-12,-65,-12,-62,-14,-61,-13,-57,-14,-58,-14,-58,-12,-57,-8,-57,-7,-60,-10,-60,-9,-60,-8,-59,-8,-60,-11,-59,-15,-57,-17,-58,-16,-54,-18,-54,-24,-50,-24,-45,-25,-46,-31,-41,-33,-38,-32,-32,-36,0,0,0,0,0,0,0,0,0,0,0,0,0,0,0,0,0,0,0,0,0,0,23,2,20,7,16,6,19,8,17,6,17,7,18,5,18,8,17,5,22,7,20,11,19,7,20,9,18,9,19,12,17,12,21,15,14,10,12,10,13,10,11,12,10,8,6,4,4,0,4,-2,1,-5,2,-10,1,-16,1,-17,4,-25,7,-23,10,-32,15,-36,16,-39,17,-42,20,-40,26,-46,28,-45,27,-46,30,-49,36,-49,32,-50,40,-50,40,-50,42,-52,41,-56,42,-60,46,-58,45,-57,47,-57,52,-61,54,-64,55,-60,56,-56,58,-56,63,-59,56,-55,0,0]",1
CSI_DATA,53643,1a:00:00:00:00:00,-30,11,1,0,1,1,1,0,0,0,1,-97,0,11,2,722420477,0,44,0,384,0,"[0,0,0,0,0,0,0,0,0,0,0,0,1,13,1,13,1,13,1,13,1,12,1,12,1,12,1,11,0,11,1,11,1,10,2,10,2,9,3,9,3,9,3,8,4,8,4,8,5,7,5,8,5,8,6,8,6,8,7,8,7,9,7,9,0,0,7,9,7,10,7,9,6,9,6,9,6,9,6,9,6,9,6,8,6,8,6,8,6,8,6,8,6,9,6,9,6,9,5,9,5,9,4,10,3,10,3,10,2,10,1,10,1,9,0,9,0,8,0,0,0,0,0,0,0,0,0,0,0,0,0,0,52,-55,52,-52,45,-55,47,-51,43,-52,45,-54,39,-58,43,-57,39,-51,42,-49,37,-51,39,-46,37,-51,31,-48,33,-48,32,-46,25,-49,23,-45,24,-44,19,-46,15,-50,13,-46,11,-51,8,-51,8,-50,6,-56,9,-59,9,-63,5,-60,4,-65,8,-62,13,-64,16,-66,10,-62,15,-60,14,-61,15,-56,15,-58,11,-55,13,-57,13,-55,12,-56,10,-58,9,-59,13,-57,14,-59,16,-57,19,-55,22,-53,23,-50,24,-51,26,-50,30,-45,29,-43,34,-37,30,-34,32,-29,0,0,0,0,0,0,0,0,0,0,0,0,0,0,0,0,0,0,0,0,0,0,3,20,3,22,-1,23,-3,21,0,20,-1,18,-4,18,-2,21,-3,18,-2,22,-4,19,-6,20,0,21,-6,23,-6,21,-3,21,-7,20,-6,17,-8,13,-8,13,-7,13,-5,8,-2,9,0,5,2,2,2,2,9,2,14,-1,18,-3,23,-1,25,3,31,2,34,2,36,5,40,12,45,13,43,15,49,16,47,21,47,22,49,24,52,24,54,29,55,28,57,30,53,28,58,31,60,37,64,38,63,41,62,39,66,42,61,47,64,44,65,50,62,53,61,49,0,0]",1
CSI_DATA,53644,1a:00:00:00:00:00,-30,11,1,0,1,1,1,0,0,0,1,-97,0,11,2,722431269,0,44,0,384,0,"[0,0,0,0,0,0,0,0,0,0,0,0,8,10,8,9,8,9,8,9,8,9,7,9,7,9,7,9,7,8,7,8,7,7,7,7,7,6,7,6,7,5,7,4,8,4,8,3,8,3,9,3,9,3,9,2,10,2,10,2,11,2,11,2,0,0,11,3,11,3,11,3,11,3,10,3,10,3,10,3,10,3,10,3,10,3,10,2,10,3,10,3,10,3,10,3,10,3,10,4,10,4,9,4,8,5,8,6,8,6,7,6,6,6,6,7,5,6,0,0,0,0,0,0,0,0,0,0,0,0,0,0,-2,-81,5,-73,1,-76,-2,-73,-2,-71,-4,-71,-4,-69,-4,-71,-5,-70,-3,-66,-3,-67,-9,-62,-7,-62,-8,-62,-10,-60,-10,-53,-10,-54,-11,-52,-17,-47,-18,-47,-25,-46,-26,-44,-31,-47,-32,-44,-32,-47,-33,-48,-38,-50,-41,-47,-41,-51,-42,-51,-42,-50,-39,-56,-37,-55,-40,-54,-34,-52,-35,-55,-32,-51,-31,-49,-32,-52,-36,-49,-33,-49,-34,-49,-30,-49,-35,-48,-33,-48,-35,-48,-31,-52,-33,-51,-26,-51,-22,-53,-22,-54,-15,-51,-11,-53,-10,-54,-6,-50,-2,-47,3,-46,0,0,0,0,0,0,0,0,0,0,0,0,0,0,0,0,0,0,0,0,0,0,14,16,11,17,12,17,12,20,10,16,8,18,8,18,10,18,11,17,8,16,9,17,9,19,10,22,13,24,8,19,8,19,6,21,10,19,4,19,3,16,-1,13,-1,10,1,9,2,3,3,3,5,0,11,-6,13,-9,12,-14,20,-15,21,-17,28,-17,31,-20,38,-20,42,-19,41,-19,46,-17,51,-15,52,-15,53,-16,58,-14,57,-15,62,-11,66,-15,61,-13,67,-18,67,-14,70,-12,76,-13,75,-13,78,-7,80,-14,81,-7,77,-7,82,-4,88,-1,79,-3,0,0]",1
CSI_DATA,53645,1a:00:00:00:00:00,-30,11,1,0,1,1,1,0,0,0,1,-97,0,11,2,722450510,0,44,0,384,0,"[0,0,0,0,0,0,0,0,0,0,0,0,13,0,12,0,12,0,12,0,12,0,12,0,11,0,11,0,11,0,10,-1,10,-1,10,-1,9,-1,9,-2,9,-2,8,-3,8,-3,8,-4,8,-5,8,-5,8,-5,8,-6,9,-6,9,-7,9,-7,9,-7,0,0,10,-7,10,-7,10,-6,10,-6,10,-6,10,-6,9,-5,9,-5,9,-6,9,-6,9,-6,9,-6,9,-6,9,-6,9,-6,9,-5,9,-5,9,-5,10,-4,10,-3,10,-3,10,-2,9,-2,9,-1,9,0,8,0,0,0,0,0,0,0,0,0,0,0,0,0,0,0,-39,-65,-41,-59,-43,-61,-39,-59,-45,-57,-38,-56,-43,-55,-43,-56,-45,-52,-42,-50,-40,-47,-43,-47,-46,-47,-41,-42,-39,-41,-41,-37,-40,-36,-41,-33,-41,-30,-43,-26,-43,-23,-45,-20,-46,-15,-47,-18,-47,-16,-59,-15,-59,-17,-59,-14,-62,-16,-61,-15,-63,-15,-66,-15,-67,-21,-63,-17,-60,-19,-63,-22,-57,-20,-56,-20,-54,-18,-59,-20,-58,-15,-57,-14,-56,-18,-60,-15,-57,-17,-58,-19,-57,-21,-58,-21,-53,-21,-52,-24,-52,-27,-47,-29,-46,-29,-41,-35,-38,-34,-35,-33,-29,-36,0,0,0,0,0,0,0,0,0,0,0,0,0,0,0,0,0,0,0,0,0,0,20,6,20,12,20,13,16,13,15,10,15,7,20,7,17,10,17,9,14,14,18,14,14,14,18,15,16,14,18,15,16,12,15,16,12,16,12,14,9,11,9,11,7,7,3,5,2,0,4,1,6,-8,2,-5,4,-15,5,-18,7,-21,11,-28,17,-30,19,-30,28,-33,26,-37,29,-40,33,-38,36,-41,39,-42,42,-43,42,-44,43,-45,44,-40,48,-47,49,-45,47,-45,50,-49,54,-49,53,-51,58,-47,61,-50,62,-54,66,-49,64,-48,60,-51,70,-50,65,-45,0,0]",1
CSI_DATA,53646,1a:00:00:00:00:00,-30,11,1,0,1,1,1,0,0,0,1,-97,0,11,2,722460494,0,44,0,384,0,"[0,0,0,0,0,0,0,0,0,0,0,0,0,13,0,13,0,13,0,13,0,12,0,12,0,12,0,11,0,11,0,11,0,11,1,10,1,10,1,9,2,9,3,8,3,8,4,8,4,8,5,8,5,8,6,8,6,8,6,9,7,9,7,9,0,0,6,10,6,10,6,10,6,10,6,10,5,10,5,9,5,9,6,9,6,9,6,9,6,9,6,9,6,9,5,9,5,9,5,10,4,9,4,10,3,10,2,10,2,10,1,10,0,9,0,9,-1,8,0,0,0,0,0,0,0,0,0,0,0,0,0,0,56,-56,51,-51,49,-57,46,-56,44,-55,44,-57,42,-57,41,-58,37,-51,41,-52,40,-54,36,-48,35,-53,31,-47,31,-50,26,-46,23,-49,22,-48,21,-50,15,-46,7,-52,9,-47,5,-52,4,-52,6,-53,3,-59,-1,-61,-1,-59,1,-66,0,-66,2,-67,5,-68,5,-63,7,-66,9,-62,10,-62,8,-61,7,-58,9,-62,7,-65,7,-58,6,-58,6,-59,2,-61,6,-62,3,-58,8,-58,8,-60,13,-55,14,-56,21,-52,21,-51,22,-48,25,-44,24,-43,30,-41,31,-36,0,0,0,0,0,0,0,0,0,0,0,0,0,0,0,0,0,0,0,0,0,0,-1,21,-3,23,-5,21,-6,21,-4,20,-5,19,-6,19,-5,19,-5,22,-5,19,-6,18,-8,17,-2,23,-6,21,-10,20,-8,19,-8,19,-10,15,-10,16,-9,14,-8,7,-7,8,-7,5,1,3,1,4,6,3,7,0,13,0,16,-2,23,2,26,3,30,3,34,8,38,12,40,17,43,19,45,17,46,17,48,21,54,23,52,24,52,29,51,31,54,30,55,32,56,37,57,36,61,39,62,41,62,40,68,44,68,43,70,50,60,49,64,52,66,56,61,53,0,0]",1
CSI_DATA,53647,1a:00:00:00:00:00,-30,11,1,0,1,1,1,0,0,0,1,-97,0,11,2,722480502,0,44,0,384,0,"[0,0,0,0,0,0,0,0,0,0,0,0,-1,-14,-1,-14,-1,-14,-1,-14,-1,-13,-1,-13,-1,-13,-1,-12,-1,-12,-2,-12,-2,-12,-2,-11,-2,-10,-3,-10,-3,-10,-4,-9,-4,-9,-5,-9,-6,-9,-6,-9,-6,-9,-7,-9,-7,-9,-8,-9,-8,-10,-8,-10,0,0,-8,-11,-8,-11,-7,-11,-7,-11,-7,-10,-7,-10,-7,-10,-7,-10,-7,-10,-7,-9,-7,-9,-7,-10,-7,-10,-7,-10,-6,-10,-6,-10,-6,-11,-6,-10,-5,-11,-4,-11,-3,-11,-3,-11,-2,-11,-2,-10,-1,-10,0,-9,0,0,0,0,0,0,0,0,0,0,0,0,0,0,-60,43,-60,49,-51,47,-54,48,-51,49,-46,46,-46,47,-50,50,-46,49,-45,42,-44,42,-44,38,-41,45,-39,42,-35,40,-34,42,-29,43,-26,42,-28,42,-22,43,-19,45,-17,49,-11,49,-14,49,-12,51,-12,58,-12,57,-6,57,-7,63,-8,63,-10,62,-12,64,-14,62,-12,61,-13,63,-16,59,-15,55,-17,54,-16,54,-14,57,-12,55,-10,53,-10,56,-10,58,-12,58,-12,55,-16,56,-20,58,-18,51,-18,49,-26,52,-26,45,-29,43,-30,44,-30,39,-32,33,-32,24,0,0,0,0,0,0,0,0,0,0,0,0,0,0,0,0,0,0,0,0,0,0,4,-24,6,-21,6,-22,6,-22,8,-18,6,-18,11,-18,7,-18,7,-19,5,-17,8,-20,6,-20,8,-22,8,-20,10,-20,10,-20,12,-18,11,-16,7,-14,13,-11,9,-8,3,-5,4,-7,-1,-6,-1,-4,-4,-3,-8,-4,-13,-2,-19,-4,-22,-6,-28,-9,-29,-10,-34,-13,-39,-18,-39,-21,-39,-24,-40,-27,-42,-27,-44,-31,-46,-31,-47,-33,-49,-35,-49,-37,-55,-39,-47,-38,-55,-43,-52,-45,-49,-49,-56,-51,-57,-49,-56,-49,-59,-54,-54,-55,-56,-57,-62,-56,-55,-58,-54,-58,0,0]",1
CSI_DATA,53648,1a:00:00:00:00:00,-30,11,1,0,1,1,1,0,0,0,1,-97,0,11,2,722490504,0,44,0,384,0,"[0,0,0,0,0,0,0,0,0,0,0,0,13,0,13,0,13,0,13,0,12,0,12,0,12,0,11,0,11,0,11,-1,10,-1,10,-1,10,-1,9,-2,9,-2,9,-3,8,-3,8,-4,8,-5,8,-5,8,-5,9,-6,9,-6,9,-7,10,-7,10,-7,0,0,11,-7,10,-7,10,-6,10,-6,10,-6,10,-6,10,-5,9,-6,9,-6,9,-6,9,-6,9,-6,9,-5,9,-6,10,-5,10,-5,10,-5,10,-4,10,-4,10,-3,10,-2,10,-2,10,-1,9,0,9,1,8,1,0,0,0,0,0,0,0,0,0,0,0,0,0,0,-58,-52,-55,-52,-59,-47,-55,-45,-54,-45,-58,-44,-56,-42,-52,-43,-54,-41,-52,-40,-51,-37,-50,-40,-52,-33,-48,-34,-50,-35,-48,-28,-48,-24,-48,-21,-47,-22,-47,-13,-53,-13,-53,-12,-52,-8,-49,-8,-53,-7,-57,-6,-60,-4,-65,-4,-65,-6,-66,-3,-68,-6,-66,-5,-61,-6,-66,-6,-61,-10,-62,-12,-60,-11,-59,-15,-62,-11,-60,-8,-58,-9,-59,-9,-57,-9,-59,-7,-59,-13,-59,-9,-58,-16,-55,-17,-58,-15,-53,-19,-55,-22,-49,-26,-49,-27,-45,-31,-42,-27,-37,-30,-34,-30,0,0,0,0,0,0,0,0,0,0,0,0,0,0,0,0,0,0,0,0,0,0,21,-3,23,1,20,2,22,0,19,5,19,2,19,1,19,2,23,4,16,2,19,5,22,1,23,5,23,6,20,7,21,3,24,8,23,6,13,10,15,11,11,9,10,6,5,6,3,-1,6,-2,2,-5,-1,-12,0,-16,-1,-19,-3,-26,1,-28,2,-37,6,-35,7,-39,12,-44,11,-43,16,-46,18,-49,19,-50,17,-51,28,-54,24,-55,28,-56,30,-60,28,-59,38,-62,35,-58,40,-61,42,-63,41,-64,40,-67,40,-67,44,-63,46,-62,50,-67,51,-65,52,-62,0,0]",1
CSI_DATA,53649,1a:00:00:00:00:00,-30,11,1,0,1,1,1,0,0,0,1,-97,0,11,2,722500489,0,44,0,384,0,"[0,0,0,0,0,0,0,0,0,0,0,0,0,13,0,12,0,13,0,13,0,13,0,12,0,12,0,11,0,11,1,11,1,10,1,10,1,10,2,9,2,9,3,8,3,8,4,8,4,8,5,8,5,8,6,8,6,9,7,9,7,9,7,9,0,0,6,10,6,10,6,10,6,10,5,10,5,10,5,9,5,9,5,9,5,9,6,9,5,9,5,9,5,9,5,9,5,10,4,10,4,9,3,10,3,10,2,10,1,10,1,10,0,9,-1,9,-1,8,0,0,0,0,0,0,0,0,0,0,0,0,0,0,46,-61,47,-53,47,-59,41,-56,38,-59,41,-59,37,-57,39,-60,37,-59,35,-56,36,-52,35,-53,32,-53,29,-48,28,-48,22,-50,23,-50,17,-50,16,-51,13,-47,7,-48,6,-48,6,-54,2,-52,6,-53,1,-56,-3,-58,-4,-61,-3,-63,-2,-68,-1,-68,0,-71,2,-67,1,-64,2,-66,4,-64,6,-57,6,-60,11,-57,5,-59,6,-59,0,-59,3,-59,2,-59,0,-61,4,-61,9,-58,9,-61,10,-57,12,-55,19,-54,20,-53,24,-51,25,-48,25,-43,24,-42,26,-34,0,0,0,0,0,0,0,0,0,0,0,0,0,0,0,0,0,0,0,0,0,0,-3,20,-1,22,-1,20,-3,22,-2,20,-5,21,-4,16,-1,19,-4,20,-6,23,-5,19,-5,17,1,19,-5,24,-7,21,-4,19,-8,18,-7,19,-8,19,-9,13,-8,12,-7,11,-7,7,0,5,0,4,5,2,10,0,13,-3,19,-1,23,-1,28,1,32,3,37,4,39,7,40,12,42,14,48,15,50,15,50,20,52,21,55,27,58,24,51,26,57,27,59,31,60,26,62,31,63,35,66,40,63,38,65,40,68,39,65,46,66,46,68,49,65,52,63,48,0,0]",1
CSI_DATA,53650,1a:00:00:00:00:00,-30,11,1,0,1,1,1,0,0,0,1,-97,0,11,2,722520498,0,44,0,384,0,"[0,0,0,0,0,0,0,0,0,0,0,0,2,-14,1,-13,1,-13,1,-13,1,-13,1,-12,1,-12,1,-12,1,-12,0,-11,0,-11,0,-11,0,-10,-1,-10,-1,-10,-2,-10,-2,-9,-3,-9,-4,-9,-4,-10,-4,-10,-5,-10,-5,-10,-6,-10,-6,-11,-6,-11,0,0,-6,-12,-5,-12,-5,-11,-5,-12,-5,-11,-5,-11,-4,-11,-5,-10,-5,-10,-5,-10,-5,-10,-5,-10,-5,-10,-5,-11,-4,-11,-4,-11,-4,-11,-4,-11,-3,-11,-2,-11,-2,-11,-1,-11,-1,-10,0,-10,1,-10,1,-9,0,0,0,0,0,0,0,0,0,0,0,0,0,0,-62,43,-63,41,-55,41,-56,42,-51,42,-54,41,-52,43,-53,44,-49,42,-50,45,-49,41,-46,39,-46,41,-43,43,-42,42,-35,38,-32,40,-31,43,-29,43,-23,43,-23,45,-21,45,-18,49,-17,51,-18,50,-14,53,-16,57,-14,59,-14,58,-14,61,-15,61,-21,65,-18,62,-20,59,-21,57,-21,61,-22,56,-21,52,-19,53,-19,52,-16,53,-17,55,-17,54,-16,56,-20,57,-18,55,-22,53,-24,52,-25,51,-26,49,-31,46,-30,46,-32,40,-35,38,-36,33,-31,31,-34,26,0,0,0,0,0,0,0,0,0,0,0,0,0,0,0,0,0,0,0,0,0,0,4,-20,6,-21,7,-21,10,-20,9,-20,11,-18,10,-21,6,-19,8,-19,6,-18,7,-20,7,-16,10,-22,11,-19,8,-19,13,-20,10,-16,17,-14,11,-14,10,-10,11,-12,8,-10,8,-6,1,-8,-2,-6,-4,-5,-9,-5,-16,-5,-17,-6,-20,-9,-26,-6,-33,-14,-33,-17,-38,-19,-37,-24,-40,-26,-40,-29,-40,-32,-40,-36,-44,-39,-44,-36,-46,-37,-48,-44,-46,-41,-48,-42,-45,-46,-48,-45,-52,-49,-51,-52,-49,-56,-53,-55,-53,-56,-55,-58,-52,-59,-52,-67,-51,-64,-44,-68,0,0]",1
CSI_DATA,53651,1a:00:00:00:00:00,-30,11,1,0,1,1,1,0,0,0,1,-97,0,11,2,722530494,0,44,0,384,0,"[0,0,0,0,0,0,0,0,0,0,0,0,12,1,13,1,12,1,12,1,12,1,12,1,11,1,11,1,11,1,10,0,10,0,10,-1,9,-1,9,-1,9,-2,9,-2,8,-3,8,-3,8,-4,9,-4,9,-5,9,-5,9,-5,9,-6,10,-6,10,-6,0,0,11,-6,10,-6,11,-6,10,-5,10,-5,10,-5,10,-4,9,-5,9,-5,9,-5,9,-6,9,-5,9,-5,10,-5,10,-5,10,-4,10,-4,10,-4,10,-3,10,-2,10,-2,10,-1,9,-1,9,0,9,0,8,1,0,0,0,0,0,0,0,0,0,0,0,0,0,0,-45,-65,-44,-62,-42,-55,-43,-58,-47,-54,-47,-50,-49,-51,-45,-53,-46,-52,-43,-49,-42,-46,-42,-50,-41,-46,-45,-43,-43,-42,-45,-39,-44,-37,-43,-30,-42,-29,-47,-26,-48,-24,-48,-22,-47,-19,-51,-18,-52,-17,-56,-20,-56,-18,-60,-15,-63,-15,-65,-13,-62,-19,-66,-23,-62,-22,-61,-22,-64,-23,-61,-25,-55,-22,-55,-25,-55,-26,-57,-22,-55,-19,-57,-19,-60,-23,-57,-18,-53,-23,-57,-24,-53,-28,-53,-32,-49,-28,-46,-30,-46,-32,-45,-33,-39,-38,-36,-37,-34,-37,-31,-38,-26,-40,0,0,0,0,0,0,0,0,0,0,0,0,0,0,0,0,0,0,0,0,0,0,23,2,23,5,20,6,20,3,18,6,15,8,18,7,18,6,19,6,17,8,18,6,23,4,19,6,21,11,19,13,17,9,19,11,19,14,14,13,9,10,10,9,9,6,5,4,2,-2,3,-4,3,-6,0,-9,4,-15,4,-20,5,-24,9,-28,8,-32,13,-34,18,-37,20,-37,23,-40,26,-42,26,-43,34,-44,28,-50,35,-49,35,-49,42,-50,40,-52,41,-50,42,-50,48,-54,50,-53,53,-52,53,-54,51,-56,57,-60,59,-58,57,-59,59,-56,67,-54,67,-50,0,0]",1
CSI_DATA,53652,1a:00:00:00:00:00,-30,11,1,0,1,1,1,0,0,0,1,-97,0,11,2,722540501,0,44,0,384,0,"[0,0,0,0,0,0,0,0,0,0,0,0,-5,12,-5,12,-4,12,-5,12,-5,12,-4,12,-4,11,-4,11,-4,10,-3,10,-3,10,-3,10,-2,10,-2,9,-1,9,0,9,0,9,0,9,1,9,2,9,2,9,2,10,2,10,3,10,3,11,3,11,0,0,2,12,2,12,2,12,2,12,2,11,2,11,2,11,2,10,2,10,2,10,2,10,2,10,2,10,2,11,1,11,1,11,1,11,1,11,0,10,-1,10,-2,10,-2,10,-3,10,-3,9,-4,8,-4,7,0,0,0,0,0,0,0,0,0,0,0,0,0,0,70,-28,65,-26,64,-28,62,-29,62,-32,60,-29,61,-30,59,-31,59,-35,56,-29,55,-30,50,-29,54,-30,50,-32,47,-30,42,-28,41,-33,39,-35,36,-30,34,-37,30,-40,30,-40,24,-41,27,-46,27,-47,23,-52,25,-53,24,-54,25,-56,29,-58,30,-58,32,-56,27,-56,31,-56,31,-56,32,-54,31,-50,31,-50,30,-53,27,-52,29,-47,26,-48,27,-51,24,-51,26,-49,29,-55,34,-48,33,-51,35,-45,34,-41,37,-40,40,-38,39,-34,44,-30,41,-29,40,-26,41,-20,0,0,0,0,0,0,0,0,0,0,0,0,0,0,0,0,0,0,0,0,0,0,-12,20,-18,17,-12,15,-14,15,-12,17,-13,10,-14,15,-13,14,-16,16,-14,15,-17,15,-15,15,-13,15,-16,15,-18,13,-16,13,-15,12,-16,10,-15,8,-14,8,-13,7,-10,3,-5,2,-4,5,-2,5,2,6,7,5,10,5,17,9,18,12,22,13,24,18,26,23,28,25,28,32,29,35,30,37,32,39,34,42,35,42,32,47,35,48,32,51,35,51,34,52,35,57,35,58,36,60,35,66,37,65,38,67,41,67,36,73,33,71,34,75,30,72,28,70,0,0]",1
CSI_DATA,53653,1a:00:00:00:00:00,-30,11,1,0,1,1,1,0,0,0,1,-97,0,11,2,722560489,0,44,0,384,0,"[0,0,0,0,0,0,0,0,0,0,0,0,4,-13,4,-13,4,-13,4,-13,4,-13,4,-12,4,-12,4,-11,3,-11,3,-11,2,-11,2,-10,2,-10,1,-10,1,-10,0,-10,-1,-9,-1,-10,-2,-10,-2,-10,-2,-10,-3,-11,-3,-11,-3,-11,-4,-12,-4,-12,0,0,-3,-13,-3,-12,-3,-12,-2,-12,-2,-12,-2,-12,-2,-12,-2,-11,-2,-11,-2,-11,-3,-11,-2,-11,-2,-11,-2,-11,-2,-11,-1,-11,-1,-12,-1,-11,0,-11,1,-11,2,-11,2,-11,2,-10,2,-9,3,-9,3,-8,0,0,0,0,0,0,0,0,0,0,0,0,0,0,-75,31,-71,27,-67,33,-65,31,-63,31,-63,31,-60,32,-63,32,-59,29,-59,32,-57,31,-56,32,-52,32,-50,29,-51,29,-44,34,-44,32,-39,34,-39,33,-33,36,-32,40,-32,37,-27,43,-24,45,-27,49,-24,51,-25,57,-24,56,-29,55,-29,58,-28,58,-30,60,-28,57,-31,59,-32,56,-35,55,-33,52,-29,48,-29,50,-30,51,-28,50,-30,50,-29,50,-29,52,-30,49,-30,51,-33,49,-33,46,-37,46,-39,42,-39,41,-44,38,-41,32,-43,30,-42,28,-43,23,-40,19,0,0,0,0,0,0,0,0,0,0,0,0,0,0,0,0,0,0,0,0,0,0,7,-21,10,-18,11,-20,14,-21,8,-14,14,-16,13,-15,12,-17,16,-18,13,-18,12,-19,10,-16,13,-24,17,-19,13,-16,15,-13,18,-16,18,-13,13,-11,11,-10,13,-9,10,-8,6,-6,5,-5,0,-3,-7,-7,-10,-6,-12,-7,-18,-10,-22,-9,-26,-12,-27,-20,-31,-23,-36,-26,-34,-28,-33,-33,-32,-36,-36,-39,-38,-45,-35,-45,-37,-48,-37,-49,-36,-53,-39,-56,-39,-54,-42,-55,-41,-57,-40,-59,-43,-64,-45,-62,-40,-66,-40,-69,-36,-74,-39,-70,-42,-72,-40,-75,-37,-73,0,0]",1
CSI_DATA,53654,1a:00:00:00:00:00,-30,11,1,0,1,1,1,0,0,0,1,-97,0,11,2,722570481,0,44,0,384,0,"[0,0,0,0,0,0,0,0,0,0,0,0,12,3,12,3,12,3,12,3,12,3,11,3,11,3,11,3,10,3,10,2,10,2,10,1,9,1,9,0,9,0,9,-1,8,-1,8,-2,9,-3,9,-3,9,-3,9,-4,10,-4,10,-5,10,-5,11,-5,0,0,11,-4,11,-4,11,-4,11,-4,11,-3,11,-3,10,-3,10,-3,10,-3,10,-4,10,-4,10,-4,10,-4,10,-4,10,-3,10,-3,10,-3,10,-2,10,-2,10,-1,10,0,10,0,9,1,9,1,8,2,7,2,0,0,0,0,0,0,0,0,0,0,0,0,0,0,-26,-72,-23,-66,-31,-65,-28,-63,-32,-64,-34,-63,-31,-63,-34,-65,-35,-61,-31,-58,-28,-57,-28,-55,-31,-53,-30,-51,-27,-50,-31,-46,-32,-45,-33,-39,-35,-36,-38,-34,-40,-32,-40,-31,-43,-27,-44,-28,-46,-24,-51,-29,-52,-27,-54,-28,-58,-30,-60,-28,-56,-28,-62,-35,-56,-30,-57,-32,-57,-38,-52,-39,-51,-33,-54,-33,-51,-33,-50,-31,-49,-26,-55,-26,-52,-32,-51,-29,-55,-33,-51,-32,-50,-34,-49,-33,-47,-37,-44,-38,-46,-39,-38,-42,-37,-42,-32,-43,-28,-43,-26,-41,-19,-45,0,0,0,0,0,0,0,0,0,0,0,0,0,0,0,0,0,0,0,0,0,0,19,11,19,13,13,13,15,17,13,14,15,12,14,13,16,11,16,11,14,12,15,16,14,13,17,15,15,15,16,15,12,19,13,17,11,19,10,15,4,12,4,10,8,9,3,4,4,4,5,-2,5,-3,9,-6,9,-13,7,-16,13,-24,14,-23,19,-28,24,-27,26,-28,30,-29,37,-31,39,-32,43,-32,43,-33,47,-32,53,-36,53,-32,52,-30,57,-37,55,-36,54,-33,60,-37,62,-39,65,-42,66,-37,71,-38,72,-39,71,-39,72,-34,78,-33,77,-35,75,-34,0,0]",1
CSI_DATA,53655,1a:00:00:00:00:00,-30,11,1,0,1,1,1,0,0,0,1,-97,0,11,2,722580499,0,44,0,384,0,"[0,0,0,0,0,0,0,0,0,0,0,0,-6,11,-6,11,-5,11,-6,11,-6,11,-5,11,-5,10,-5,10,-5,10,-5,9,-4,9,-4,9,-4,9,-3,9,-2,9,-1,9,-1,8,0,9,0,9,1,9,1,9,1,10,1,10,2,10,2,11,2,11,0,0,1,12,1,11,1,11,1,11,1,11,1,11,1,11,1,10,1,10,1,10,1,10,1,10,1,10,1,10,1,10,0,11,0,11,0,10,-1,10,-1,10,-2,10,-3,10,-3,9,-3,8,-4,8,-4,7,0,0,0,0,0,0,0,0,0,0,0,0,0,0,69,-38,64,-35,61,-35,62,-37,58,-40,56,-39,55,-36,55,-38,55,-38,51,-36,50,-34,51,-36,49,-38,47,-34,42,-36,40,-38,38,-36,34,-37,34,-35,27,-42,25,-42,26,-41,22,-47,21,-48,17,-49,16,-54,19,-53,20,-58,19,-59,20,-61,18,-59,27,-62,26,-59,24,-61,26,-59,28,-58,27,-54,26,-54,23,-54,23,-51,21,-48,22,-55,26,-56,21,-56,20,-55,22,-53,26,-53,27,-51,30,-47,31,-49,36,-45,32,-44,37,-41,37,-36,38,-27,36,-26,38,-22,0,0,0,0,0,0,0,0,0,0,0,0,0,0,0,0,0,0,0,0,0,0,-8,21,-10,22,-12,16,-12,19,-14,14,-12,14,-13,14,-12,14,-9,13,-14,18,-11,15,-14,17,-12,20,-13,17,-15,17,-15,16,-16,15,-15,10,-15,10,-10,8,-11,7,-7,5,-3,5,1,6,-1,4,4,5,7,5,14,4,17,8,22,12,23,10,26,17,27,19,31,22,34,27,36,30,36,32,36,38,36,40,39,38,39,41,37,44,39,44,42,44,39,47,45,48,43,51,43,57,45,58,45,57,44,59,48,60,41,66,39,66,47,65,42,70,39,67,0,0]",1
CSI_DATA,53656,1a:00:00:00:00:00,-30,11,1,0,1,1,1,0,0,0,1,-97,0,11,2,722590478,0,44,0,384,0,"[0,0,0,0,0,0,0,0,0,0,0,0,-13,-5,-13,-4,-13,-4,-13,-5,-13,-4,-12,-4,-12,-4,-12,-4,-11,-4,-11,-3,-11,-3,-11,-3,-10,-2,-10,-2,-10,-1,-10,0,-9,0,-10,1,-9,1,-10,2,-10,2,-11,2,-11,3,-11,3,-12,3,-12,3,0,0,-12,3,-12,3,-12,3,-12,2,-12,2,-12,2,-11,2,-11,2,-11,2,-11,2,-11,3,-11,3,-11,2,-11,2,-11,2,-11,2,-12,1,-11,1,-11,0,-11,0,-11,-1,-11,-2,-10,-2,-9,-2,-9,-3,-8,-3,0,0,0,0,0,0,0,0,0,0,0,0,0,0,29,72,34,65,28,65,31,63,30,59,30,59,33,63,32,64,34,58,32,55,29,55,30,55,30,52,31,50,29,49,34,46,30,38,34,36,34,36,34,32,40,32,41,31,45,26,44,24,46,27,52,24,55,25,55,27,59,26,56,27,58,29,61,33,57,32,55,30,57,34,54,35,52,34,51,28,50,31,50,29,48,26,54,27,53,28,54,28,49,29,49,26,50,30,48,33,46,33,40,37,42,41,36,39,37,43,33,44,28,41,24,41,18,40,0,0,0,0,0,0,0,0,0,0,0,0,0,0,0,0,0,0,0,0,0,0,-24,-7,-21,-9,-16,-14,-19,-14,-17,-14,-16,-13,-13,-12,-16,-11,-18,-13,-17,-13,-15,-11,-21,-9,-20,-11,-16,-16,-17,-17,-18,-17,-13,-13,-13,-19,-10,-18,-8,-17,-8,-13,-3,-8,-5,-3,-6,-2,-6,2,-9,4,-6,9,-7,12,-8,21,-11,20,-15,23,-19,28,-22,29,-25,29,-31,33,-34,33,-36,34,-37,35,-47,36,-43,37,-49,35,-52,34,-49,37,-51,38,-51,41,-57,34,-56,43,-60,37,-63,41,-64,40,-65,42,-71,46,-73,44,-70,34,-72,41,-70,37,-74,34,0,0]",1
CSI_DATA,53657,1a:00:00:00:00:00,-30,11,1,0,1,1,1,0,0,0,1,-97,0,11,2,722610481,0,44,0,384,0,"[0,0,0,0,0,0,0,0,0,0,0,0,12,5,12,5,12,5,12,5,12,5,11,5,11,5,10,5,10,4,10,4,10,4,10,3,9,3,9,2,9,2,9,1,9,0,9,0,9,-1,9,-2,10,-1,10,-2,10,-2,11,-3,11,-3,11,-3,0,0,12,-2,12,-2,12,-2,12,-2,11,-2,11,-1,11,-1,11,-1,11,-2,11,-2,11,-2,11,-2,11,-2,11,-2,11,-1,11,-1,11,0,11,0,11,0,10,1,10,2,10,2,9,3,8,3,8,4,7,4,0,0,0,0,0,0,0,0,0,0,0,0,0,0,-32,-72,-29,-66,-31,-65,-32,-63,-34,-64,-30,-62,-37,-60,-33,-65,-30,-61,-34,-60,-29,-57,-31,-56,-30,-50,-33,-51,-29,-48,-36,-46,-35,-43,-33,-39,-32,-36,-38,-34,-43,-31,-42,-30,-41,-29,-48,-26,-45,-30,-51,-29,-53,-27,-58,-25,-56,-29,-62,-28,-57,-30,-62,-34,-59,-34,-57,-34,-55,-32,-53,-35,-51,-35,-53,-32,-52,-33,-53,-30,-50,-31,-50,-29,-49,-33,-54,-31,-51,-30,-50,-32,-46,-35,-52,-35,-44,-38,-41,-39,-42,-42,-39,-42,-36,-44,-30,-44,-26,-44,-23,-39,-19,-43,0,0,0,0,0,0,0,0,0,0,0,0,0,0,0,0,0,0,0,0,0,0,23,7,19,6,19,10,18,8,20,9,15,11,17,10,14,9,14,12,15,11,17,8,17,10,17,14,17,13,16,15,16,15,15,17,11,11,10,13,11,8,6,9,6,9,5,2,3,0,6,-2,4,-5,4,-10,5,-15,6,-15,8,-24,12,-26,13,-27,19,-31,26,-29,28,-37,35,-38,35,-36,37,-36,42,-38,41,-39,44,-40,45,-38,48,-38,54,-40,51,-43,59,-40,56,-42,60,-42,64,-48,65,-43,63,-44,67,-45,70,-41,71,-39,74,-39,74,-36,74,-36,0,0]",1
CSI_DATA,53658,1a:00:00:00:00:00,-30,11,1,0,1,1,1,0,0,0,1,-97,0,11,2,722620490,0,44,0,384,0,"[0,0,0,0,0,0,0,0,0,0,0,0,-7,11,-6,11,-6,11,-6,11,-6,11,-6,11,-6,10,-6,10,-5,10,-5,9,-5,9,-4,9,-4,9,-3,9,-3,9,-2,9,-1,8,-1,8,0,9,0,9,1,9,1,10,1,10,1,10,1,11,1,11,0,0,1,12,0,12,0,12,0,11,0,11,0,11,0,11,0,10,0,10,0,10,1,10,0,10,0,10,0,11,0,11,-1,11,-1,11,-1,10,-2,10,-2,10,-3,10,-4,9,-4,9,-4,8,-5,7,-5,7,0,0,0,0,0,0,0,0,0,0,0,0,0,0,77,-11,74,-13,65,-15,67,-12,69,-16,67,-16,67,-19,65,-17,64,-18,61,-17,59,-16,61,-16,59,-18,56,-17,53,-16,49,-17,49,-21,47,-17,44,-24,40,-25,39,-30,43,-32,36,-33,36,-32,37,-33,39,-41,40,-43,40,-43,41,-44,39,-51,46,-49,47,-43,48,-44,47,-47,48,-44,50,-37,43,-35,48,-36,47,-36,43,-39,42,-36,41,-39,47,-38,42,-41,45,-37,46,-38,45,-32,50,-35,45,-30,50,-29,51,-24,49,-16,50,-17,47,-13,47,-10,46,-6,45,-3,0,0,0,0,0,0,0,0,0,0,0,0,0,0,0,0,0,0,0,0,0,0,-13,22,-17,18,-13,15,-14,17,-15,15,-13,11,-12,12,-12,14,-13,13,-12,14,-13,16,-14,18,-13,16,-15,17,-17,16,-15,13,-15,13,-16,9,-16,9,-16,3,-12,6,-6,2,-7,4,-4,3,-1,7,5,6,7,5,11,11,17,11,18,15,21,16,23,19,26,23,27,31,27,34,26,38,26,40,27,45,27,46,27,49,28,52,27,50,26,54,25,57,27,56,24,56,27,66,28,67,28,65,28,69,22,69,33,75,21,77,23,78,24,82,19,83,17,78,0,0]",1
CSI_DATA,53659,1a:00:00:00:00:00,-30,11,1,0,1,1,1,0,0,0,1,-97,0,11,2,722640503,0,44,0,384,0,"[0,0,0,0,0,0,0,0,0,0,0,0,7,-11,7,-11,7,-11,7,-11,7,-11,7,-11,7,-10,7,-10,6,-10,5,-10,5,-10,5,-10,4,-9,4,-9,3,-9,2,-9,2,-9,1,-9,1,-10,1,-10,0,-10,0,-11,0,-11,0,-11,0,-12,0,-12,0,0,1,-13,1,-13,1,-13,1,-12,1,-12,1,-11,1,-11,1,-11,1,-11,1,-11,0,-11,1,-11,1,-11,1,-12,1,-11,2,-11,2,-11,2,-11,3,-11,4,-10,4,-10,5,-9,5,-9,5,-8,5,-7,5,-6,0,0,0,0,0,0,0,0,0,0,0,0,0,0,-78,-1,-74,0,-73,1,-75,5,-73,5,-70,7,-69,5,-68,2,-69,7,-68,3,-66,7,-63,5,-63,12,-60,5,-57,6,-56,9,-54,11,-53,17,-50,14,-47,19,-46,22,-45,25,-45,29,-42,29,-43,34,-45,34,-47,37,-47,39,-50,39,-50,44,-54,38,-53,41,-56,38,-52,40,-55,38,-52,36,-51,35,-49,34,-50,35,-50,35,-50,35,-47,33,-52,36,-49,39,-48,32,-52,36,-51,31,-53,27,-52,28,-53,25,-51,22,-54,17,-51,17,-55,13,-50,7,-52,5,-46,-2,0,0,0,0,0,0,0,0,0,0,0,0,0,0,0,0,0,0,0,0,0,0,17,-18,20,-17,14,-11,21,-9,18,-11,17,-10,17,-13,17,-10,18,-12,18,-13,16,-13,18,-12,17,-12,20,-13,19,-11,18,-11,20,-9,20,-9,16,-7,15,-6,14,-6,10,-5,7,-5,3,-2,-1,-5,-5,-8,-6,-9,-11,-9,-11,-18,-16,-17,-20,-23,-18,-30,-19,-33,-19,-37,-19,-41,-17,-45,-19,-49,-18,-53,-15,-55,-18,-56,-18,-58,-21,-59,-13,-61,-17,-67,-20,-62,-13,-67,-14,-68,-19,-71,-17,-73,-13,-78,-11,-79,-12,-84,-10,-83,-8,-86,-7,-87,-5,-80,-9,-83,0,0]",1
CSI_DATA,53660,1a:00:00:00:00:00,-30,11,1,0,1,1,1,0,0,0,1,-97,0,11,2,722650505,0,44,0,384,0,"[0,0,0,0,0,0,0,0,0,0,0,0,11,6,11,6,11,6,11,6,10,6,10,6,10,6,9,6,9,5,9,5,9,4,9,4,8,3,8,3,8,2,9,1,8,1,9,0,9,0,9,0,9,-1,10,-1,10,-1,11,-2,11,-2,11,-2,0,0,12,-1,12,-1,11,-1,12,-1,11,-1,11,0,10,0,10,0,10,-1,10,-1,10,-1,10,-1,10,-1,10,-1,11,0,11,0,11,0,10,0,10,1,10,2,10,3,9,3,9,3,8,3,7,4,6,4,0,0,0,0,0,0,0,0,0,0,0,0,0,0,-13,-75,-13,-74,-11,-74,-16,-70,-12,-71,-15,-69,-16,-70,-19,-67,-14,-68,-18,-66,-17,-63,-15,-61,-16,-62,-17,-56,-15,-57,-16,-54,-19,-54,-24,-47,-20,-45,-27,-41,-32,-42,-33,-41,-33,-39,-37,-40,-38,-42,-41,-40,-46,-41,-49,-36,-46,-42,-51,-46,-49,-46,-46,-51,-44,-46,-46,-50,-45,-47,-45,-48,-40,-45,-42,-43,-37,-45,-40,-43,-40,-42,-41,-42,-40,-44,-42,-43,-43,-45,-41,-46,-40,-46,-36,-47,-36,-45,-31,-46,-28,-52,-22,-50,-22,-48,-16,-47,-12,-49,-10,-49,-7,-46,0,0,0,0,0,0,0,0,0,0,0,0,0,0,0,0,0,0,0,0,0,0,19,11,17,10,15,14,15,15,11,12,15,12,13,14,10,14,14,12,9,15,13,14,12,15,11,19,11,19,11,18,11,16,10,17,11,18,6,16,2,10,6,9,6,10,5,8,2,1,2,-1,4,-5,7,-13,9,-12,11,-17,14,-18,18,-23,23,-23,27,-26,30,-24,36,-23,37,-27,42,-24,44,-28,50,-22,50,-28,54,-25,54,-26,59,-25,62,-28,59,-25,62,-26,65,-27,71,-29,69,-29,70,-25,75,-26,77,-28,80,-24,75,-21,82,-21,85,-20,79,-21,0,0]",1
CSI_DATA,53661,1a:00:00:00:00:00,-30,11,1,0,1,1,1,0,0,0,1,-97,0,11,2,722660502,0,44,0,384,0,"[0,0,0,0,0,0,0,0,0,0,0,0,-7,11,-7,11,-7,11,-7,11,-7,10,-7,10,-7,9,-7,9,-7,9,-6,9,-6,9,-5,9,-4,8,-4,8,-4,8,-3,8,-3,8,-2,8,-1,9,-1,9,-1,9,-1,10,0,10,0,11,0,11,0,11,0,0,-1,12,-1,11,-1,12,-2,11,-2,11,-2,11,-2,10,-2,10,-2,10,-1,10,-1,10,-1,10,-1,10,-1,11,-2,10,-2,11,-3,10,-3,10,-4,10,-4,9,-5,9,-6,8,-6,8,-5,7,-6,7,-6,6,0,0,0,0,0,0,0,0,0,0,0,0,0,0,72,-20,69,-13,71,-22,67,-18,68,-21,68,-21,67,-19,67,-21,62,-22,62,-23,59,-22,59,-21,60,-21,55,-21,52,-20,47,-24,46,-21,46,-26,41,-23,37,-26,40,-31,35,-32,31,-35,36,-38,32,-43,36,-43,36,-45,37,-49,38,-46,40,-49,43,-51,44,-47,40,-47,42,-49,44,-45,46,-43,39,-43,43,-39,39,-40,42,-42,40,-41,39,-44,41,-40,41,-47,42,-42,40,-44,44,-42,40,-36,42,-32,44,-34,48,-30,46,-28,48,-25,48,-19,43,-15,44,-12,45,-10,0,0,0,0,0,0,0,0,0,0,0,0,0,0,0,0,0,0,0,0,0,0,-13,18,-15,17,-12,17,-13,16,-14,14,-13,12,-14,13,-11,15,-15,15,-15,13,-17,14,-15,14,-16,13,-15,15,-17,11,-16,11,-18,12,-15,10,-14,9,-13,6,-12,5,-11,2,-4,5,-3,4,-1,3,5,4,6,5,8,9,15,10,22,15,25,18,23,22,26,28,25,32,29,34,30,38,26,36,29,41,27,48,31,49,28,51,29,52,31,55,29,56,30,57,29,61,33,64,30,65,31,67,29,64,28,68,29,75,27,76,24,72,25,77,25,80,21,74,0,0]",1
CSI_DATA,53662,1a:00:00:00:00:00,-30,11,1,0,1,1,1,0,0,0,1,-97,0,11,2,722680524,0,44,0,384,0,"[0,0,0,0,0,0,0,0,0,0,0,0,5,-13,5,-13,5,-13,5,-13,5,-13,5,-12,5,-12,4,-11,4,-11,4,-11,3,-11,3,-11,2,-10,2,-10,1,-10,1,-10,0,-10,0,-10,-1,-10,-1,-11,-2,-11,-2,-11,-2,-11,-3,-12,-3,-12,-3,-12,0,0,-2,-13,-2,-13,-2,-13,-2,-12,-1,-12,-1,-12,-1,-12,-1,-11,-1,-12,-2,-11,-2,-11,-2,-12,-2,-12,-2,-12,-1,-12,-1,-12,-1,-12,0,-12,1,-11,1,-11,2,-11,2,-11,3,-10,3,-10,4,-9,4,-8,0,0,0,0,0,0,0,0,0,0,0,0,0,0,-77,12,-74,9,-74,11,-70,12,-70,16,-70,17,-67,16,-70,15,-65,18,-65,15,-64,19,-60,15,-60,15,-55,19,-56,14,-51,18,-54,23,-50,21,-45,24,-44,24,-46,30,-40,30,-38,33,-37,33,-38,41,-42,44,-42,42,-39,44,-42,46,-44,47,-45,47,-50,47,-45,43,-46,47,-45,43,-48,41,-45,40,-47,39,-43,38,-44,41,-41,38,-41,40,-46,40,-42,45,-49,42,-45,39,-46,35,-47,38,-49,29,-47,29,-49,30,-50,21,-53,22,-50,15,-49,15,-46,10,-48,6,0,0,0,0,0,0,0,0,0,0,0,0,0,0,0,0,0,0,0,0,0,0,11,-21,12,-18,14,-15,18,-14,16,-14,15,-14,14,-14,14,-13,16,-14,15,-13,15,-13,16,-17,16,-15,20,-16,18,-15,17,-13,15,-11,17,-8,17,-7,14,-7,14,-5,8,-6,4,-5,4,-5,1,-5,-5,-6,-9,-6,-12,-11,-14,-12,-19,-16,-19,-18,-23,-27,-24,-28,-26,-34,-23,-37,-27,-42,-25,-40,-25,-49,-23,-50,-26,-54,-27,-57,-26,-55,-26,-61,-25,-60,-24,-63,-29,-61,-24,-65,-28,-65,-26,-74,-27,-74,-25,-72,-26,-76,-21,-82,-18,-77,-21,-82,-18,-83,-16,-76,0,0]",1
CSI_DATA,53663,1a:00:00:00:00:00,-30,11,1,0,1,1,1,0,0,0,1,-97,0,11,2,722690484,0,44,0,384,0,"[0,0,0,0,0,0,0,0,0,0,0,0,13,2,13,2,13,1,13,2,13,2,12,1,12,2,11,1,11,1,11,1,11,1,10,0,10,0,9,-1,9,-1,9,-2,9,-2,9,-3,9,-4,9,-4,9,-4,9,-5,10,-5,10,-6,10,-6,10,-6,0,0,11,-5,11,-5,11,-5,11,-5,10,-4,11,-4,10,-4,10,-4,10,-4,10,-4,10,-5,10,-5,10,-4,10,-4,10,-4,10,-4,11,-4,10,-3,10,-2,10,-1,11,-1,10,0,10,1,9,1,9,2,8,2,0,0,0,0,0,0,0,0,0,0,0,0,0,0,-43,-65,-45,-61,-42,-57,-43,-59,-50,-57,-43,-56,-43,-52,-43,-54,-42,-55,-42,-55,-41,-50,-40,-51,-41,-44,-40,-46,-38,-42,-40,-37,-45,-37,-41,-35,-42,-32,-42,-27,-45,-21,-46,-23,-49,-18,-54,-17,-52,-18,-57,-16,-58,-16,-59,-18,-61,-17,-65,-14,-66,-18,-65,-22,-66,-21,-61,-20,-63,-22,-60,-23,-56,-23,-58,-20,-57,-20,-58,-19,-55,-18,-57,-16,-56,-20,-60,-18,-58,-21,-58,-22,-57,-22,-58,-24,-51,-24,-51,-27,-48,-31,-48,-28,-41,-36,-40,-34,-35,-38,-28,-35,-27,-41,0,0,0,0,0,0,0,0,0,0,0,0,0,0,0,0,0,0,0,0,0,0,19,5,21,7,17,8,20,9,15,6,17,9,17,8,21,9,20,8,15,7,19,13,18,10,17,11,21,11,18,12,19,13,14,11,16,15,11,13,12,9,7,8,8,4,8,1,6,2,5,-2,4,-8,4,-8,4,-17,6,-18,10,-22,9,-28,12,-29,16,-35,17,-35,20,-39,25,-43,26,-41,32,-43,35,-44,35,-44,38,-45,43,-45,39,-45,44,-48,44,-47,48,-49,48,-52,47,-54,54,-56,56,-54,55,-54,58,-54,62,-55,65,-51,66,-54,64,-53,65,-51,0,0]",1
CSI_DATA,53664,1a:00:00:00:00:00,-30,11,1,0,1,1,1,0,0,0,1,-97,0,11,2,722710482,0,44,0,384,0,"[0,0,0,0,0,0,0,0,0,0,0,0,-14,-3,-13,-3,-13,-2,-13,-3,-13,-3,-13,-3,-12,-3,-12,-3,-12,-3,-11,-2,-11,-2,-11,-1,-10,-1,-10,-1,-10,0,-10,0,-9,1,-10,1,-9,2,-10,2,-10,3,-10,3,-11,3,-11,4,-11,4,-11,4,0,0,-12,4,-12,3,-12,3,-12,3,-11,3,-11,2,-11,2,-11,2,-11,3,-11,3,-11,3,-11,3,-11,3,-11,3,-11,2,-11,2,-11,2,-11,1,-11,1,-11,0,-11,-1,-11,-2,-10,-2,-9,-2,-9,-3,-8,-3,0,0,0,0,0,0,0,0,0,0,0,0,0,0,35,64,34,63,37,58,35,57,40,55,37,55,37,53,37,57,39,53,40,51,37,51,34,48,34,47,34,43,34,46,37,42,39,35,38,32,39,31,37,28,43,25,44,22,47,23,45,20,46,20,52,20,54,18,57,17,59,19,61,21,60,19,61,26,59,26,58,25,55,24,54,28,53,28,48,26,52,26,49,23,48,24,53,21,53,21,52,22,53,26,53,23,51,27,50,29,49,30,47,31,45,34,41,35,35,38,33,39,31,37,23,37,21,37,0,0,0,0,0,0,0,0,0,0,0,0,0,0,0,0,0,0,0,0,0,0,-23,-6,-21,-8,-20,-8,-18,-10,-18,-9,-16,-11,-16,-10,-17,-10,-18,-10,-17,-8,-21,-11,-21,-10,-15,-8,-18,-12,-18,-11,-19,-12,-15,-16,-16,-13,-14,-14,-12,-10,-8,-9,-8,-6,-6,-6,-4,0,-5,2,-3,5,-6,10,-5,14,-5,18,-8,21,-10,25,-15,30,-18,31,-23,34,-26,38,-29,36,-32,40,-34,38,-37,42,-39,43,-39,42,-40,42,-45,40,-45,47,-46,45,-51,43,-52,46,-55,45,-57,44,-56,46,-58,51,-58,52,-66,50,-60,47,-68,50,-67,46,-69,44,0,0]",1
CSI_DATA,53665,1a:00:00:00:00:00,-30,11,1,0,1,1,1,0,0,0,1,-97,0,11,2,722720504,0,44,0,384,0,"[0,0,0,0,0,0,0,0,0,0,0,0,6,-12,5,-12,5,-13,5,-12,5,-12,5,-12,5,-11,5,-11,5,-11,4,-11,4,-10,3,-10,3,-10,2,-10,2,-10,1,-10,0,-9,0,-10,-1,-10,-1,-10,-1,-10,-2,-11,-2,-11,-3,-12,-2,-12,-2,-12,0,0,-2,-13,-2,-13,-2,-12,-1,-12,-1,-12,-1,-12,-1,-12,-1,-11,-1,-11,-2,-11,-2,-11,-2,-11,-2,-11,-2,-11,-1,-12,-1,-11,-1,-12,0,-11,0,-11,1,-11,2,-11,2,-10,3,-10,3,-9,3,-9,4,-8,0,0,0,0,0,0,0,0,0,0,0,0,0,0,-68,27,-65,31,-69,29,-61,34,-63,31,-62,31,-59,35,-58,34,-56,31,-60,34,-56,31,-52,30,-50,32,-49,29,-48,29,-45,30,-42,32,-38,33,-39,34,-31,36,-30,37,-29,41,-27,43,-28,45,-29,45,-28,49,-27,50,-26,53,-28,59,-26,56,-27,55,-35,55,-31,54,-34,56,-32,52,-35,51,-32,49,-32,47,-29,46,-32,46,-32,46,-32,50,-32,50,-28,51,-32,47,-31,47,-36,44,-37,45,-40,45,-38,42,-40,40,-40,34,-46,30,-42,27,-43,26,-41,19,-43,14,0,0,0,0,0,0,0,0,0,0,0,0,0,0,0,0,0,0,0,0,0,0,6,-21,9,-20,10,-19,11,-17,10,-15,11,-19,8,-17,8,-14,8,-20,10,-19,10,-16,8,-18,13,-20,10,-17,14,-16,14,-15,11,-18,15,-15,6,-13,13,-10,10,-10,6,-6,2,-7,3,-8,-2,-5,-6,-5,-8,-3,-11,-7,-18,-10,-21,-10,-22,-13,-30,-19,-31,-22,-33,-26,-37,-29,-37,-32,-37,-33,-39,-38,-37,-41,-38,-46,-38,-46,-36,-47,-39,-52,-40,-52,-43,-52,-40,-51,-43,-59,-42,-57,-42,-61,-46,-62,-45,-61,-45,-67,-39,-66,-42,-72,-45,-73,-36,-74,-36,-70,0,0]",1
CSI_DATA,53666,1a:00:00:00:00:00,-30,11,1,0,1,1,1,0,0,0,1,-97,0,11,2,722730494,0,44,0,384,0,"[0,0,0,0,0,0,0,0,0,0,0,0,10,7,11,7,10,7,10,7,10,7,10,6,9,6,9,6,9,6,9,5,9,5,9,5,8,4,8,4,8,3,8,2,8,2,9,1,9,1,9,0,9,0,10,0,10,0,11,-1,11,-1,11,-1,0,0,12,0,12,0,11,0,11,1,11,1,11,1,10,1,10,0,10,0,10,0,10,0,10,0,10,0,10,0,10,1,11,1,10,1,10,1,10,2,9,3,9,4,9,4,8,4,7,4,7,5,6,5,0,0,0,0,0,0,0,0,0,0,0,0,0,0,-11,-76,-14,-74,-18,-69,-20,-69,-19,-74,-20,-66,-18,-66,-19,-68,-20,-67,-16,-61,-23,-62,-19,-59,-22,-61,-20,-58,-17,-53,-20,-56,-25,-51,-22,-48,-22,-45,-28,-41,-32,-40,-35,-39,-38,-35,-37,-34,-39,-35,-43,-40,-48,-39,-48,-43,-48,-42,-51,-42,-52,-45,-48,-46,-50,-47,-50,-46,-47,-47,-46,-47,-45,-44,-41,-41,-44,-43,-43,-42,-45,-41,-45,-40,-43,-42,-45,-43,-45,-42,-44,-44,-40,-45,-41,-49,-35,-45,-33,-48,-34,-47,-26,-51,-25,-53,-19,-49,-17,-48,-14,-48,-5,-41,0,0,0,0,0,0,0,0,0,0,0,0,0,0,0,0,0,0,0,0,0,0,19,11,16,14,17,19,15,15,12,18,10,15,13,11,11,14,13,16,14,16,12,14,11,14,15,17,14,17,11,19,12,18,10,17,7,18,8,15,6,12,5,10,5,5,2,9,3,3,3,5,5,-2,6,-8,8,-14,11,-15,13,-19,21,-18,22,-23,29,-24,30,-27,37,-25,40,-28,43,-22,47,-26,47,-26,51,-27,53,-24,58,-29,52,-24,61,-24,58,-23,66,-31,68,-28,67,-27,71,-29,74,-27,73,-21,78,-28,80,-21,77,-24,83,-22,79,-19,83,-23,0,0]",1
CSI_DATA,53667,1a:00:00:00:00:00,-30,11,1,0,1,1,1,0,0,0,1,-97,0,11,2,722750494,0,44,0,384,0,"[0,0,0,0,0,0,0,0,0,0,0,0,-8,-12,-8,-11,-8,-12,-8,-11,-8,-12,-8,-11,-8,-11,-7,-11,-7,-10,-7,-10,-7,-10,-7,-9,-7,-8,-7,-8,-7,-7,-8,-7,-8,-6,-9,-6,-9,-5,-9,-5,-10,-5,-10,-5,-11,-5,-11,-5,-11,-5,-12,-5,0,0,-12,-6,-12,-6,-11,-6,-12,-6,-11,-6,-11,-6,-10,-6,-10,-6,-10,-5,-10,-6,-11,-5,-11,-5,-10,-6,-10,-6,-10,-6,-10,-6,-10,-7,-10,-7,-9,-7,-9,-8,-8,-8,-7,-8,-7,-9,-6,-8,-5,-8,-4,-8,0,0,0,0,0,0,0,0,0,0,0,0,0,0,-10,72,-10,71,-3,73,1,69,-1,71,0,70,1,70,1,67,0,65,1,62,3,63,2,62,6,62,2,58,1,54,6,55,8,49,9,47,13,49,17,41,16,45,19,44,26,43,26,42,27,43,34,44,34,49,34,49,35,52,35,49,37,52,32,54,34,54,32,55,29,53,28,57,29,52,28,51,31,51,29,48,31,50,29,49,28,47,30,49,28,51,28,50,26,54,25,52,24,52,20,51,18,52,14,51,12,52,4,50,2,49,0,43,-3,45,0,0,0,0,0,0,0,0,0,0,0,0,0,0,0,0,0,0,0,0,0,0,-19,-18,-15,-19,-15,-21,-8,-21,-8,-18,-10,-14,-11,-16,-14,-20,-9,-17,-13,-15,-11,-19,-10,-18,-8,-23,-11,-19,-10,-21,-9,-20,-8,-17,-6,-17,-6,-16,-4,-12,-5,-12,0,-10,-1,-9,-4,-6,-7,-1,-5,1,-11,4,-13,8,-15,13,-20,16,-23,15,-28,19,-32,17,-38,18,-42,18,-41,16,-46,15,-49,15,-55,14,-54,12,-55,11,-58,12,-60,11,-66,11,-63,5,-62,13,-68,13,-72,14,-72,11,-76,8,-75,5,-79,10,-79,6,-80,7,-79,-2,-80,2,-83,0,0,0]",1
CSI_DATA,53668,1a:00:00:00:00:00,-30,11,1,0,1,1,1,0,0,0,1,-97,0,11,2,722760479,0,44,0,384,0,"[0,0,0,0,0,0,0,0,0,0,0,0,11,-8,10,-8,11,-8,10,-8,11,-8,10,-7,10,-7,9,-7,9,-7,9,-7,8,-7,8,-7,7,-7,7,-7,6,-7,6,-8,5,-8,5,-9,4,-9,4,-9,4,-10,4,-10,4,-11,4,-11,4,-12,4,-12,0,0,5,-12,5,-12,5,-11,5,-12,5,-11,5,-11,5,-10,5,-10,5,-10,5,-10,4,-11,5,-10,5,-10,5,-10,5,-10,5,-10,6,-10,6,-9,6,-9,7,-9,7,-8,8,-7,8,-7,7,-6,8,-5,7,-4,0,0,0,0,0,0,0,0,0,0,0,0,0,0,-78,-26,-73,-21,-72,-15,-70,-16,-73,-15,-69,-16,-70,-13,-73,-13,-69,-13,-65,-9,-63,-13,-62,-11,-65,-10,-63,-8,-60,-8,-58,-5,-55,-2,-56,1,-52,3,-48,7,-50,10,-52,12,-50,20,-54,17,-56,19,-54,23,-54,21,-55,25,-59,26,-59,29,-62,23,-62,22,-61,23,-58,24,-59,20,-60,17,-57,15,-54,14,-55,15,-57,16,-55,15,-58,19,-58,21,-57,20,-58,17,-60,15,-56,11,-59,11,-55,6,-57,7,-58,1,-55,0,-55,-4,-55,-6,-49,-10,-48,-13,-43,-15,0,0,0,0,0,0,0,0,0,0,0,0,0,0,0,0,0,0,0,0,0,0,17,-12,20,-11,19,-9,18,-6,20,-8,16,-6,18,-8,16,-6,18,-7,19,-6,20,-6,21,-8,22,-7,22,-7,19,-7,21,-4,21,-2,19,-3,15,0,14,0,10,0,12,-1,7,-1,2,0,3,-6,-2,-8,-6,-13,-8,-13,-9,-15,-11,-25,-14,-29,-12,-33,-13,-36,-6,-43,-9,-43,-8,-50,-7,-50,-10,-52,-6,-56,-3,-58,-2,-60,-2,-64,-1,-65,1,-70,-1,-66,0,-67,5,-70,3,-72,3,-78,5,-79,8,-79,6,-82,11,-81,11,-80,9,-83,13,-79,14,-85,0,0]",1
CSI_DATA,53669,1a:00:00:00:00:00,-30,11,1,0,1,1,1,0,0,0,1,-97,0,11,2,722770500,0,44,0,384,0,"[0,0,0,0,0,0,0,0,0,0,0,0,4,12,4,11,5,12,4,11,4,12,4,11,4,11,4,10,4,10,4,10,4,9,4,9,4,8,5,8,5,7,6,7,6,6,6,6,7,5,7,5,8,5,8,5,9,6,9,5,9,6,9,5,0,0,9,6,10,6,9,6,9,7,9,6,9,7,8,6,8,6,8,5,8,6,9,5,8,6,8,6,8,6,8,6,8,6,8,7,8,7,7,7,6,7,6,8,5,8,5,8,4,8,3,8,2,7,0,0,0,0,0,0,0,0,0,0,0,0,0,0,32,-70,28,-65,29,-68,24,-66,23,-65,22,-67,21,-64,20,-68,17,-65,20,-64,17,-60,19,-58,14,-59,13,-56,14,-56,8,-55,10,-55,4,-56,5,-51,0,-49,-4,-48,-4,-49,-9,-52,-13,-52,-14,-56,-14,-52,-16,-55,-19,-58,-16,-60,-22,-59,-17,-63,-18,-69,-10,-64,-15,-66,-15,-59,-9,-64,-6,-56,-14,-56,-12,-55,-9,-57,-13,-54,-11,-56,-15,-55,-15,-56,-12,-59,-12,-58,-6,-59,-8,-58,-4,-57,-4,-52,0,-55,7,-53,8,-53,12,-50,14,-48,13,-44,18,-43,0,0,0,0,0,0,0,0,0,0,0,0,0,0,0,0,0,0,0,0,0,0,6,17,7,18,6,21,3,21,3,20,1,18,1,20,3,17,3,17,0,19,4,19,2,19,2,21,0,22,-1,21,0,20,1,19,0,17,-3,15,-6,14,0,10,0,11,-1,6,1,2,5,1,4,-2,8,1,13,-4,17,-4,22,-8,23,-8,33,-6,36,-6,37,-2,41,-3,46,0,50,1,52,3,55,5,58,4,61,7,54,8,62,13,60,12,64,7,62,15,66,11,72,13,70,15,72,16,72,16,76,20,80,21,73,27,74,23,76,26,72,30,0,0]",1
CSI_DATA,53670,1a:00:00:00:00:00,-30,11,1,0,1,1,1,0,0,0,1,-97,0,11,2,722790500,0,44,0,384,0,"[0,0,0,0,0,0,0,0,0,0,0,0,-1,-14,-2,-14,-2,-14,-2,-14,-2,-14,-2,-13,-1,-13,-2,-12,-1,-12,-2,-12,-2,-11,-3,-11,-3,-10,-3,-10,-3,-10,-4,-9,-5,-9,-5,-9,-6,-8,-6,-9,-7,-9,-7,-9,-7,-9,-8,-9,-8,-10,-9,-10,0,0,-8,-11,-8,-11,-8,-11,-7,-10,-7,-10,-7,-10,-7,-10,-7,-10,-7,-10,-7,-9,-7,-9,-7,-9,-7,-9,-7,-10,-7,-10,-6,-10,-6,-10,-6,-10,-5,-11,-5,-11,-4,-11,-3,-11,-3,-10,-2,-10,-1,-10,-1,-9,0,0,0,0,0,0,0,0,0,0,0,0,0,0,-64,43,-56,43,-56,43,-50,43,-50,48,-50,45,-50,50,-53,47,-50,42,-48,44,-43,43,-47,42,-43,45,-40,42,-37,38,-35,42,-33,43,-32,45,-26,44,-22,44,-20,47,-18,43,-13,48,-13,50,-12,53,-10,59,-12,55,-9,60,-8,60,-12,60,-11,63,-17,65,-15,60,-15,63,-19,57,-17,57,-17,54,-18,53,-15,54,-13,55,-14,54,-14,53,-12,55,-11,58,-14,56,-14,59,-16,53,-20,57,-22,53,-21,49,-27,50,-25,47,-31,43,-33,44,-31,39,-31,33,-34,27,0,0,0,0,0,0,0,0,0,0,0,0,0,0,0,0,0,0,0,0,0,0,7,-23,8,-25,7,-19,11,-19,8,-19,11,-18,6,-18,8,-17,8,-15,10,-19,8,-16,8,-17,11,-18,11,-20,11,-20,13,-17,10,-16,11,-12,13,-14,11,-14,8,-6,5,-10,3,-6,0,-7,-4,-5,-7,-4,-8,-5,-15,-3,-17,-5,-24,-8,-28,-9,-32,-17,-33,-17,-39,-20,-41,-22,-39,-25,-41,-29,-41,-33,-45,-37,-47,-37,-44,-39,-47,-37,-47,-43,-48,-41,-48,-43,-50,-44,-55,-50,-54,-46,-52,-50,-52,-53,-54,-53,-57,-57,-54,-62,-55,-58,-54,-65,-52,-64,-52,-63,0,0]",1
CSI_DATA,53671,1a:00:00:00:00:00,-30,11,1,0,1,1,1,0,0,0,1,-97,0,11,2,722800478,0,44,0,384,0,"[0,0,0,0,0,0,0,0,0,0,0,0,13,-3,13,-3,13,-3,13,-3,12,-3,12,-3,12,-3,11,-3,11,-3,10,-3,10,-3,10,-4,9,-4,9,-4,8,-4,8,-5,7,-5,7,-6,7,-7,7,-7,7,-7,7,-8,7,-8,7,-9,8,-9,8,-9,0,0,9,-9,9,-9,9,-9,9,-9,9,-8,9,-8,8,-8,8,-8,8,-8,8,-8,7,-8,8,-8,8,-8,8,-8,8,-8,9,-8,9,-7,9,-7,9,-6,9,-5,9,-5,9,-4,9,-4,9,-3,9,-2,8,-1,0,0,0,0,0,0,0,0,0,0,0,0,0,0,-57,-47,-58,-48,-58,-41,-56,-44,-57,-40,-58,-41,-61,-37,-59,-41,-57,-36,-59,-37,-51,-35,-52,-37,-54,-34,-50,-29,-48,-31,-48,-27,-54,-24,-49,-20,-50,-20,-45,-19,-55,-12,-47,-8,-52,-6,-53,-4,-53,-6,-60,-3,-60,-1,-61,-1,-63,-4,-65,2,-67,-3,-66,-7,-65,-7,-65,-8,-62,-11,-65,-12,-58,-12,-61,-9,-62,-8,-58,-10,-58,-8,-60,-7,-58,-9,-63,-7,-61,-8,-59,-9,-59,-13,-60,-12,-57,-16,-56,-16,-54,-20,-49,-25,-50,-23,-41,-30,-39,-32,-37,-30,-34,-31,0,0,0,0,0,0,0,0,0,0,0,0,0,0,0,0,0,0,0,0,0,0,20,-2,20,-3,19,-1,21,-1,21,-3,22,4,19,2,17,0,22,1,21,1,20,3,19,-1,23,1,23,-2,20,3,19,5,25,7,18,3,17,5,13,8,9,4,4,2,4,-1,6,-2,4,-6,1,-7,-1,-11,-1,-16,-2,-22,-2,-26,1,-30,0,-36,0,-39,4,-44,5,-46,12,-50,13,-48,13,-48,18,-54,19,-57,21,-58,20,-57,29,-61,26,-61,26,-58,25,-61,28,-62,29,-67,31,-65,35,-63,39,-69,40,-72,45,-70,42,-70,46,-71,50,-70,48,-64,0,0]",1
CSI_DATA,53672,1a:00:00:00:00:00,-30,11,1,0,1,1,1,0,0,0,1,-97,0,11,2,722820509,0,44,0,384,0,"[0,0,0,0,0,0,0,0,0,0,0,0,-13,-6,-13,-5,-13,-5,-12,-5,-12,-5,-12,-5,-12,-5,-11,-5,-11,-5,-11,-4,-11,-4,-10,-4,-10,-3,-10,-3,-10,-2,-10,-1,-10,-1,-10,0,-10,0,-10,1,-10,1,-11,1,-11,1,-11,2,-12,2,-12,2,0,0,-13,1,-13,1,-13,1,-12,1,-12,0,-12,0,-11,0,-11,0,-11,0,-11,1,-11,1,-11,0,-11,0,-11,0,-11,0,-11,0,-11,-1,-11,-1,-11,-1,-11,-2,-11,-3,-10,-3,-10,-4,-9,-4,-8,-5,-8,-5,0,0,0,0,0,0,0,0,0,0,0,0,0,0,17,75,18,70,16,64,20,64,17,66,21,63,21,65,18,65,23,61,23,59,22,62,21,55,23,55,24,53,21,53,21,50,23,47,25,43,27,44,26,39,32,39,32,37,38,36,38,37,37,34,47,36,43,36,48,36,48,40,49,36,50,40,51,47,43,46,46,43,43,43,43,45,40,42,40,42,41,41,42,37,39,37,40,41,40,40,41,37,44,38,39,37,38,42,39,43,34,42,34,43,25,47,27,46,24,48,17,46,13,45,10,46,7,41,0,0,0,0,0,0,0,0,0,0,0,0,0,0,0,0,0,0,0,0,0,0,-21,-13,-20,-14,-18,-15,-17,-15,-13,-12,-12,-15,-14,-9,-14,-12,-16,-14,-13,-14,-15,-10,-14,-11,-15,-14,-16,-16,-17,-17,-14,-16,-12,-18,-8,-17,-10,-13,-8,-14,-5,-9,-5,-7,-4,-6,-8,-4,-8,-1,-4,2,-7,7,-13,13,-14,14,-18,20,-14,23,-22,22,-26,25,-31,30,-35,28,-37,27,-42,27,-46,30,-50,28,-49,30,-54,30,-50,27,-55,29,-58,30,-58,30,-58,29,-63,29,-62,26,-69,31,-69,33,-72,27,-73,31,-79,26,-72,22,-78,26,-81,24,-75,24,0,0]",1
CSI_DATA,53673,1a:00:00:00:00:00,-30,11,1,0,1,1,1,0,0,0,1,-97,0,11,2,722830496,0,44,0,384,0,"[0,0,0,0,0,0,0,0,0,0,0,0,6,-12,6,-12,6,-12,6,-12,6,-12,6,-12,6,-11,5,-11,5,-11,4,-11,4,-11,4,-10,3,-10,3,-10,2,-10,1,-10,1,-10,0,-10,-1,-10,-1,-11,-1,-11,-1,-11,-2,-12,-2,-12,-2,-13,-2,-13,0,0,-1,-13,-1,-13,-1,-13,-1,-13,-1,-12,-1,-12,-1,-12,-1,-12,-1,-11,-1,-11,-2,-12,-2,-12,-1,-12,-1,-12,-1,-12,-1,-12,0,-12,0,-12,1,-11,1,-11,2,-11,2,-10,3,-10,3,-10,4,-9,4,-8,0,0,0,0,0,0,0,0,0,0,0,0,0,0,-75,14,-71,14,-71,16,-70,17,-70,14,-66,16,-67,19,-68,21,-63,20,-68,19,-60,21,-62,21,-56,21,-56,19,-52,20,-53,24,-52,24,-46,24,-43,25,-43,28,-39,31,-38,30,-38,38,-36,38,-36,40,-37,41,-39,45,-37,48,-40,48,-40,51,-39,53,-47,49,-47,49,-44,47,-46,43,-48,47,-45,45,-43,45,-43,41,-41,41,-41,43,-38,43,-39,45,-37,43,-44,41,-43,44,-45,42,-43,41,-46,36,-45,35,-50,29,-47,29,-51,24,-49,18,-48,17,-48,15,-43,11,0,0,0,0,0,0,0,0,0,0,0,0,0,0,0,0,0,0,0,0,0,0,12,-19,16,-17,14,-18,13,-17,17,-14,16,-12,16,-12,10,-14,14,-14,15,-15,17,-12,18,-14,17,-12,16,-15,17,-16,19,-10,16,-10,20,-10,20,-8,13,-7,12,-4,6,-6,4,-5,2,-7,0,-8,-7,-6,-9,-10,-12,-11,-16,-11,-20,-16,-20,-22,-26,-25,-26,-29,-28,-34,-27,-36,-27,-41,-25,-42,-27,-49,-28,-50,-32,-51,-28,-54,-28,-56,-27,-59,-27,-58,-29,-62,-30,-63,-30,-66,-30,-68,-27,-69,-32,-72,-29,-76,-27,-77,-25,-76,-25,-78,-22,-81,-21,-84,-20,-80,0,0]",1
CSI_DATA,53674,1a:00:00:00:00:00,-30,11,1,0,1,1,1,0,0,0,1,-97,0,11,2,722840493,0,44,0,384,0,"[0,0,0,0,0,0,0,0,0,0,0,0,10,8,10,8,10,8,10,8,10,8,10,7,9,7,9,7,9,7,9,6,9,6,9,5,8,5,8,4,8,4,8,3,9,2,9,2,9,1,9,1,10,1,10,0,11,0,11,0,12,0,12,0,0,0,12,1,12,1,12,1,12,1,11,1,11,1,11,1,10,1,11,1,10,1,11,0,10,0,11,1,11,1,11,1,11,1,10,2,10,2,10,3,10,3,9,4,9,4,8,5,7,4,7,5,6,5,0,0,0,0,0,0,0,0,0,0,0,0,0,0,-10,-72,-7,-68,-12,-68,-10,-71,-12,-65,-14,-66,-13,-68,-15,-69,-14,-64,-14,-68,-13,-60,-13,-62,-20,-59,-15,-56,-15,-53,-19,-49,-21,-49,-25,-49,-22,-46,-28,-40,-29,-42,-30,-40,-34,-40,-35,-37,-36,-41,-39,-40,-46,-43,-45,-41,-49,-47,-49,-45,-47,-46,-48,-55,-43,-49,-48,-52,-42,-47,-41,-50,-35,-47,-37,-45,-37,-44,-40,-41,-38,-42,-38,-44,-41,-45,-39,-39,-39,-45,-38,-45,-35,-47,-34,-49,-31,-45,-27,-50,-24,-50,-20,-48,-21,-49,-15,-49,-17,-45,-12,-47,-3,-44,0,0,0,0,0,0,0,0,0,0,0,0,0,0,0,0,0,0,0,0,0,0,20,14,15,16,13,12,14,14,11,15,12,16,13,11,9,18,11,11,8,17,11,16,13,14,12,14,14,16,13,21,10,15,10,16,9,17,6,15,3,11,5,11,4,10,4,4,8,2,4,-2,7,-4,7,-7,11,-13,12,-15,15,-19,19,-22,24,-20,29,-23,35,-22,36,-26,42,-23,43,-24,48,-25,48,-25,54,-25,56,-25,57,-22,60,-23,58,-24,59,-25,64,-20,65,-24,65,-25,69,-24,72,-20,74,-23,74,-23,78,-18,78,-18,78,-19,78,-12,78,-14,0,0]",1
CSI_DATA,53675,1a:00:00:00:00:00,-30,11,1,0,1,1,1,0,0,0,1,-97,0,11,2,722860498,0,44,0,384,0,"[0,0,0,0,0,0,0,0,0,0,0,0,-9,-11,-9,-10,-9,-10,-9,-10,-9,-10,-9,-10,-8,-10,-8,-9,-8,-9,-8,-8,-8,-8,-8,-8,-8,-7,-8,-7,-8,-6,-8,-5,-8,-5,-9,-4,-9,-4,-10,-4,-10,-3,-11,-3,-11,-3,-12,-3,-12,-3,-12,-3,0,0,-12,-4,-12,-4,-12,-4,-12,-4,-11,-4,-11,-5,-11,-4,-11,-4,-11,-4,-11,-4,-11,-4,-11,-4,-11,-4,-11,-4,-11,-4,-11,-5,-11,-5,-10,-5,-10,-5,-9,-6,-9,-7,-8,-7,-8,-7,-7,-7,-6,-7,-5,-7,0,0,0,0,0,0,0,0,0,0,0,0,0,0,0,73,-4,71,-2,72,2,68,3,70,2,69,7,64,5,69,4,64,5,66,5,62,7,62,5,57,5,56,4,57,7,54,9,51,14,47,13,49,20,46,24,43,24,42,29,40,28,42,33,46,33,44,39,46,36,47,38,49,39,49,40,52,39,52,39,54,39,53,35,52,34,54,31,49,34,46,32,48,33,45,31,47,33,49,32,47,35,47,33,50,34,47,28,51,29,50,25,48,21,51,21,49,16,48,14,51,9,50,4,47,5,46,-2,44,0,0,0,0,0,0,0,0,0,0,0,0,0,0,0,0,0,0,0,0,0,0,-16,-14,-15,-17,-14,-19,-13,-20,-12,-18,-8,-18,-11,-17,-7,-16,-10,-16,-11,-18,-9,-18,-9,-19,-8,-21,-7,-17,-7,-20,-9,-17,-10,-19,-5,-16,-6,-17,-5,-14,-2,-15,-3,-10,-4,-7,-4,-5,-6,-4,-8,2,-9,4,-13,9,-15,11,-19,14,-22,14,-28,15,-30,19,-37,19,-42,19,-44,16,-48,14,-47,15,-57,14,-55,12,-58,14,-57,16,-60,15,-64,12,-63,14,-67,19,-69,14,-70,15,-75,10,-73,11,-76,9,-78,12,-81,8,-81,6,-81,3,-83,2,-81,3,0,0]",1
CSI_DATA,53676,1a:00:00:00:00:00,-30,11,1,0,1,1,1,0,0,0,1,-97,0,11,2,722870491,0,44,0,384,0,"[0,0,0,0,0,0,0,0,0,0,0,0,10,-8,10,-9,9,-9,10,-9,9,-8,9,-8,9,-8,9,-8,8,-8,8,-7,8,-8,7,-7,6,-7,6,-8,5,-8,5,-8,4,-8,4,-9,3,-9,3,-10,3,-10,3,-10,3,-11,3,-11,3,-12,3,-12,0,0,4,-12,4,-12,4,-12,4,-12,4,-11,4,-11,4,-11,4,-10,4,-10,4,-10,3,-11,3,-11,3,-11,4,-11,4,-11,4,-10,5,-10,5,-10,5,-10,6,-9,6,-8,6,-8,7,-7,7,-6,7,-6,7,-5,0,0,0,0,0,0,0,0,0,0,0,0,0,0,-77,-9,-72,-11,-65,-6,-69,-7,-70,-3,-70,-2,-67,-1,-68,0,-67,0,-65,1,-63,-4,-64,-1,-59,1,-57,3,-56,0,-53,5,-54,9,-52,12,-49,12,-47,12,-45,18,-46,22,-45,26,-44,26,-45,23,-49,31,-47,31,-50,32,-57,34,-52,35,-56,35,-59,33,-55,31,-58,31,-58,30,-57,27,-55,24,-53,24,-54,27,-53,24,-50,24,-50,27,-51,26,-51,29,-52,28,-53,27,-56,21,-55,22,-55,20,-53,18,-52,15,-52,11,-53,5,-50,3,-51,3,-48,-1,-47,-7,0,0,0,0,0,0,0,0,0,0,0,0,0,0,0,0,0,0,0,0,0,0,17,-15,16,-12,19,-11,18,-8,21,-8,15,-9,18,-8,16,-10,18,-9,13,-10,17,-10,18,-10,18,-10,18,-12,19,-9,18,-8,19,-7,17,-2,14,-2,14,-1,13,-3,11,-1,6,-2,7,-4,1,-5,-2,-8,-5,-9,-10,-12,-13,-16,-14,-23,-17,-22,-17,-30,-14,-35,-17,-38,-14,-41,-16,-45,-15,-48,-15,-52,-10,-55,-10,-58,-14,-58,-13,-61,-9,-60,-10,-66,-11,-60,-6,-64,-7,-71,-7,-72,-8,-77,-6,-78,-3,-79,-3,-81,-4,-82,-1,-82,-1,-85,3,-83,5,-79,0,0]",1
CSI_DATA,53677,1a:00:00:00:00:00,-30,11,1,0,1,1,1,0,0,0,1,-97,0,11,2,722890482,0,44,0,384,0,"[0,0,0,0,0,0,0,0,0,0,0,0,-11,8,-10,8,-10,8,-10,8,-10,8,-10,7,-10,7,-9,7,-9,7,-9,7,-8,7,-8,7,-7,7,-6,7,-6,7,-5,8,-4,7,-4,8,-4,8,-4,9,-3,9,-3,10,-3,10,-3,11,-3,11,-3,11,0,0,-4,11,-4,12,-4,11,-4,11,-4,10,-4,10,-4,10,-4,10,-4,10,-3,10,-3,10,-3,10,-3,10,-3,10,-4,10,-4,10,-4,10,-5,9,-5,9,-6,9,-6,8,-6,8,-7,7,-7,7,-7,6,-7,5,0,0,0,0,0,0,0,0,0,0,0,0,0,0,77,0,71,0,70,-4,70,-4,68,-5,69,-8,68,-7,70,-11,64,-8,64,-11,61,-9,63,-4,61,-9,54,-9,51,-11,48,-13,50,-17,46,-20,47,-20,44,-22,43,-29,38,-27,39,-35,43,-33,39,-35,39,-40,42,-38,40,-45,42,-44,42,-44,44,-46,50,-46,51,-41,49,-44,51,-39,50,-37,47,-37,46,-33,45,-36,46,-35,40,-33,42,-41,44,-40,43,-41,43,-39,44,-38,48,-39,47,-34,47,-31,48,-25,48,-26,47,-24,50,-19,51,-17,47,-14,46,-8,41,-4,0,0,0,0,0,0,0,0,0,0,0,0,0,0,0,0,0,0,0,0,0,0,-18,14,-18,13,-19,9,-20,8,-18,9,-20,6,-19,7,-19,8,-19,7,-21,9,-17,9,-19,9,-17,10,-18,11,-20,8,-19,4,-21,8,-22,4,-17,4,-14,1,-12,2,-12,1,-7,5,-1,4,-2,4,2,7,5,9,8,8,10,15,15,17,16,20,17,26,16,33,16,38,17,43,17,44,13,44,18,49,13,54,16,53,16,60,15,55,10,62,15,60,12,61,12,65,9,71,15,68,12,74,10,75,15,75,14,77,7,82,6,77,6,82,7,82,1,82,0,0]",1
CSI_DATA,53678,1a:00:00:00:00:00,-30,11,1,0,1,1,1,0,0,0,1,-97,0,11,2,722900478,0,44,0,384,0,"[0,0,0,0,0,0,0,0,0,0,0,0,-8,-12,-9,-11,-9,-11,-8,-11,-8,-11,-8,-11,-8,-10,-8,-10,-8,-10,-8,-9,-8,-9,-8,-8,-8,-8,-8,-7,-8,-7,-8,-6,-8,-5,-9,-5,-9,-4,-10,-4,-10,-4,-11,-4,-11,-4,-12,-4,-12,-4,-12,-4,0,0,-13,-5,-12,-5,-12,-5,-12,-5,-11,-5,-11,-5,-11,-5,-11,-5,-11,-4,-11,-4,-11,-4,-11,-4,-11,-4,-11,-4,-11,-5,-11,-5,-11,-5,-10,-5,-10,-6,-10,-7,-9,-7,-9,-7,-8,-8,-7,-7,-6,-8,-5,-7,0,0,0,0,0,0,0,0,0,0,0,0,0,0,-17,74,-15,69,-10,68,-11,73,-8,70,-10,67,-8,62,-8,68,-9,66,-4,63,-7,64,-3,63,-4,60,-2,59,-4,52,3,52,4,53,4,49,8,46,12,48,15,43,19,45,21,43,23,45,25,43,28,46,33,46,28,48,36,54,34,53,35,54,34,56,31,57,35,57,28,55,28,56,25,53,30,50,24,50,29,50,26,48,29,48,32,50,30,49,27,50,30,48,25,52,27,53,24,50,22,51,17,51,14,50,14,54,5,51,6,47,3,44,-3,44,0,0,0,0,0,0,0,0,0,0,0,0,0,0,0,0,0,0,0,0,0,0,-9,-21,-7,-22,-9,-22,-6,-20,-1,-19,-2,-18,-5,-17,-3,-16,-5,-17,-5,-20,-5,-17,-2,-21,-4,-22,-4,-22,-2,-22,-2,-22,-2,-20,-1,-21,1,-18,1,-18,-1,-8,-1,-9,0,-8,-5,-6,-4,-3,-8,2,-12,3,-16,7,-18,7,-23,11,-26,7,-33,8,-36,9,-39,6,-45,4,-45,4,-51,3,-53,3,-55,1,-56,2,-59,2,-62,-2,-63,-2,-67,0,-63,-4,-64,0,-68,0,-70,-3,-77,-3,-76,-6,-73,-8,-80,-6,-82,-10,-82,-10,-83,-14,-83,-14,-78,-14,0,0]",1
CSI_DATA,53679,1a:00:00:00:00:00,-30,11,1,0,1,1,1,0,0,0,1,-97,0,11,2,722912086,0,44,0,384,0,"[0,0,0,0,0,0,0,0,0,0,0,0,0,13,0,13,0,13,0,13,0,12,0,12,0,12,0,11,0,11,0,11,0,10,1,10,1,9,2,9,2,9,3,8,3,8,3,8,4,8,4,8,5,8,6,8,6,9,6,9,7,9,7,9,0,0,7,10,6,10,6,10,6,10,5,10,5,10,5,9,5,9,5,9,5,9,6,9,6,9,6,9,6,9,5,9,5,10,4,10,4,10,3,10,3,10,2,10,1,10,1,10,0,9,-1,9,-1,8,0,0,0,0,0,0,0,0,0,0,0,0,0,0,55,-54,52,-49,51,-51,46,-51,47,-50,45,-52,43,-50,46,-52,46,-54,38,-48,41,-46,39,-45,36,-48,34,-49,37,-43,30,-46,27,-46,27,-44,24,-46,21,-48,13,-47,10,-47,7,-48,9,-53,9,-55,2,-56,8,-58,7,-58,6,-64,7,-68,7,-66,12,-66,12,-64,10,-63,17,-63,13,-61,13,-60,14,-60,14,-55,11,-54,12,-56,7,-58,9,-54,10,-59,9,-58,9,-58,15,-57,14,-57,17,-51,19,-54,25,-53,28,-48,24,-47,31,-41,33,-42,32,-35,34,-31,0,0,0,0,0,0,0,0,0,0,0,0,0,0,0,0,0,0,0,0,0,0,2,23,-1,18,-3,20,-5,20,-6,17,-6,19,-7,15,-8,16,-7,21,-6,21,-7,19,-6,17,-5,20,-4,19,-5,18,-10,19,-9,16,-7,15,-11,14,-8,9,-5,11,-5,8,-6,8,-2,5,2,6,4,1,6,2,16,3,20,-1,22,3,25,4,32,7,35,8,36,12,40,15,44,16,44,18,46,21,49,24,48,28,54,30,50,31,55,33,56,33,55,32,54,36,55,34,56,41,65,41,59,46,62,46,64,50,60,49,62,51,65,49,61,54,54,58,0,0]",1
CSI_DATA,53680,1a:00:00:00:00:00,-30,11,1,0,1,1,1,0,0,0,1,-97,0,11,2,722930498,0,44,0,384,0,"[0,0,0,0,0,0,0,0,0,0,0,0,-14,2,-13,2,-13,2,-13,2,-13,2,-12,2,-12,2,-12,2,-12,2,-11,2,-11,2,-10,3,-10,3,-9,3,-9,3,-9,4,-8,4,-8,5,-7,5,-8,6,-8,6,-8,7,-8,7,-8,8,-8,8,-8,8,0,0,-9,8,-10,8,-9,8,-10,8,-9,7,-10,7,-9,6,-9,6,-9,6,-8,7,-8,7,-8,7,-8,7,-8,7,-9,7,-9,6,-9,6,-9,6,-10,5,-10,4,-10,4,-10,3,-10,3,-9,2,-9,1,-9,1,0,0,0,0,0,0,0,0,0,0,0,0,0,0,65,43,64,39,61,37,61,36,61,31,62,31,59,28,58,33,62,30,59,29,55,25,52,31,54,25,52,21,51,16,49,19,52,16,51,8,50,10,50,4,51,2,51,-3,48,-5,49,-3,53,-3,54,-9,59,-11,61,-12,61,-10,61,-11,64,-12,65,-6,65,-6,63,-6,61,-4,61,-1,60,-1,58,1,60,2,57,-5,55,-2,58,-9,56,-7,58,-10,57,-3,57,-3,56,-3,59,1,56,1,55,6,55,11,53,14,48,13,47,19,42,17,39,19,37,24,0,0,0,0,0,0,0,0,0,0,0,0,0,0,0,0,0,0,0,0,0,0,-22,7,-22,3,-21,2,-21,0,-18,0,-21,-2,-25,-2,-20,-2,-18,-1,-20,1,-20,-1,-20,0,-22,1,-21,1,-21,-3,-22,-2,-17,-5,-22,-3,-15,-5,-13,-4,-12,-3,-9,-3,-12,0,-6,2,-2,3,-4,6,1,10,0,16,3,18,4,22,2,31,2,30,0,38,-3,40,-7,45,-9,48,-10,49,-9,55,-11,52,-12,55,-13,54,-16,54,-18,61,-21,63,-21,61,-21,59,-24,63,-26,65,-26,67,-26,70,-26,69,-28,72,-33,72,-36,69,-36,74,-37,72,-44,75,0,0]",1
CSI_DATA,53681,1a:00:00:00:00:00,-30,11,1,0,1,1,1,0,0,0,1,-97,0,11,2,722940487,0,44,0,384,0,"[0,0,0,0,0,0,0,0,0,0,0,0,-3,-14,-3,-14,-3,-14,-3,-14,-3,-13,-3,-13,-3,-13,-2,-12,-3,-12,-3,-11,-3,-11,-3,-11,-3,-10,-4,-10,-4,-10,-5,-9,-5,-9,-6,-8,-6,-8,-7,-8,-7,-8,-8,-8,-8,-9,-9,-9,-9,-9,-9,-9,0,0,-9,-10,-8,-10,-8,-10,-8,-10,-8,-10,-7,-10,-7,-10,-7,-9,-7,-9,-7,-9,-8,-9,-8,-9,-8,-9,-8,-9,-7,-10,-7,-10,-7,-10,-7,-10,-6,-10,-5,-10,-4,-11,-4,-11,-3,-10,-2,-10,-2,-10,-1,-9,0,0,0,0,0,0,0,0,0,0,0,0,0,0,-42,64,-39,62,-37,64,-35,62,-36,60,-32,61,-33,61,-32,61,-29,59,-33,59,-27,56,-29,55,-26,57,-27,51,-21,50,-19,48,-17,49,-13,51,-14,48,-6,49,-3,49,-5,49,3,50,6,53,4,50,9,53,8,56,7,57,7,63,10,64,5,66,3,68,2,62,3,63,0,62,-3,62,-3,58,-2,58,2,58,3,61,2,57,3,57,3,56,1,58,0,58,3,57,-1,58,-6,57,-8,57,-9,55,-13,55,-16,54,-14,50,-20,50,-20,45,-24,39,-22,35,0,0,0,0,0,0,0,0,0,0,0,0,0,0,0,0,0,0,0,0,0,0,-5,-23,-2,-23,-4,-22,-1,-22,0,-18,-2,-20,-1,-18,0,-19,-3,-16,-3,-20,2,-19,-1,-23,-1,-22,-3,-21,1,-21,3,-20,2,-20,4,-21,5,-16,3,-16,2,-14,2,-8,0,-6,-2,-7,-5,-2,-9,-1,-12,0,-16,3,-19,1,-23,3,-32,2,-33,0,-37,-2,-43,-4,-42,-5,-47,-10,-51,-10,-52,-11,-53,-15,-56,-15,-61,-16,-54,-19,-59,-20,-64,-17,-62,-18,-64,-24,-67,-24,-66,-22,-68,-28,-71,-28,-70,-29,-72,-30,-70,-34,-72,-31,-74,-37,-73,-42,-73,-40,0,0]",1
CSI_DATA,53682,1a:00:00:00:00:00,-30,11,1,0,1,1,1,0,0,0,1,-97,0,11,2,722950501,0,44,0,384,0,"[0,0,0,0,0,0,0,0,0,0,0,0,13,2,12,2,12,2,12,2,12,2,12,2,11,2,11,2,11,2,10,1,10,1,10,1,9,0,9,0,9,-1,9,-1,8,-2,9,-2,8,-3,9,-3,9,-4,9,-4,10,-4,10,-5,10,-5,10,-5,0,0,11,-5,11,-4,11,-4,11,-4,11,-4,10,-3,10,-3,10,-3,10,-4,10,-4,10,-4,10,-4,10,-4,10,-4,10,-3,10,-3,10,-3,10,-3,10,-2,10,-1,10,0,10,0,9,1,9,1,8,2,7,2,0,0,0,0,0,0,0,0,0,0,0,0,0,0,-36,-67,-39,-64,-39,-61,-36,-63,-42,-60,-43,-61,-39,-54,-40,-56,-40,-54,-38,-55,-34,-53,-40,-55,-38,-50,-38,-44,-36,-44,-36,-39,-37,-40,-37,-36,-39,-37,-39,-28,-41,-26,-42,-24,-47,-25,-47,-22,-51,-22,-52,-25,-55,-22,-57,-21,-59,-21,-62,-18,-64,-23,-64,-26,-56,-28,-59,-27,-58,-28,-57,-31,-53,-29,-51,-29,-50,-27,-54,-27,-48,-25,-51,-22,-51,-25,-57,-25,-53,-31,-52,-29,-48,-30,-51,-30,-47,-32,-45,-36,-44,-37,-40,-38,-36,-41,-34,-38,-28,-40,-28,-40,-24,-40,0,0,0,0,0,0,0,0,0,0,0,0,0,0,0,0,0,0,0,0,0,0,20,5,19,6,19,7,19,9,19,7,17,9,15,6,17,6,15,5,17,8,19,9,18,7,19,7,18,9,18,5,17,8,18,9,16,11,11,7,8,10,8,6,7,6,6,8,2,-1,6,-2,3,-11,3,-11,5,-14,6,-16,5,-22,9,-26,11,-27,17,-31,21,-33,23,-39,28,-37,31,-38,33,-41,39,-46,37,-45,39,-45,39,-43,44,-43,45,-46,44,-46,47,-45,47,-48,50,-47,55,-50,56,-48,56,-52,58,-55,67,-49,59,-51,61,-52,66,-50,64,-45,0,0]",1
CSI_DATA,53683,1a:00:00:00:00:00,-30,11,1,0,1,1,1,0,0,0,1,-97,0,11,2,722970509,0,44,0,384,0,"[0,0,0,0,0,0,0,0,0,0,0,0,-12,-8,-12,-7,-12,-7,-12,-8,-12,-7,-12,-7,-11,-7,-11,-7,-11,-6,-10,-6,-11,-6,-10,-5,-10,-5,-10,-4,-10,-3,-10,-3,-10,-2,-10,-2,-10,-1,-11,0,-11,0,-11,0,-12,0,-12,1,-13,1,-13,1,0,0,-13,0,-13,0,-13,0,-13,0,-13,-1,-12,-1,-12,-1,-11,0,-11,0,-11,0,-12,0,-11,0,-12,0,-12,0,-12,-1,-12,-1,-12,-1,-12,-1,-12,-2,-11,-2,-11,-3,-11,-4,-10,-4,-9,-5,-9,-5,-8,-5,0,0,0,0,0,0,0,0,0,0,0,0,0,0,20,70,17,72,25,70,22,67,23,62,23,66,24,64,25,66,24,58,24,61,22,55,19,53,23,57,22,52,22,52,24,48,30,48,27,41,28,40,33,36,37,35,37,29,41,34,43,31,42,31,47,29,47,30,51,31,55,33,54,33,56,37,56,40,50,38,54,38,47,37,46,41,45,35,42,38,44,33,44,32,41,30,47,31,47,34,49,34,46,33,46,31,44,39,44,36,39,40,39,38,37,42,34,43,26,41,19,43,21,45,18,41,14,41,0,0,0,0,0,0,0,0,0,0,0,0,0,0,0,0,0,0,0,0,0,0,-20,-11,-19,-13,-17,-17,-15,-17,-14,-14,-12,-16,-14,-16,-13,-14,-15,-16,-15,-13,-16,-14,-16,-13,-17,-14,-14,-14,-16,-14,-13,-17,-12,-16,-9,-17,-7,-15,-9,-11,-7,-10,-7,-10,-8,-7,-6,-2,-5,1,-5,6,-9,7,-8,13,-13,13,-13,20,-19,21,-24,23,-27,25,-33,26,-35,26,-41,27,-40,24,-44,31,-45,26,-47,29,-53,28,-52,26,-55,28,-53,28,-55,29,-59,28,-60,30,-62,31,-68,32,-64,30,-69,34,-68,37,-81,32,-71,31,-78,32,-80,29,-73,24,0,0]",1
CSI_DATA,53684,1a:00:00:00:00:00,-30,11,1,0,1,1,1,0,0,0,1,-97,0,11,2,722980486,0,44,0,384,0,"[0,0,0,0,0,0,0,0,0,0,0,0,7,-12,7,-11,7,-12,7,-11,7,-11,6,-11,6,-11,6,-10,6,-10,5,-10,5,-10,4,-10,4,-9,3,-9,3,-9,2,-9,1,-9,1,-10,0,-10,0,-10,0,-10,-1,-11,-1,-11,-1,-12,-1,-12,-1,-12,0,0,0,-13,0,-13,0,-13,0,-13,0,-12,1,-12,1,-11,0,-11,0,-11,0,-11,0,-11,0,-11,0,-11,0,-11,0,-12,0,-11,1,-12,1,-11,2,-11,2,-11,3,-10,4,-10,4,-10,4,-9,5,-8,5,-7,0,0,0,0,0,0,0,0,0,0,0,0,0,0,-76,16,-72,17,-70,18,-70,17,-69,17,-65,18,-65,20,-70,18,-61,21,-62,18,-58,18,-60,19,-60,22,-54,19,-52,18,-50,17,-49,22,-45,25,-44,25,-40,28,-42,29,-38,34,-36,36,-35,36,-34,42,-37,45,-37,45,-38,47,-41,48,-39,49,-43,51,-45,50,-40,47,-42,48,-48,46,-46,45,-40,43,-42,41,-39,40,-41,45,-37,40,-37,41,-44,43,-39,43,-37,41,-41,44,-46,38,-42,40,-44,37,-43,31,-46,33,-46,28,-45,28,-47,22,-47,17,-44,13,-44,8,0,0,0,0,0,0,0,0,0,0,0,0,0,0,0,0,0,0,0,0,0,0,15,-21,16,-15,15,-16,17,-16,15,-14,10,-12,13,-13,13,-10,13,-13,15,-13,16,-13,15,-13,17,-13,18,-16,17,-13,16,-13,15,-12,19,-11,12,-10,13,-8,10,-7,8,-6,6,-5,1,-5,1,-5,-4,-7,-9,-11,-14,-11,-15,-11,-21,-18,-21,-20,-23,-26,-25,-27,-29,-32,-26,-36,-27,-42,-24,-44,-26,-46,-22,-51,-27,-52,-30,-54,-26,-53,-25,-58,-24,-56,-20,-60,-27,-56,-29,-61,-27,-64,-31,-69,-27,-73,-22,-70,-28,-74,-26,-81,-25,-77,-23,-84,-22,-80,-22,-75,0,0]",1
CSI_DATA,53685,1a:00:00:00:00:00,-30,11,1,0,1,1,1,0,0,0,1,-97,0,11,2,723000506,0,44,0,384,0,"[0,0,0,0,0,0,0,0,0,0,0,0,-12,6,-12,6,-12,6,-12,6,-12,5,-11,5,-11,5,-11,5,-10,5,-10,5,-10,5,-9,5,-9,5,-8,6,-8,6,-7,6,-6,6,-6,7,-5,8,-6,8,-5,8,-5,9,-5,9,-5,10,-5,10,-5,10,0,0,-6,11,-6,10,-6,10,-6,10,-6,10,-6,9,-6,9,-6,9,-6,9,-5,9,-5,9,-5,9,-5,9,-5,9,-6,9,-6,9,-6,9,-6,9,-7,8,-7,7,-8,7,-8,6,-8,6,-8,5,-8,4,-8,4,0,0,0,0,0,0,0,0,0,0,0,0,0,0,71,20,68,19,71,19,67,17,65,17,67,16,64,15,67,13,67,18,64,15,60,9,61,10,60,9,57,10,55,7,54,4,52,2,53,1,51,-4,48,-9,48,-12,49,-11,47,-16,49,-18,50,-19,49,-23,55,-24,56,-24,56,-26,58,-28,60,-25,63,-24,60,-18,59,-29,63,-20,59,-20,56,-19,56,-18,52,-19,51,-19,52,-20,54,-21,52,-23,50,-21,53,-21,54,-22,56,-16,54,-16,54,-11,56,-11,55,-13,50,-6,53,-1,48,4,48,5,44,7,44,12,0,0,0,0,0,0,0,0,0,0,0,0,0,0,0,0,0,0,0,0,0,0,-20,10,-22,5,-22,5,-22,1,-20,3,-19,3,-17,5,-21,5,-18,1,-23,1,-17,1,-19,6,-17,4,-22,6,-20,3,-21,2,-22,3,-19,-1,-16,0,-16,-2,-12,-4,-10,-1,-4,-1,-5,4,-5,6,3,6,3,8,4,16,5,18,8,23,6,25,7,30,7,36,5,38,4,46,6,46,-2,49,-2,52,-2,55,-2,55,-6,61,-3,56,-6,60,-7,60,-6,63,-10,67,-5,68,-5,68,-10,71,-9,76,-10,74,-13,76,-16,75,-14,74,-18,80,-21,79,-21,80,0,0]",1
CSI_DATA,53686,1a:00:00:00:00:00,-30,11,1,0,1,1,1,0,0,0,1,-97,0,11,2,723010498,0,44,0,384,0,"[0,0,0,0,0,0,0,0,0,0,0,0,-4,-13,-4,-13,-4,-13,-4,-13,-4,-13,-4,-12,-4,-12,-4,-12,-4,-11,-4,-11,-4,-11,-4,-10,-4,-10,-5,-9,-5,-9,-6,-8,-6,-8,-6,-8,-7,-7,-8,-7,-8,-7,-8,-7,-9,-8,-9,-8,-10,-8,-10,-8,0,0,-10,-9,-9,-9,-9,-9,-9,-9,-8,-9,-8,-9,-8,-9,-8,-8,-8,-8,-8,-8,-8,-8,-8,-8,-8,-8,-8,-8,-8,-9,-8,-9,-8,-9,-7,-9,-7,-9,-6,-10,-5,-10,-5,-10,-4,-10,-3,-9,-2,-9,-2,-9,0,0,0,0,0,0,0,0,0,0,0,0,0,0,-45,61,-45,60,-40,59,-36,60,-37,61,-40,55,-36,57,-38,59,-36,55,-34,56,-29,54,-28,56,-28,54,-26,52,-27,51,-23,48,-20,51,-17,48,-15,47,-11,47,-7,50,-5,50,0,49,3,52,5,52,6,58,4,59,2,60,6,62,6,65,6,63,5,65,0,64,1,65,0,66,-1,63,-1,56,-2,60,2,60,-1,57,-2,55,1,52,-1,56,1,56,-1,59,-1,58,-4,58,-5,56,-5,57,-6,58,-12,55,-15,55,-15,50,-20,46,-24,42,-23,40,-24,34,0,0,0,0,0,0,0,0,0,0,0,0,0,0,0,0,0,0,0,0,0,0,-3,-23,1,-24,0,-23,1,-21,0,-21,1,-17,1,-16,0,-18,1,-19,0,-17,4,-18,4,-22,2,-20,2,-24,3,-20,6,-21,5,-19,5,-18,6,-17,6,-14,4,-9,1,-11,-2,-9,-3,-3,-4,-3,-9,-3,-11,-2,-12,0,-20,0,-24,1,-30,0,-34,-3,-37,-5,-41,-8,-49,-8,-49,-12,-48,-13,-50,-18,-53,-22,-53,-21,-54,-23,-55,-20,-59,-24,-63,-26,-61,-27,-63,-24,-65,-26,-68,-28,-68,-30,-70,-35,-64,-35,-70,-36,-69,-39,-68,-40,-74,-45,-69,-43,-68,-44,0,0]",1
CSI_DATA,53687,1a:00:00:00:00:00,-30,11,1,0,1,1,1,0,0,0,1,-97,0,11,2,723020517,0,44,0,384,0,"[0,0,0,0,0,0,0,0,0,0,0,0,13,1,13,0,13,0,12,0,12,0,12,0,12,0,11,0,11,0,10,0,10,0,10,-1,9,-1,9,-2,9,-2,8,-3,8,-3,8,-4,8,-5,8,-5,8,-5,8,-6,9,-6,9,-7,9,-7,9,-7,0,0,10,-7,10,-7,10,-6,10,-6,10,-6,10,-6,9,-5,9,-5,9,-6,9,-6,9,-6,9,-6,9,-6,9,-6,9,-6,9,-5,9,-5,9,-5,10,-4,10,-4,10,-3,9,-2,9,-2,9,-1,9,0,8,0,0,0,0,0,0,0,0,0,0,0,0,0,0,0,-49,-60,-47,-58,-47,-57,-49,-58,-49,-58,-48,-54,-46,-49,-48,-52,-50,-47,-45,-49,-48,-49,-47,-45,-48,-46,-42,-42,-46,-40,-44,-35,-44,-32,-44,-28,-47,-31,-46,-21,-47,-18,-48,-18,-51,-14,-49,-15,-53,-15,-56,-11,-61,-13,-64,-11,-64,-13,-64,-11,-68,-13,-68,-15,-61,-16,-64,-15,-64,-18,-65,-18,-58,-21,-58,-19,-55,-19,-56,-15,-55,-13,-58,-14,-56,-14,-57,-12,-57,-14,-60,-12,-58,-20,-55,-22,-54,-23,-52,-23,-50,-24,-47,-28,-48,-27,-44,-33,-38,-33,-37,-33,-30,-35,0,0,0,0,0,0,0,0,0,0,0,0,0,0,0,0,0,0,0,0,0,0,24,4,20,8,21,11,18,9,17,7,16,7,18,7,15,6,20,7,19,7,17,10,20,11,19,10,18,9,18,11,16,8,16,11,15,14,12,13,12,12,7,8,8,7,7,3,7,-5,7,-5,7,-10,4,-10,7,-16,6,-22,5,-24,9,-28,13,-33,17,-37,23,-41,25,-37,27,-38,26,-42,33,-46,32,-45,33,-44,38,-48,39,-49,42,-49,42,-49,46,-51,47,-54,48,-53,49,-54,51,-58,53,-54,53,-56,54,-60,60,-56,58,-57,61,-57,63,-54,61,-55,0,0]",1
CSI_DATA,53688,1a:00:00:00:00:00,-30,11,1,0,1,1,1,0,0,0,1,-97,0,11,2,723040479,0,44,0,384,0,"[0,0,0,0,0,0,0,0,0,0,0,0,-13,-5,-13,-5,-13,-5,-13,-5,-13,-5,-12,-5,-12,-4,-12,-4,-11,-4,-11,-4,-11,-4,-11,-3,-10,-3,-10,-2,-10,-2,-10,-1,-9,0,-10,0,-10,1,-10,1,-10,2,-10,2,-11,2,-11,3,-12,3,-12,3,0,0,-13,2,-13,2,-12,2,-12,2,-12,1,-12,1,-11,1,-11,2,-11,2,-11,2,-11,2,-11,2,-11,2,-11,2,-11,1,-11,1,-12,1,-11,0,-11,0,-11,-1,-11,-1,-11,-2,-10,-2,-9,-3,-9,-4,-8,-4,0,0,0,0,0,0,0,0,0,0,0,0,0,0,29,70,27,70,31,64,34,64,33,64,33,64,36,63,35,63,30,60,31,56,32,56,28,57,39,53,34,50,32,49,34,46,33,46,33,37,34,36,39,34,38,31,39,29,44,27,51,23,47,27,52,24,55,27,56,26,57,29,60,29,59,31,60,32,58,34,56,34,56,37,50,35,51,30,49,32,51,33,48,30,48,31,47,27,49,33,53,28,51,32,52,32,50,30,49,36,42,35,45,36,40,39,35,40,34,42,31,41,27,44,22,41,18,39,0,0,0,0,0,0,0,0,0,0,0,0,0,0,0,0,0,0,0,0,0,0,-23,-9,-17,-13,-18,-14,-18,-15,-16,-13,-15,-10,-11,-12,-16,-11,-15,-11,-16,-11,-17,-12,-17,-14,-15,-14,-15,-15,-17,-15,-18,-13,-15,-16,-12,-18,-9,-15,-7,-14,-8,-9,-6,-6,-7,-2,-7,0,-7,2,-10,5,-8,10,-7,13,-10,17,-14,22,-17,26,-25,28,-25,27,-26,32,-34,31,-33,33,-38,32,-41,36,-43,35,-45,37,-47,36,-51,38,-52,37,-55,36,-56,37,-54,40,-57,39,-60,40,-61,39,-68,42,-69,41,-67,47,-73,36,-77,39,-72,43,-77,36,-73,37,0,0]",1
CSI_DATA,53689,1a:00:00:00:00:00,-30,11,1,0,1,1,1,0,0,0,1,-97,0,11,2,723050509,0,44,0,384,0,"[0,0,0,0,0,0,0,0,0,0,0,0,9,-9,9,-9,9,-9,9,-9,9,-9,9,-9,9,-8,8,-8,8,-8,7,-8,7,-8,6,-8,6,-8,5,-8,5,-8,4,-9,4,-9,3,-9,3,-10,2,-10,2,-10,2,-11,2,-11,2,-12,2,-12,2,-12,0,0,3,-12,3,-12,3,-12,3,-12,4,-12,3,-11,4,-11,3,-11,3,-11,3,-11,2,-11,3,-11,3,-11,3,-11,3,-11,3,-11,4,-11,4,-10,4,-10,5,-9,6,-9,6,-8,6,-8,6,-7,6,-6,6,-5,0,0,0,0,0,0,0,0,0,0,0,0,0,0,-75,-3,-72,-4,-73,1,-71,2,-72,4,-72,1,-69,4,-71,7,-69,10,-63,5,-63,4,-60,7,-64,8,-57,8,-55,6,-53,9,-54,12,-47,13,-50,14,-43,20,-46,21,-45,27,-43,28,-44,32,-42,37,-45,38,-44,37,-47,39,-48,41,-47,39,-49,38,-55,41,-50,35,-53,40,-52,36,-54,33,-48,33,-47,30,-46,33,-45,34,-44,35,-46,35,-48,30,-46,35,-48,34,-48,33,-52,32,-49,30,-52,25,-47,25,-51,24,-49,20,-49,15,-49,14,-48,9,-46,7,-46,-1,0,0,0,0,0,0,0,0,0,0,0,0,0,0,0,0,0,0,0,0,0,0,22,-17,20,-11,16,-10,19,-10,19,-10,15,-7,17,-9,17,-7,17,-7,17,-10,18,-8,18,-6,15,-11,17,-7,21,-11,19,-6,20,-4,16,-6,14,-8,16,-2,10,-3,10,-3,7,-3,3,-2,-2,-7,-1,-9,-4,-10,-11,-14,-8,-16,-15,-21,-14,-24,-17,-31,-17,-34,-17,-37,-18,-43,-15,-47,-11,-47,-13,-54,-9,-52,-14,-57,-13,-61,-14,-59,-11,-62,-13,-63,-10,-64,-11,-66,-13,-69,-13,-73,-13,-75,-13,-75,-6,-74,-11,-83,-3,-84,-2,-79,-6,-85,2,-85,1,-83,0,0]",1
CSI_DATA,53690,1a:00:00:00:00:00,-30,11,1,0,1,1,1,0,0,0,1,-97,0,11,2,723060496,0,44,0,384,0,"[0,0,0,0,0,0,0,0,0,0,0,0,7,10,7,10,7,10,7,10,7,10,7,10,7,9,6,9,6,9,6,8,7,8,6,7,6,7,6,6,6,6,7,5,7,4,8,4,8,4,9,3,9,3,9,3,10,3,10,3,11,3,11,3,0,0,11,4,11,4,11,4,11,5,10,5,10,5,9,5,9,4,9,4,9,4,10,4,9,4,9,4,9,4,10,4,9,5,9,5,9,5,8,6,8,6,7,7,7,7,6,7,5,7,5,7,4,7,0,0,0,0,0,0,0,0,0,0,0,0,0,0,11,-74,10,-72,5,-77,7,-74,1,-71,7,-69,-1,-71,5,-70,3,-67,2,-66,-2,-65,1,-62,-4,-61,0,-60,-2,-56,-4,-54,-6,-54,-8,-50,-9,-49,-14,-47,-20,-44,-21,-46,-24,-47,-27,-44,-28,-48,-30,-45,-33,-54,-33,-51,-32,-53,-37,-56,-32,-54,-35,-58,-35,-60,-33,-59,-30,-58,-26,-54,-26,-55,-26,-53,-28,-51,-28,-51,-26,-53,-28,-50,-27,-51,-34,-51,-27,-52,-29,-51,-30,-53,-26,-53,-22,-52,-20,-52,-18,-52,-15,-54,-10,-52,-8,-53,-3,-47,1,-44,5,-41,0,0,0,0,0,0,0,0,0,0,0,0,0,0,0,0,0,0,0,0,0,0,12,16,10,20,10,19,9,22,5,19,6,15,6,17,5,18,10,17,7,19,5,18,5,17,7,22,6,20,3,20,4,19,5,22,4,16,3,16,0,13,-1,8,3,8,4,5,5,2,6,-1,9,-3,10,-5,14,-6,18,-9,22,-10,25,-14,31,-11,37,-12,38,-12,44,-15,45,-10,50,-8,54,-10,53,-9,56,-8,60,-5,56,-6,62,-6,65,-1,65,-4,64,-5,69,-5,71,-7,71,-5,77,0,71,3,77,0,77,2,80,4,82,6,82,6,80,6,0,0]",1
CSI_DATA,53691,1a:00:00:00:00:00,-30,11,1,0,1,1,1,0,0,0,1,-97,0,11,2,723080484,0,44,0,384,0,"[0,0,0,0,0,0,0,0,0,0,0,0,-4,-14,-4,-13,-4,-13,-4,-13,-4,-13,-4,-13,-4,-12,-3,-12,-4,-11,-4,-11,-4,-11,-4,-10,-4,-10,-5,-9,-5,-9,-6,-8,-6,-8,-6,-8,-7,-7,-7,-7,-8,-8,-8,-8,-9,-8,-9,-8,-10,-8,-10,-8,0,0,-9,-9,-9,-9,-9,-9,-9,-9,-8,-9,-8,-9,-8,-9,-8,-9,-8,-9,-8,-8,-8,-8,-8,-8,-8,-8,-8,-9,-8,-9,-8,-9,-7,-9,-7,-9,-6,-10,-5,-10,-5,-10,-4,-10,-4,-10,-3,-9,-2,-10,-1,-9,0,0,0,0,0,0,0,0,0,0,0,0,0,0,-30,65,-32,66,-27,64,-26,64,-26,65,-23,63,-23,63,-26,65,-24,62,-20,61,-19,59,-16,57,-13,58,-18,55,-16,55,-13,53,-13,52,-5,48,-5,50,1,47,3,48,4,47,9,51,11,55,14,49,13,51,16,57,15,62,13,60,16,62,13,62,15,66,13,62,12,66,9,63,8,60,10,59,8,56,12,58,11,56,11,55,7,55,6,59,10,54,11,54,9,55,6,57,7,57,2,58,3,54,-2,56,-7,54,-6,54,-12,49,-16,46,-19,42,-19,39,0,0,0,0,0,0,0,0,0,0,0,0,0,0,0,0,0,0,0,0,0,0,-5,-21,-6,-23,-5,-23,-4,-19,0,-18,-4,-19,-2,-22,-5,-19,-3,-18,0,-22,-4,-16,-3,-22,-1,-19,-1,-20,1,-21,-1,-22,1,-21,0,-16,0,-19,3,-14,-1,-11,-1,-10,-4,-8,-3,-8,-6,-3,-6,-1,-13,0,-15,1,-20,1,-22,5,-30,5,-34,6,-36,4,-42,2,-42,-1,-46,-2,-50,-4,-53,-5,-53,-8,-55,-9,-59,-13,-58,-10,-61,-11,-64,-13,-65,-15,-64,-14,-68,-14,-69,-15,-73,-16,-72,-20,-70,-24,-77,-25,-73,-24,-72,-25,-78,-30,-79,-29,-74,-27,0,0]",1
CSI_DATA,53692,1a:00:00:00:00:00,-30,11,1,0,1,1,1,0,0,0,1,-97,0,11,2,723090483,0,44,0,384,0,"[0,0,0,0,0,0,0,0,0,0,0,0,14,-2,13,-2,13,-2,13,-2,13,-2,12,-2,12,-2,12,-2,11,-2,11,-2,11,-2,10,-3,10,-3,9,-3,9,-4,8,-5,8,-5,8,-5,7,-6,7,-7,7,-7,8,-8,8,-8,8,-9,9,-9,9,-9,0,0,9,-9,10,-9,9,-8,9,-8,9,-7,9,-8,9,-7,8,-7,8,-7,8,-8,8,-8,8,-7,8,-7,8,-8,9,-7,9,-7,9,-7,9,-6,9,-6,9,-5,10,-4,9,-4,9,-3,9,-2,9,-2,8,-1,0,0,0,0,0,0,0,0,0,0,0,0,0,0,-60,-51,-56,-49,-58,-45,-56,-44,-58,-42,-56,-42,-58,-38,-60,-40,-55,-38,-55,-41,-56,-34,-52,-37,-52,-31,-50,-31,-47,-31,-50,-29,-49,-24,-46,-17,-52,-17,-47,-10,-49,-9,-46,-7,-54,-5,-52,0,-51,-3,-59,-2,-59,2,-62,3,-63,4,-66,2,-65,-2,-69,0,-64,-2,-68,0,-66,-6,-67,-6,-61,-7,-61,-7,-59,-7,-60,-3,-55,-2,-58,0,-59,0,-60,1,-57,-5,-59,0,-62,-5,-59,-5,-56,-13,-54,-10,-54,-15,-53,-19,-48,-19,-48,-21,-42,-24,-41,-26,-36,-27,0,0,0,0,0,0,0,0,0,0,0,0,0,0,0,0,0,0,0,0,0,0,22,-2,22,1,20,1,22,5,17,2,17,4,19,1,20,5,20,-1,15,2,18,6,20,5,17,5,16,4,19,4,20,6,19,6,17,7,14,6,16,5,9,5,6,4,7,2,5,-3,4,-6,3,-6,-1,-10,-2,-18,2,-21,-2,-26,1,-29,6,-34,10,-35,10,-39,13,-42,15,-48,16,-47,19,-47,22,-49,24,-52,28,-53,25,-55,30,-59,32,-59,30,-61,29,-57,28,-65,35,-64,37,-65,37,-64,40,-65,41,-72,43,-69,43,-63,48,-71,49,-69,51,-68,0,0]",1
CSI_DATA,53693,1a:00:00:00:00:00,-30,11,1,0,1,1,1,0,0,0,1,-97,0,11,2,723100497,0,44,0,384,0,"[0,0,0,0,0,0,0,0,0,0,0,0,-2,12,-2,12,-2,12,-2,12,-2,12,-2,12,-2,11,-2,11,-2,10,-1,10,-1,10,-1,10,-1,9,0,9,0,8,1,8,2,8,2,8,3,8,3,8,3,8,4,9,4,9,5,9,5,9,5,10,0,0,5,10,5,10,4,10,4,10,4,10,4,10,3,10,3,9,4,9,4,9,4,9,4,9,4,9,4,9,3,9,3,9,3,10,3,10,2,10,1,9,1,10,0,9,0,9,-1,8,-2,8,-2,7,0,0,0,0,0,0,0,0,0,0,0,0,0,0,63,-42,61,-44,54,-43,57,-42,56,-43,58,-43,53,-47,52,-45,53,-42,50,-38,51,-41,45,-39,48,-38,43,-43,43,-39,39,-39,37,-39,32,-46,32,-39,26,-42,23,-43,25,-45,19,-45,20,-50,18,-52,16,-54,17,-55,15,-60,18,-62,18,-61,19,-58,25,-62,25,-62,23,-61,24,-57,24,-57,26,-56,26,-56,22,-51,20,-52,24,-51,20,-52,22,-56,21,-54,23,-53,21,-55,26,-51,30,-52,27,-49,31,-47,34,-44,35,-43,37,-36,41,-36,36,-30,36,-27,36,-27,0,0,0,0,0,0,0,0,0,0,0,0,0,0,0,0,0,0,0,0,0,0,-2,22,-7,19,-7,21,-6,17,-6,16,-9,16,-7,17,-10,16,-7,17,-10,19,-8,15,-8,20,-9,18,-9,19,-11,22,-9,20,-10,17,-12,18,-8,13,-9,10,-6,11,-6,8,-3,6,-4,5,2,6,7,3,8,3,14,-1,21,6,23,9,25,8,30,11,34,16,37,21,38,20,39,24,42,28,41,30,44,37,45,33,45,37,47,38,46,38,52,44,48,40,50,44,52,47,51,50,50,52,54,53,52,55,57,56,53,61,48,63,52,62,49,64,48,66,0,0]",1
CSI_DATA,53694,1a:00:00:00:00:00,-30,11,1,0,1,1,1,0,0,0,1,-97,0,11,2,723120478,0,44,0,384,0,"[0,0,0,0,0,0,0,0,0,0,0,0,3,-13,3,-13,3,-13,3,-13,3,-13,3,-12,3,-12,3,-11,3,-11,2,-11,2,-11,2,-10,1,-10,1,-10,0,-10,-1,-10,-1,-9,-2,-9,-2,-9,-3,-10,-3,-10,-4,-10,-4,-11,-4,-11,-4,-11,-4,-11,0,0,-4,-12,-4,-12,-3,-12,-3,-12,-3,-11,-3,-11,-3,-11,-3,-11,-3,-11,-3,-11,-3,-11,-3,-11,-3,-11,-3,-11,-3,-11,-2,-11,-2,-11,-2,-11,-1,-11,0,-11,0,-11,1,-10,1,-10,2,-9,2,-9,3,-8,0,0,0,0,0,0,0,0,0,0,0,0,0,0,-64,40,-62,42,-58,43,-57,42,-56,46,-53,44,-56,46,-55,47,-52,40,-50,44,-50,41,-49,41,-48,40,-45,39,-41,40,-37,39,-35,37,-30,41,-29,41,-29,42,-23,45,-25,45,-19,48,-16,50,-16,50,-15,53,-14,58,-13,61,-14,63,-15,61,-19,63,-19,73,-19,59,-20,64,-22,60,-24,59,-21,55,-21,51,-19,55,-21,57,-18,51,-14,53,-16,56,-16,55,-18,55,-18,55,-19,54,-24,55,-23,49,-23,46,-28,47,-31,45,-33,41,-33,42,-33,36,-36,27,-37,27,0,0,0,0,0,0,0,0,0,0,0,0,0,0,0,0,0,0,0,0,0,0,4,-21,11,-19,5,-19,8,-19,9,-18,10,-18,8,-15,10,-18,7,-19,9,-16,11,-18,9,-18,6,-20,11,-20,11,-21,11,-18,11,-16,11,-14,11,-14,8,-12,8,-10,6,-8,1,-9,1,-4,-3,-3,-8,-4,-12,-5,-13,-9,-21,-7,-23,-9,-25,-14,-29,-13,-33,-19,-37,-21,-39,-24,-40,-26,-41,-28,-44,-32,-44,-33,-46,-37,-46,-39,-45,-40,-48,-43,-46,-45,-43,-46,-53,-45,-52,-49,-49,-49,-52,-56,-52,-54,-55,-54,-56,-58,-50,-59,-51,-61,-55,-62,-53,-66,-49,-66,0,0]",1
CSI_DATA,53695,1a:00:00:00:00:00,-30,11,1,0,1,1,1,0,0,0,1,-97,0,11,2,723130536,0,44,0,384,0,"[0,0,0,0,0,0,0,0,0,0,0,0,8,10,8,10,8,9,8,10,8,9,8,9,7,9,7,9,7,9,7,7,7,7,7,7,7,6,7,6,7,5,7,5,7,4,8,4,8,3,8,3,9,3,9,3,10,3,11,2,11,3,11,3,0,0,11,4,11,4,11,4,11,4,10,4,10,4,10,4,9,4,9,4,9,3,10,3,10,3,10,3,10,4,10,4,10,4,9,5,9,5,9,5,8,6,8,6,7,7,6,7,6,6,5,7,4,6,0,0,0,0,0,0,0,0,0,0,0,0,0,0,20,-73,18,-71,14,-72,16,-72,12,-70,9,-65,9,-64,10,-71,11,-70,9,-68,13,-64,8,-61,6,-61,9,-60,4,-56,1,-54,-1,-56,-3,-49,-3,-51,-7,-48,-9,-48,-13,-46,-18,-50,-16,-48,-22,-52,-22,-51,-23,-54,-27,-53,-28,-59,-29,-61,-26,-61,-24,-66,-23,-59,-21,-61,-21,-59,-20,-64,-20,-56,-15,-55,-18,-57,-19,-56,-19,-53,-23,-54,-20,-56,-23,-58,-16,-57,-21,-57,-14,-59,-10,-58,-10,-56,-6,-54,-5,-55,-1,-55,3,-52,4,-51,3,-50,9,-47,14,-46,0,0,0,0,0,0,0,0,0,0,0,0,0,0,0,0,0,0,0,0,0,0,11,18,11,20,9,20,9,18,5,15,8,20,6,15,3,17,4,18,5,18,9,14,9,15,6,20,1,19,4,17,4,19,6,17,3,17,-1,14,-2,13,-2,12,2,10,-1,6,1,4,5,2,10,0,10,-6,13,-6,17,-8,23,-11,26,-15,31,-13,34,-11,38,-9,45,-9,48,-7,47,-6,55,-9,54,-4,57,-6,56,-2,58,-4,62,-2,64,-2,64,-3,70,4,66,1,71,1,73,4,72,6,80,6,80,3,80,11,78,11,83,11,83,14,80,17,0,0]",1
CSI_DATA,53696,1a:00:00:00:00:00,-30,11,1,0,1,1,1,0,0,0,1,-97,0,11,2,723140496,0,44,0,384,0,"[0,0,0,0,0,0,0,0,0,0,0,0,-9,9,-8,9,-9,10,-9,9,-9,9,-8,8,-8,9,-8,8,-8,8,-7,8,-7,8,-6,8,-6,7,-5,8,-5,7,-4,8,-3,8,-3,8,-2,8,-2,9,-2,9,-1,10,-2,10,-1,11,-2,11,-1,11,0,0,-2,11,-2,12,-2,11,-2,11,-2,11,-2,11,-2,10,-2,10,-2,10,-2,10,-2,10,-2,10,-2,10,-2,10,-2,11,-2,10,-3,10,-3,10,-3,9,-4,9,-5,9,-5,8,-5,8,-6,7,-6,6,-6,5,0,0,0,0,0,0,0,0,0,0,0,0,0,0,75,-16,70,-18,71,-22,71,-19,66,-24,65,-20,62,-22,67,-26,62,-25,61,-21,60,-21,59,-17,56,-22,55,-26,50,-22,50,-27,47,-28,44,-30,44,-30,39,-29,36,-38,33,-36,31,-36,32,-41,31,-45,33,-45,33,-47,38,-52,36,-54,35,-55,40,-53,42,-54,40,-51,42,-51,41,-49,41,-48,43,-45,43,-41,38,-43,36,-42,34,-43,32,-44,35,-48,35,-45,38,-47,40,-45,42,-44,42,-41,39,-36,45,-34,48,-32,48,-27,43,-27,45,-22,42,-19,43,-17,43,-13,0,0,0,0,0,0,0,0,0,0,0,0,0,0,0,0,0,0,0,0,0,0,-12,22,-15,18,-14,13,-15,16,-16,11,-14,14,-16,9,-14,15,-15,16,-14,15,-14,16,-15,13,-14,15,-14,17,-16,11,-18,10,-18,11,-18,9,-13,10,-13,4,-9,6,-7,5,-4,6,-1,5,0,6,3,7,9,9,11,5,17,11,18,13,20,16,24,24,24,26,24,33,31,35,25,37,29,41,30,41,27,46,29,47,26,54,32,48,29,55,29,57,29,57,28,58,29,60,31,65,30,68,32,68,32,72,32,70,31,75,26,75,28,75,23,75,24,74,0,0]",1
CSI_DATA,53697,1a:00:00:00:00:00,-30,11,1,0,1,1,1,0,0,0,1,-97,0,11,2,723160572,0,44,0,384,0,"[0,0,0,0,0,0,0,0,0,0,0,0,13,-1,13,-2,12,-2,13,-1,12,-2,12,-1,12,-1,11,-1,11,-1,10,-2,10,-2,10,-2,9,-2,9,-3,9,-3,8,-4,8,-4,7,-5,8,-6,8,-6,8,-7,8,-7,8,-7,8,-8,8,-8,9,-8,0,0,9,-8,9,-8,9,-8,9,-7,9,-7,9,-7,9,-7,8,-7,8,-7,8,-7,8,-7,8,-7,8,-7,8,-7,9,-7,9,-7,9,-6,9,-6,9,-5,9,-5,10,-4,9,-3,9,-3,9,-2,9,-1,8,-1,0,0,0,0,0,0,0,0,0,0,0,0,0,0,-60,-58,-54,-58,-55,-50,-54,-49,-51,-49,-54,-51,-53,-49,-55,-51,-54,-49,-54,-42,-51,-45,-48,-40,-50,-40,-50,-34,-46,-37,-47,-31,-49,-30,-47,-24,-48,-24,-46,-20,-46,-19,-47,-14,-53,-10,-55,-10,-53,-11,-62,-8,-57,-7,-65,-5,-64,-6,-69,-5,-65,-3,-70,-12,-64,-10,-65,-13,-66,-15,-69,-15,-63,-13,-59,-15,-59,-12,-60,-9,-56,-10,-62,-9,-58,-14,-61,-4,-60,-13,-57,-10,-60,-15,-58,-16,-58,-17,-56,-18,-55,-24,-50,-23,-51,-27,-43,-29,-42,-31,-38,-33,-34,-35,0,0,0,0,0,0,0,0,0,0,0,0,0,0,0,0,0,0,0,0,0,0,22,-1,21,3,19,4,21,7,19,5,19,6,18,7,16,5,21,4,17,6,17,4,19,4,21,6,19,5,18,10,18,7,18,9,15,6,14,9,9,7,10,5,8,4,8,1,7,-4,5,-6,3,-8,0,-12,2,-15,3,-21,2,-26,6,-30,10,-32,11,-36,17,-40,15,-44,21,-47,22,-44,24,-51,28,-47,29,-53,29,-52,31,-52,35,-51,36,-57,39,-56,42,-54,39,-64,38,-62,45,-63,48,-64,48,-64,53,-66,54,-67,54,-60,56,-63,61,-64,57,-58,0,0]",1
CSI_DATA,53698,1a:00:00:00:00:00,-30,11,1,0,1,1,1,0,0,0,1,-97,0,11,2,723170486,0,44,0,384,0,"[0,0,0,0,0,0,0,0,0,0,0,0,6,11,6,10,6,11,6,10,6,11,6,10,5,10,5,10,5,9,5,9,5,8,5,8,5,7,5,7,5,6,7,6,6,5,7,5,7,4,8,4,8,4,9,4,9,4,10,4,10,4,10,4,0,0,10,5,10,5,10,5,10,6,9,5,9,5,9,5,8,5,9,5,9,5,9,4,9,4,9,5,9,5,9,5,8,5,9,6,8,6,7,6,7,6,6,7,6,7,5,8,4,7,4,7,3,7,0,0,0,0,0,0,0,0,0,0,0,0,0,0,15,-79,11,-70,13,-77,11,-71,7,-70,8,-69,5,-72,5,-68,4,-67,3,-66,5,-65,4,-66,-1,-60,5,-58,4,-58,-1,-56,-4,-53,-7,-52,-6,-50,-10,-48,-16,-49,-16,-47,-19,-46,-26,-47,-25,-48,-27,-48,-28,-52,-33,-55,-36,-56,-33,-56,-30,-58,-33,-64,-30,-58,-26,-58,-25,-59,-24,-59,-24,-56,-22,-52,-27,-55,-24,-51,-27,-56,-26,-50,-28,-52,-29,-55,-24,-53,-23,-53,-23,-57,-23,-56,-20,-57,-16,-58,-12,-55,-11,-54,-6,-54,-4,-53,-1,-48,5,-46,7,-44,0,0,0,0,0,0,0,0,0,0,0,0,0,0,0,0,0,0,0,0,0,0,12,19,10,18,8,19,4,19,8,15,5,18,3,19,7,17,4,19,7,19,7,18,7,17,7,20,7,20,6,20,4,17,5,18,1,16,3,13,1,15,1,11,-1,9,4,6,5,6,7,2,10,0,11,-2,16,-10,16,-9,19,-12,26,-10,30,-12,35,-14,38,-12,40,-13,48,-10,51,-8,51,-7,54,-6,55,-5,57,-4,59,-6,62,-4,64,-1,61,-3,68,-11,69,-7,70,0,73,1,76,0,78,4,78,-2,84,6,77,6,81,7,81,11,79,10,0,0]",1
CSI_DATA,53699,1a:00:00:00:00:00,-30,11,1,0,1,1,1,0,0,0,1,-97,0,11,2,723190498,0,44,0,384,0,"[0,0,0,0,0,0,0,0,0,0,0,0,-2,-14,-2,-13,-2,-14,-2,-13,-2,-13,-2,-12,-1,-12,-1,-12,-1,-12,-2,-11,-2,-11,-3,-10,-3,-10,-3,-9,-3,-9,-4,-9,-4,-8,-5,-8,-5,-8,-6,-8,-6,-9,-7,-9,-7,-9,-8,-9,-8,-9,-8,-9,0,0,-8,-10,-8,-11,-7,-10,-7,-10,-7,-10,-6,-10,-6,-10,-6,-9,-6,-9,-6,-9,-7,-9,-7,-9,-7,-9,-6,-9,-6,-10,-6,-10,-6,-10,-5,-10,-5,-10,-4,-10,-3,-10,-2,-10,-2,-10,-2,-10,-1,-9,0,-9,0,0,0,0,0,0,0,0,0,0,0,0,0,0,-48,58,-49,55,-50,58,-47,54,-45,55,-43,58,-44,53,-46,58,-42,54,-41,56,-39,49,-40,52,-37,52,-31,47,-32,45,-30,45,-24,48,-24,46,-22,46,-14,43,-16,49,-12,48,-12,52,-7,52,-8,51,-4,54,-5,56,-2,62,-2,61,-3,63,-6,63,-9,69,-10,64,-10,65,-7,62,-12,64,-12,58,-14,56,-9,56,-8,57,-11,52,-7,54,-10,57,-9,61,-9,60,-10,60,-13,56,-16,55,-19,57,-19,52,-23,54,-25,49,-24,44,-29,41,-28,39,-31,35,-31,32,0,0,0,0,0,0,0,0,0,0,0,0,0,0,0,0,0,0,0,0,0,0,-2,-24,-1,-23,1,-20,3,-21,4,-19,1,-20,5,-19,1,-20,4,-21,1,-17,2,-20,-1,-19,3,-20,3,-22,3,-22,0,-21,7,-20,6,-17,7,-16,6,-19,6,-11,2,-12,2,-8,-2,-4,-3,-3,-9,-1,-11,1,-15,-2,-19,0,-27,-2,-29,-1,-38,-4,-37,-6,-41,-12,-44,-15,-45,-13,-47,-16,-48,-21,-49,-24,-53,-24,-54,-28,-51,-28,-53,-31,-58,-27,-57,-32,-55,-34,-62,-31,-64,-35,-63,-37,-61,-39,-66,-43,-70,-42,-71,-48,-63,-47,-65,-51,-72,-53,-63,-49,0,0]",1
CSI_DATA,53700,1a:00:00:00:00:00,-30,11,1,0,1,1,1,0,0,0,1,-97,0,11,2,723200501,0,44,0,384,0,"[0,0,0,0,0,0,0,0,0,0,0,0,13,1,13,1,12,1,12,1,12,1,12,1,11,1,11,1,11,0,10,0,10,0,10,-1,9,-1,9,-1,9,-2,8,-3,8,-3,8,-3,8,-4,8,-5,8,-5,8,-6,9,-6,9,-6,9,-7,9,-7,0,0,10,-6,10,-6,10,-6,10,-6,10,-6,10,-5,9,-5,9,-5,9,-5,9,-5,9,-6,9,-6,9,-5,9,-6,9,-5,9,-5,9,-5,9,-5,10,-4,9,-3,10,-2,9,-2,9,-1,8,-1,8,0,8,0,0,0,0,0,0,0,0,0,0,0,0,0,0,0,-48,-61,-47,-62,-48,-55,-49,-55,-49,-57,-47,-54,-48,-53,-47,-56,-51,-51,-47,-51,-48,-45,-46,-48,-48,-44,-47,-41,-42,-42,-44,-38,-45,-35,-42,-32,-44,-30,-43,-25,-45,-20,-45,-16,-52,-16,-52,-12,-54,-14,-59,-13,-60,-10,-61,-13,-61,-15,-63,-12,-67,-16,-70,-17,-64,-15,-66,-16,-66,-17,-63,-21,-60,-16,-57,-15,-60,-14,-60,-13,-53,-15,-57,-16,-58,-15,-59,-17,-60,-17,-60,-16,-62,-19,-54,-20,-54,-23,-54,-23,-56,-23,-50,-27,-49,-29,-45,-35,-39,-35,-36,-34,-33,-33,0,0,0,0,0,0,0,0,0,0,0,0,0,0,0,0,0,0,0,0,0,0,23,6,22,9,19,8,16,8,17,10,16,8,20,7,16,10,18,7,17,9,17,10,15,9,14,10,17,10,18,11,20,12,17,12,16,12,14,12,12,10,9,9,7,1,7,3,8,-2,7,-1,6,-5,5,-11,6,-15,8,-20,7,-23,10,-30,12,-33,12,-35,18,-37,19,-42,27,-41,28,-43,32,-43,37,-47,38,-47,35,-47,40,-50,43,-48,42,-53,43,-52,41,-53,45,-53,44,-56,50,-57,51,-55,56,-54,58,-59,58,-58,58,-59,66,-53,63,-54,63,-54,0,0]",1
CSI_DATA,53701,1a:00:00:00:00:00,-30,11,1,0,1,1,1,0,0,0,1,-97,0,11,2,723210510,0,44,0,384,0,"[0,0,0,0,0,0,0,0,0,0,0,0,-6,12,-5,12,-5,12,-6,12,-5,12,-5,11,-5,11,-5,10,-5,10,-4,10,-4,10,-4,9,-3,9,-3,9,-2,9,-2,9,-1,9,-1,9,0,9,0,9,1,9,1,10,1,10,2,11,2,11,2,11,0,0,1,12,1,12,1,12,0,12,0,11,0,11,0,11,0,10,0,10,0,10,1,10,1,10,1,11,0,11,0,11,0,11,-1,11,-1,10,-2,10,-2,10,-3,10,-4,9,-4,9,-4,8,-5,7,-5,7,0,0,0,0,0,0,0,0,0,0,0,0,0,0,80,-17,68,-17,71,-18,68,-17,65,-20,66,-21,66,-19,67,-21,65,-21,63,-21,61,-18,61,-19,60,-23,54,-20,53,-19,50,-25,47,-24,46,-28,46,-26,40,-28,38,-31,36,-32,36,-37,37,-36,34,-37,40,-42,38,-45,40,-49,38,-48,43,-50,41,-49,49,-48,45,-48,48,-46,44,-42,48,-48,48,-39,45,-41,42,-41,42,-40,39,-40,39,-41,42,-42,38,-43,40,-43,43,-41,45,-36,45,-36,47,-33,46,-28,50,-27,46,-21,50,-23,49,-17,47,-19,47,-11,49,-11,0,0,0,0,0,0,0,0,0,0,0,0,0,0,0,0,0,0,0,0,0,0,-12,19,-14,20,-10,15,-15,15,-14,16,-13,14,-13,12,-13,14,-14,12,-13,14,-13,17,-15,15,-11,14,-11,15,-15,16,-15,17,-17,14,-17,10,-14,14,-15,9,-12,8,-8,8,-8,4,-2,6,0,1,6,5,10,8,11,6,15,12,20,14,25,16,23,21,25,24,27,30,29,34,28,36,29,39,31,42,28,45,28,48,31,52,32,52,27,52,28,54,30,58,29,61,30,63,29,64,30,66,28,69,31,69,29,70,28,75,26,74,27,78,23,79,22,76,0,0]",1
CSI_DATA,53702,1a:00:00:00:00:00,-30,11,1,0,1,1,1,0,0,0,1,-97,0,11,2,723230507,0,44,0,384,0,"[0,0,0,0,0,0,0,0,0,0,0,0,7,-12,6,-12,6,-12,6,-12,6,-11,6,-11,6,-10,6,-10,6,-10,5,-10,4,-10,4,-10,4,-10,3,-9,3,-9,2,-9,1,-9,1,-9,0,-10,0,-10,0,-10,-1,-11,-1,-11,-1,-12,-1,-12,-2,-12,0,0,-1,-13,0,-12,0,-13,0,-12,0,-12,0,-12,0,-11,0,-11,0,-11,0,-11,-1,-11,-1,-11,-1,-11,-1,-11,0,-11,0,-11,1,-11,1,-11,1,-11,2,-11,3,-10,3,-10,3,-9,4,-8,4,-8,4,-7,0,0,0,0,0,0,0,0,0,0,0,0,0,0,-77,14,-73,14,-72,14,-69,15,-70,21,-71,17,-68,18,-68,19,-67,19,-65,19,-60,17,-58,15,-60,21,-55,20,-54,14,-53,18,-52,21,-47,25,-45,26,-40,27,-43,31,-39,30,-36,37,-36,40,-37,38,-34,43,-36,47,-39,49,-41,49,-38,51,-42,50,-42,50,-43,54,-46,48,-44,48,-42,44,-43,42,-40,44,-44,43,-39,46,-37,39,-37,43,-40,45,-36,47,-41,43,-38,45,-41,42,-42,41,-44,40,-43,37,-49,32,-46,28,-49,26,-47,22,-42,20,-45,17,-42,12,0,0,0,0,0,0,0,0,0,0,0,0,0,0,0,0,0,0,0,0,0,0,15,-18,15,-13,17,-12,18,-13,17,-10,15,-10,14,-12,14,-12,15,-11,13,-12,17,-11,16,-14,16,-16,18,-12,15,-12,17,-15,15,-10,18,-9,16,-8,12,-5,11,-4,9,-5,6,-5,3,-6,1,-9,-4,-7,-6,-8,-9,-13,-15,-15,-19,-20,-19,-22,-22,-26,-19,-31,-22,-37,-23,-39,-21,-43,-20,-46,-21,-50,-24,-52,-23,-54,-24,-58,-27,-55,-23,-58,-23,-61,-25,-61,-25,-64,-25,-66,-24,-68,-27,-72,-24,-70,-23,-74,-28,-77,-23,-80,-21,-79,-23,-80,-20,-81,-18,-80,0,0]",1
CSI_DATA,53703,1a:00:00:00:00:00,-30,11,1,0,1,1,1,0,0,0,1,-97,0,11,2,723240482,0,44,0,384,0,"[0,0,0,0,0,0,0,0,0,0,0,0,12,6,11,6,11,5,11,6,11,6,11,5,11,5,10,5,10,5,10,4,10,4,9,4,9,3,9,2,9,2,9,1,9,1,9,0,9,-1,9,-1,10,-1,10,-1,11,-2,11,-2,11,-2,11,-2,0,0,12,-1,12,-1,12,-1,12,-1,11,-1,11,-1,11,0,10,-1,10,-1,10,-1,10,-2,10,-1,11,-1,11,-1,11,-1,11,0,11,0,10,0,10,1,10,2,10,2,9,3,9,3,8,3,8,4,6,4,0,0,0,0,0,0,0,0,0,0,0,0,0,0,-25,-77,-19,-75,-17,-69,-26,-67,-27,-69,-23,-66,-25,-63,-26,-67,-25,-61,-25,-61,-23,-60,-25,-58,-27,-57,-25,-56,-23,-51,-26,-48,-24,-48,-28,-43,-32,-40,-31,-38,-35,-38,-33,-31,-39,-33,-42,-30,-46,-33,-51,-32,-50,-34,-53,-33,-53,-34,-57,-37,-60,-35,-58,-40,-53,-41,-51,-38,-50,-40,-49,-41,-45,-38,-45,-38,-45,-36,-48,-36,-46,-30,-46,-32,-47,-36,-48,-36,-49,-35,-46,-37,-47,-38,-49,-41,-39,-39,-39,-41,-40,-43,-33,-44,-28,-45,-29,-47,-22,-45,-16,-44,-17,-42,0,0,0,0,0,0,0,0,0,0,0,0,0,0,0,0,0,0,0,0,0,0,18,13,18,12,17,15,12,14,13,14,13,15,10,12,13,13,13,11,13,13,13,9,13,12,15,18,13,15,13,16,11,14,11,18,11,13,9,17,7,10,5,12,6,9,5,3,2,2,5,1,6,-5,7,-8,13,-10,14,-15,14,-19,18,-22,23,-21,28,-25,32,-27,34,-28,41,-29,43,-26,45,-28,48,-26,53,-30,53,-30,50,-31,52,-28,56,-25,54,-30,55,-29,60,-33,64,-34,66,-33,71,-30,71,-31,70,-35,76,-31,70,-28,78,-29,81,-30,73,-26,0,0]",1
CSI_DATA,53704,1a:00:00:00:00:00,-30,11,1,0,1,1,1,0,0,0,1,-97,0,11,2,723270486,0,44,0,384,0,"[0,0,0,0,0,0,0,0,0,0,0,0,10,-9,10,-9,9,-8,10,-9,9,-8,9,-8,9,-8,9,-7,9,-7,7,-7,8,-8,7,-8,6,-8,6,-8,5,-8,5,-8,4,-8,4,-8,3,-9,3,-10,3,-10,3,-10,3,-11,2,-11,2,-12,2,-12,0,0,3,-12,3,-12,3,-12,4,-11,4,-11,4,-11,4,-10,3,-10,3,-10,3,-10,3,-11,3,-11,3,-11,3,-11,3,-11,4,-11,4,-10,4,-10,5,-10,5,-9,6,-9,6,-8,6,-8,6,-7,6,-6,6,-5,0,0,0,0,0,0,0,0,0,0,0,0,0,0,-74,-24,-71,-22,-71,-22,-67,-19,-70,-15,-71,-15,-68,-16,-71,-15,-68,-13,-70,-11,-62,-14,-63,-12,-62,-14,-57,-10,-59,-9,-55,-5,-56,-2,-54,1,-52,2,-51,3,-52,7,-48,15,-51,17,-50,19,-54,20,-53,20,-51,24,-53,27,-57,25,-59,30,-61,29,-65,24,-60,20,-63,22,-62,20,-61,19,-58,17,-60,19,-57,17,-54,18,-53,20,-51,21,-54,22,-54,25,-55,20,-54,18,-58,13,-57,18,-56,13,-57,8,-55,8,-55,4,-55,0,-51,-2,-51,-5,-46,-3,-44,-13,0,0,0,0,0,0,0,0,0,0,0,0,0,0,0,0,0,0,0,0,0,0,22,-9,21,-5,20,-5,19,-4,17,-3,17,-4,16,-5,21,-2,21,-4,18,-2,20,-5,17,-4,19,-4,18,-5,23,-3,22,0,24,-2,19,1,18,2,16,1,10,3,8,-1,7,-2,4,-1,3,-5,-2,-6,-3,-10,-6,-16,-9,-22,-9,-24,-7,-30,-8,-34,-9,-39,-3,-43,-5,-43,-3,-49,-3,-52,0,-54,0,-54,3,-58,3,-58,6,-61,9,-60,6,-63,6,-66,8,-64,5,-70,8,-72,10,-70,9,-72,6,-76,14,-81,15,-82,15,-76,18,-82,17,-84,20,-79,0,0]",1
CSI_DATA,53705,1a:00:00:00:00:00,-30,11,1,0,1,1,1,0,0,0,1,-97,0,11,2,723280497,0,44,0,384,0,"[0,0,0,0,0,0,0,0,0,0,0,0,6,11,6,11,6,11,5,11,5,11,5,10,5,10,5,10,5,9,5,9,5,9,5,8,5,8,5,7,5,7,6,6,6,5,7,5,7,4,8,4,8,5,9,4,9,5,9,4,10,5,10,5,0,0,10,5,10,6,10,6,10,6,9,6,9,6,9,6,8,5,9,5,9,5,9,4,9,5,9,5,9,5,9,5,9,5,9,6,8,6,8,6,7,6,6,7,6,7,5,8,4,7,4,7,3,7,0,0,0,0,0,0,0,0,0,0,0,0,0,0,15,-81,14,-73,14,-76,11,-72,9,-65,10,-72,7,-67,8,-73,9,-66,5,-64,2,-66,6,-62,6,-59,4,-58,4,-59,-2,-57,-4,-57,-6,-51,-6,-54,-12,-47,-17,-48,-17,-48,-21,-47,-26,-50,-26,-53,-30,-47,-29,-54,-31,-56,-33,-56,-30,-56,-32,-58,-30,-66,-26,-57,-29,-61,-27,-57,-24,-62,-23,-58,-24,-56,-23,-55,-24,-54,-22,-50,-27,-48,-26,-54,-26,-53,-23,-54,-26,-52,-24,-55,-21,-56,-21,-57,-16,-55,-13,-55,-10,-54,-9,-54,-3,-53,1,-50,3,-46,8,-43,0,0,0,0,0,0,0,0,0,0,0,0,0,0,0,0,0,0,0,0,0,0,8,20,9,20,8,19,5,20,4,18,4,17,5,17,5,17,3,19,7,18,4,21,6,15,5,19,5,20,4,21,3,19,3,19,3,20,0,17,-1,18,0,11,-1,12,-1,7,5,4,6,1,8,0,10,-3,15,-7,16,-7,22,-10,24,-11,33,-12,36,-11,43,-11,44,-10,45,-6,50,-7,53,-6,59,-4,58,-4,61,-3,59,-1,64,-1,60,-1,64,-1,67,-3,67,-3,70,2,72,1,75,3,77,6,79,1,79,8,76,6,83,11,85,10,81,14,0,0]",1
CSI_DATA,53706,1a:00:00:00:00:00,-30,11,1,0,1,1,1,0,0,0,1,-97,0,11,2,723290489,0,44,0,384,0,"[0,0,0,0,0,0,0,0,0,0,0,0,-13,2,-13,2,-13,2,-13,2,-13,2,-13,2,-12,2,-12,2,-12,2,-11,2,-11,2,-10,3,-10,3,-9,4,-9,3,-8,4,-8,4,-8,5,-7,6,-8,6,-8,6,-8,7,-8,7,-8,8,-8,8,-8,8,0,0,-9,8,-9,8,-9,8,-9,7,-9,7,-9,7,-9,6,-8,6,-8,7,-8,7,-8,7,-8,7,-8,7,-8,7,-9,7,-9,7,-9,6,-9,6,-10,5,-10,4,-10,4,-10,3,-10,3,-9,2,-9,2,-9,1,0,0,0,0,0,0,0,0,0,0,0,0,0,0,64,44,62,39,65,39,61,37,62,33,66,31,61,26,62,35,62,32,58,31,56,26,58,30,54,26,52,23,52,19,50,16,51,14,50,13,51,11,49,7,51,1,47,0,51,-8,53,-6,51,-4,54,-10,59,-8,64,-11,61,-14,63,-15,64,-14,71,-10,66,-7,65,-11,64,-9,64,-6,61,-3,56,-3,55,-4,55,-6,56,-7,53,-11,59,-8,56,-12,59,-11,56,-11,59,-5,58,-1,59,-1,53,6,57,4,50,8,53,11,48,16,44,13,46,18,41,23,0,0,0,0,0,0,0,0,0,0,0,0,0,0,0,0,0,0,0,0,0,0,-24,1,-22,-2,-22,-3,-25,-5,-20,-5,-21,0,-19,-2,-18,-5,-18,-4,-18,0,-18,-1,-21,-6,-21,-3,-20,-3,-22,-3,-23,-4,-19,-5,-19,-6,-17,-4,-16,-8,-14,-2,-9,-4,-7,2,-8,1,-5,1,-2,7,0,6,-1,15,-1,19,1,23,0,26,-2,35,-2,34,-10,42,-12,44,-13,46,-13,49,-14,52,-16,51,-18,56,-19,53,-19,55,-22,57,-21,60,-25,60,-29,58,-29,65,-27,61,-29,70,-32,66,-31,72,-31,77,-40,72,-36,72,-35,75,-46,74,-41,66,0,0]",1
CSI_DATA,53707,1a:00:00:00:00:00,-30,11,1,0,1,1,1,0,0,0,1,-97,0,11,2,723310480,0,44,0,384,0,"[0,0,0,0,0,0,0,0,0,0,0,0,13,1,13,1,13,1,13,1,12,1,12,1,12,1,11,1,11,1,11,0,11,0,10,0,10,-1,9,-1,9,-1,9,-2,8,-3,8,-3,8,-4,9,-5,9,-5,9,-6,9,-6,9,-6,10,-7,10,-7,0,0,11,-6,10,-6,11,-6,10,-6,10,-5,10,-5,10,-5,9,-5,9,-6,9,-6,9,-6,9,-6,9,-6,9,-6,9,-6,10,-5,10,-5,10,-5,10,-4,10,-3,10,-3,10,-2,10,-1,9,-1,9,0,8,0,0,0,0,0,0,0,0,0,0,0,0,0,0,0,-47,-61,-47,-60,-50,-52,-52,-54,-51,-53,-51,-52,-51,-51,-49,-50,-51,-48,-46,-49,-46,-46,-48,-48,-44,-40,-47,-38,-45,-38,-45,-34,-46,-33,-44,-28,-46,-23,-45,-22,-48,-17,-48,-15,-50,-12,-52,-9,-53,-10,-56,-9,-62,-9,-62,-5,-61,-9,-63,-6,-66,-8,-65,-11,-68,-13,-65,-11,-65,-15,-61,-14,-59,-13,-58,-14,-59,-13,-57,-12,-56,-11,-58,-8,-59,-12,-57,-10,-55,-10,-61,-12,-58,-12,-59,-16,-53,-19,-56,-20,-52,-24,-53,-26,-47,-29,-50,-29,-41,-31,-38,-29,-32,-32,0,0,0,0,0,0,0,0,0,0,0,0,0,0,0,0,0,0,0,0,0,0,19,6,23,9,20,10,17,7,13,11,16,9,18,6,19,8,17,9,16,7,20,7,19,10,17,8,16,9,19,13,18,9,15,11,16,12,12,9,12,11,11,10,9,6,7,1,7,-4,6,-2,4,-7,6,-9,5,-13,7,-19,6,-25,9,-27,12,-30,18,-32,20,-38,24,-39,25,-40,28,-43,34,-44,37,-45,35,-48,37,-47,38,-51,39,-47,43,-53,41,-47,44,-55,45,-52,47,-55,50,-52,55,-57,54,-57,54,-57,54,-53,60,-59,60,-57,63,-53,61,-52,0,0]",1
CSI_DATA,53708,1a:00:00:00:00:00,-30,11,1,0,1,1,1,0,0,0,1,-97,0,11,2,723320511,0,44,0,384,0,"[0,0,0,0,0,0,0,0,0,0,0,0,-9,10,-9,10,-9,10,-9,10,-9,9,-8,9,-8,9,-8,8,-8,8,-7,8,-7,8,-6,8,-6,8,-5,8,-5,8,-4,8,-4,8,-3,8,-2,8,-2,9,-2,9,-2,10,-2,10,-1,11,-2,11,-2,11,0,0,-3,12,-3,12,-3,11,-3,11,-3,10,-3,10,-3,10,-3,10,-3,10,-2,10,-2,10,-2,10,-2,10,-3,10,-3,10,-3,10,-4,10,-4,9,-4,9,-5,9,-6,9,-6,8,-6,7,-6,7,-7,6,-7,5,0,0,0,0,0,0,0,0,0,0,0,0,0,0,75,5,74,5,74,1,71,1,73,-5,70,-4,66,-3,68,-1,70,-5,66,-2,66,-8,61,-4,61,-7,59,-10,58,-10,54,-9,55,-14,52,-14,48,-15,44,-18,44,-22,43,-25,42,-27,42,-29,43,-32,44,-35,47,-35,48,-38,48,-39,50,-42,54,-40,57,-39,52,-35,54,-39,55,-36,53,-33,50,-34,49,-33,49,-31,49,-35,46,-31,47,-31,45,-35,48,-32,48,-32,48,-33,51,-27,50,-29,48,-26,50,-24,51,-22,53,-17,53,-12,52,-9,48,-8,46,0,44,2,0,0,0,0,0,0,0,0,0,0,0,0,0,0,0,0,0,0,0,0,0,0,-20,15,-21,13,-17,15,-18,10,-20,11,-17,10,-18,9,-18,7,-18,6,-18,10,-20,7,-19,9,-20,12,-20,11,-22,7,-18,6,-21,9,-18,5,-17,5,-16,4,-13,5,-11,2,-11,2,-4,3,-2,8,0,4,4,8,8,9,13,16,14,18,14,22,13,29,13,31,18,40,18,41,11,46,12,47,16,50,11,56,13,58,13,57,11,61,9,60,10,67,11,62,12,62,11,66,10,68,12,73,10,73,7,75,7,79,5,82,3,76,5,79,0,83,4,82,0,0]",1
CSI_DATA,53709,1a:00:00:00:00:00,-30,11,1,0,1,1,1,0,0,0,1,-97,0,11,2,723330479,0,44,0,384,0,"[0,0,0,0,0,0,0,0,0,0,0,0,-11,-9,-11,-9,-11,-9,-11,-9,-11,-9,-10,-9,-10,-8,-10,-8,-10,-8,-9,-7,-9,-7,-9,-6,-9,-6,-9,-5,-9,-5,-9,-4,-9,-3,-9,-3,-10,-2,-10,-2,-10,-2,-11,-1,-12,-1,-12,-1,-12,-1,-13,-1,0,0,-13,-2,-13,-2,-13,-2,-13,-2,-12,-2,-12,-2,-12,-2,-11,-2,-11,-2,-11,-2,-11,-1,-11,-2,-12,-2,-12,-2,-12,-2,-12,-2,-11,-3,-11,-3,-11,-3,-11,-4,-10,-5,-10,-5,-9,-5,-8,-6,-8,-6,-7,-6,0,0,0,0,0,0,0,0,0,0,0,0,0,0,-4,77,-3,73,-2,75,-4,73,0,70,2,68,1,68,-3,68,3,68,0,66,-3,62,2,58,1,61,6,59,6,56,10,57,10,54,13,52,10,50,17,45,23,45,25,42,29,42,25,44,27,45,32,42,36,48,37,48,36,51,42,47,41,52,36,56,36,54,34,53,33,55,28,58,30,51,25,54,27,52,28,49,29,49,34,47,32,51,34,50,28,49,33,47,27,52,30,55,23,50,18,50,15,55,14,50,9,49,6,52,5,47,1,50,-5,44,0,0,0,0,0,0,0,0,0,0,0,0,0,0,0,0,0,0,0,0,0,0,-15,-19,-14,-19,-10,-19,-9,-18,-12,-17,-10,-15,-8,-15,-11,-16,-10,-18,-8,-16,-10,-20,-12,-18,-12,-18,-13,-18,-9,-21,-10,-17,-12,-21,-9,-23,-2,-17,-4,-17,-5,-12,-1,-10,-4,-8,-4,-7,-4,-4,-9,5,-11,1,-16,8,-18,13,-19,10,-26,15,-29,14,-31,16,-37,15,-40,16,-47,15,-51,13,-51,15,-56,11,-56,15,-58,14,-60,12,-62,8,-65,9,-61,12,-68,12,-70,10,-72,11,-78,9,-72,7,-78,7,-82,7,-82,4,-79,3,-85,6,-82,0,-80,-3,0,0]",1
CSI_DATA,53710,1a:00:00:00:00:00,-30,11,1,0,1,1,1,0,0,0,1,-97,0,11,2,723350498,0,44,0,384,0,"[0,0,0,0,0,0,0,0,0,0,0,0,3,12,4,12,3,12,4,12,3,12,3,11,3,11,3,11,3,10,3,10,3,10,3,9,3,8,4,8,4,8,5,7,5,6,5,6,6,6,7,6,7,6,7,6,8,6,9,6,9,7,9,7,0,0,9,7,9,7,8,7,8,7,8,7,8,7,7,7,7,7,7,7,7,6,8,6,8,7,8,6,7,7,7,7,7,7,7,7,7,7,6,8,5,8,5,8,4,8,4,8,3,8,2,8,1,7,0,0,0,0,0,0,0,0,0,0,0,0,0,0,45,-71,43,-64,34,-66,34,-63,34,-66,32,-62,30,-61,34,-63,31,-60,29,-61,30,-58,27,-54,26,-57,19,-56,19,-53,19,-52,13,-52,10,-49,7,-52,7,-48,3,-51,0,-54,-5,-51,-4,-54,-4,-55,-10,-58,-11,-58,-10,-61,-13,-64,-13,-66,-12,-67,-7,-70,-5,-65,-6,-64,-7,-66,-2,-65,-2,-58,-4,-59,-2,-58,-7,-59,-6,-59,-6,-60,-6,-58,-8,-57,-8,-61,-6,-58,-1,-60,-4,-61,2,-58,3,-57,9,-56,11,-53,13,-52,17,-48,18,-45,20,-41,20,-40,0,0,0,0,0,0,0,0,0,0,0,0,0,0,0,0,0,0,0,0,0,0,10,23,3,22,-1,24,-4,22,1,21,-1,19,-2,18,-2,19,-3,16,1,20,-3,19,1,20,-2,18,-1,23,-1,22,-6,22,-6,23,-3,20,-1,15,-4,13,-5,11,-2,14,-1,4,3,8,3,5,5,2,12,0,14,-2,18,-3,24,-2,27,-2,33,-1,38,3,40,5,44,3,48,6,47,10,50,13,54,15,54,13,57,18,58,17,57,21,59,23,61,17,61,18,64,22,66,25,68,28,70,30,73,28,73,26,76,32,68,35,76,37,74,40,71,39,0,0]",1
CSI_DATA,53711,1a:00:00:00:00:00,-30,11,1,0,1,1,1,0,0,0,1,-97,0,11,2,723360502,0,44,0,384,0,"[0,0,0,0,0,0,0,0,0,0,0,0,-14,-1,-14,0,-14,0,-14,0,-13,0,-13,0,-13,0,-13,0,-12,0,-11,0,-12,0,-11,0,-10,0,-10,1,-10,2,-9,3,-9,3,-9,3,-9,4,-9,5,-9,5,-9,6,-10,6,-10,6,-10,6,-11,7,0,0,-11,6,-11,6,-11,6,-11,6,-11,5,-11,5,-10,5,-10,5,-10,5,-10,5,-10,5,-10,5,-10,5,-10,5,-10,5,-11,5,-10,4,-10,4,-10,4,-11,3,-11,2,-11,2,-10,1,-10,0,-10,-1,-9,-1,0,0,0,0,0,0,0,0,0,0,0,0,0,0,54,58,45,54,51,55,48,49,50,48,51,51,46,47,54,52,46,44,51,47,44,44,45,45,46,41,43,36,43,35,43,32,47,30,45,24,44,28,46,20,46,19,47,16,53,13,49,11,55,13,54,12,59,8,60,7,64,6,63,5,65,9,68,15,65,16,64,14,60,16,62,21,55,20,58,16,54,17,54,14,53,11,58,10,56,14,57,11,57,15,57,13,57,20,56,19,56,18,52,23,51,26,46,28,48,30,41,32,38,31,34,29,31,35,0,0,0,0,0,0,0,0,0,0,0,0,0,0,0,0,0,0,0,0,0,0,-22,-2,-24,-5,-21,-5,-24,-6,-18,-5,-20,-5,-18,-5,-19,-7,-19,-6,-19,-7,-20,-6,-20,-6,-20,-5,-20,-4,-19,-9,-20,-7,-19,-10,-15,-10,-15,-8,-13,-8,-9,-8,-10,-5,-7,-4,-7,-4,-4,2,-4,5,-2,8,-5,13,-5,17,-5,23,-7,27,-8,34,-13,36,-19,39,-18,39,-23,43,-23,43,-26,48,-28,47,-29,48,-35,48,-35,48,-38,53,-39,48,-40,54,-42,56,-41,54,-45,55,-44,56,-46,56,-50,61,-48,62,-55,61,-50,60,-57,62,-63,61,-57,56,0,0]",1
CSI_DATA,53712,1a:00:00:00:00:00,-30,11,1,0,1,1,1,0,0,0,1,-97,0,11,2,723380489,0,44,0,384,0,"[0,0,0,0,0,0,0,0,0,0,0,0,12,4,12,4,12,3,12,3,11,3,11,3,11,3,11,3,10,3,10,2,10,2,10,1,9,1,9,1,9,0,9,-1,8,-1,8,-2,9,-3,9,-3,9,-3,9,-4,9,-4,10,-4,10,-4,11,-5,0,0,11,-4,11,-4,11,-4,11,-3,11,-3,10,-3,10,-3,10,-3,10,-3,9,-3,10,-4,10,-4,10,-4,10,-4,10,-3,10,-3,10,-3,10,-3,10,-2,10,-1,10,-1,9,0,9,0,8,1,8,2,7,2,0,0,0,0,0,0,0,0,0,0,0,0,0,0,-29,-74,-26,-72,-26,-67,-29,-65,-31,-67,-30,-62,-30,-63,-30,-66,-33,-61,-28,-58,-28,-54,-30,-54,-31,-57,-28,-51,-28,-51,-30,-48,-35,-48,-31,-42,-32,-37,-33,-34,-40,-35,-40,-29,-40,-28,-47,-28,-48,-28,-50,-28,-55,-28,-55,-32,-53,-32,-60,-30,-60,-30,-63,-33,-59,-33,-58,-33,-56,-34,-54,-34,-52,-32,-50,-32,-50,-30,-49,-31,-50,-30,-51,-28,-49,-30,-54,-29,-49,-29,-53,-30,-49,-34,-51,-33,-43,-34,-45,-35,-43,-40,-37,-38,-34,-40,-31,-44,-27,-39,-25,-41,-19,-41,0,0,0,0,0,0,0,0,0,0,0,0,0,0,0,0,0,0,0,0,0,0,20,10,19,10,15,13,13,14,15,17,12,13,12,13,15,15,17,9,11,13,14,13,12,13,13,13,13,14,15,16,11,16,15,15,12,14,10,14,9,12,4,11,10,6,5,3,8,3,5,0,9,-3,9,-15,7,-10,10,-18,16,-19,16,-22,20,-24,25,-29,29,-28,35,-29,37,-29,38,-31,43,-29,44,-30,49,-31,46,-32,54,-35,55,-32,55,-36,59,-33,55,-34,58,-37,62,-37,64,-37,65,-37,71,-36,73,-37,75,-36,72,-32,73,-34,75,-28,76,-34,0,0]",1
CSI_DATA,53713,1a:00:00:00:00:00,-30,11,1,0,1,1,1,0,0,0,1,-97,0,11,2,723390504,0,44,0,384,0,"[0,0,0,0,0,0,0,0,0,0,0,0,-8,10,-8,10,-8,10,-8,10,-8,10,-7,10,-7,9,-7,9,-7,9,-6,9,-6,9,-5,8,-5,8,-4,8,-4,8,-3,8,-2,8,-2,9,-1,9,-1,9,-1,9,0,10,0,10,0,11,0,11,0,11,0,0,-1,12,-1,12,-1,11,-1,11,-1,11,-1,11,-1,10,-1,10,-1,10,-1,10,0,10,0,10,-1,10,-1,10,-1,11,-1,10,-2,10,-2,10,-3,10,-3,10,-4,9,-4,9,-5,8,-5,8,-5,7,-5,6,0,0,0,0,0,0,0,0,0,0,0,0,0,0,80,-23,74,-19,69,-20,68,-23,65,-23,66,-21,64,-21,69,-25,59,-26,64,-22,58,-21,59,-27,57,-25,51,-24,54,-25,51,-27,47,-29,43,-30,42,-30,37,-32,39,-36,34,-35,33,-38,31,-40,32,-44,33,-49,31,-48,33,-55,35,-53,35,-55,37,-54,40,-58,40,-51,43,-51,39,-47,43,-48,37,-47,36,-47,37,-49,39,-45,31,-45,33,-48,34,-48,34,-50,38,-51,36,-47,39,-46,38,-45,39,-42,40,-39,41,-38,48,-31,45,-32,48,-25,45,-24,40,-20,41,-17,0,0,0,0,0,0,0,0,0,0,0,0,0,0,0,0,0,0,0,0,0,0,-13,15,-18,17,-14,13,-14,15,-13,12,-16,12,-13,12,-16,11,-14,12,-13,15,-16,13,-13,16,-18,16,-17,14,-17,13,-19,10,-17,13,-17,8,-17,7,-15,6,-10,6,-7,4,-8,3,-3,4,2,4,2,6,8,8,12,9,11,13,15,16,19,18,25,25,27,27,25,31,29,32,27,39,24,38,27,44,27,49,29,50,30,51,26,54,28,55,30,55,29,59,31,58,29,64,29,64,30,67,28,68,27,70,34,75,25,77,24,73,24,75,25,80,23,77,0,0]",1
CSI_DATA,53714,1a:00:00:00:00:00,-30,11,1,0,1,1,1,0,0,0,1,-97,0,11,2,723400486,0,44,0,384,0,"[0,0,0,0,0,0,0,0,0,0,0,0,-10,-11,-10,-11,-9,-10,-9,-10,-9,-10,-9,-10,-9,-10,-8,-9,-8,-9,-9,-8,-8,-8,-8,-7,-8,-7,-8,-6,-8,-6,-9,-5,-9,-4,-9,-4,-9,-4,-10,-3,-10,-3,-11,-3,-11,-3,-12,-2,-12,-3,-12,-3,0,0,-13,-4,-13,-4,-12,-4,-12,-4,-11,-4,-11,-4,-11,-4,-11,-4,-11,-4,-11,-3,-11,-3,-11,-3,-11,-3,-11,-3,-11,-4,-11,-4,-11,-5,-11,-4,-10,-5,-10,-6,-10,-7,-9,-7,-8,-7,-8,-7,-7,-7,-6,-7,0,0,0,0,0,0,0,0,0,0,0,0,0,0,-10,76,-9,75,-3,71,-3,70,-4,70,-5,67,-1,71,-3,71,-1,68,2,68,-1,62,-1,61,1,62,1,57,3,58,4,53,8,53,11,51,11,49,13,46,19,47,19,44,22,43,29,44,26,45,30,49,34,48,34,51,36,51,38,50,34,52,38,61,35,57,36,54,29,55,32,59,27,51,27,53,28,53,30,49,26,45,33,49,31,52,29,50,32,50,31,47,26,53,29,51,24,51,19,52,16,54,13,51,11,49,7,51,1,52,1,45,-6,45,0,0,0,0,0,0,0,0,0,0,0,0,0,0,0,0,0,0,0,0,0,0,-13,-17,-12,-22,-8,-22,-13,-21,-8,-18,-7,-19,-9,-21,-9,-14,-10,-19,-8,-19,-9,-20,-9,-20,-7,-20,-9,-22,-6,-23,-8,-21,-8,-22,-3,-22,-3,-20,-1,-12,1,-14,0,-12,-2,-5,-4,-4,-6,-5,-8,-2,-9,6,-12,5,-16,9,-21,9,-22,12,-32,12,-34,15,-41,12,-43,14,-46,13,-52,8,-54,11,-56,7,-56,10,-61,7,-61,7,-63,2,-63,4,-64,6,-65,3,-72,4,-74,8,-77,3,-74,-2,-75,5,-80,6,-80,1,-79,0,-86,-1,-81,-2,-80,-2,0,0]",1
CSI_DATA,53715,1a:00:00:00:00:00,-30,11,1,0,1,1,1,0,0,0,1,-97,0,11,2,723410483,0,44,0,384,0,"[0,0,0,0,0,0,0,0,0,0,0,0,12,-7,11,-7,11,-7,11,-7,11,-7,11,-7,10,-6,10,-6,10,-6,9,-7,9,-7,8,-7,8,-7,7,-7,7,-7,6,-8,5,-8,5,-8,4,-9,4,-9,4,-9,4,-10,4,-10,4,-11,4,-12,5,-11,0,0,5,-12,5,-11,5,-11,6,-11,6,-10,6,-10,6,-10,5,-10,5,-10,5,-10,4,-10,5,-10,5,-10,5,-10,5,-10,6,-10,6,-10,6,-9,6,-9,7,-8,7,-8,8,-7,8,-7,7,-6,7,-5,7,-4,0,0,0,0,0,0,0,0,0,0,0,0,0,0,-70,-37,-71,-35,-67,-28,-66,-31,-64,-28,-66,-28,-64,-26,-68,-28,-63,-20,-61,-22,-60,-22,-60,-23,-60,-23,-57,-18,-55,-20,-55,-15,-55,-12,-52,-6,-48,-7,-49,-4,-52,2,-51,5,-51,6,-53,8,-53,10,-58,14,-58,18,-57,17,-62,15,-65,17,-63,16,-67,14,-65,9,-65,12,-65,12,-65,6,-60,9,-59,5,-58,7,-57,10,-57,11,-58,11,-60,13,-60,14,-59,11,-59,9,-60,4,-62,7,-56,3,-55,3,-58,-2,-55,-7,-53,-7,-51,-13,-47,-17,-46,-14,-41,-19,0,0,0,0,0,0,0,0,0,0,0,0,0,0,0,0,0,0,0,0,0,0,21,-7,20,-6,22,-2,22,-1,20,-1,18,-3,18,-3,22,-1,20,-3,18,-5,19,-1,23,1,21,-4,23,-4,21,-2,21,-1,22,2,20,0,17,4,16,3,12,0,13,0,7,1,5,-1,2,-5,1,-7,-1,-11,-4,-15,-5,-22,-5,-23,-6,-28,-2,-33,-2,-37,1,-40,4,-45,4,-48,5,-52,8,-53,10,-55,7,-57,12,-57,12,-63,13,-62,14,-67,14,-62,16,-64,16,-65,20,-68,22,-72,18,-71,21,-76,20,-78,27,-78,29,-76,28,-79,29,-77,30,-75,0,0]",1
CSI_DATA,53716,1a:00:00:00:00:00,-30,11,1,0,1,1,1,0,0,0,1,-97,0,11,2,723420501,0,44,0,384,0,"[0,0,0,0,0,0,0,0,0,0,0,0,3,13,3,13,3,13,2,13,2,13,2,12,2,12,2,12,2,11,3,11,3,10,3,10,3,9,3,9,4,8,4,8,5,7,5,7,6,7,6,7,7,7,8,7,8,7,8,7,9,8,9,8,0,0,9,9,8,9,8,9,8,9,7,9,7,9,7,8,7,8,7,8,7,8,7,7,7,8,7,8,7,8,7,8,7,8,7,9,6,9,6,9,5,9,4,9,3,9,3,9,2,9,1,9,1,8,0,0,0,0,0,0,0,0,0,0,0,0,0,0,39,-70,41,-65,36,-66,31,-66,37,-64,29,-64,29,-64,29,-61,29,-63,31,-62,26,-57,20,-55,21,-56,23,-53,26,-55,19,-53,18,-51,15,-47,10,-49,6,-47,2,-53,-3,-50,-2,-55,-6,-54,-3,-55,-8,-56,-8,-61,-13,-60,-12,-61,-12,-65,-8,-64,-7,-66,-5,-65,-7,-68,-3,-63,0,-64,-3,-60,-2,-59,-1,-59,-1,-59,-6,-56,-6,-60,-7,-57,-7,-58,-4,-59,-3,-59,1,-59,2,-63,3,-54,6,-55,11,-54,12,-55,16,-52,16,-50,21,-49,21,-41,24,-39,0,0,0,0,0,0,0,0,0,0,0,0,0,0,0,0,0,0,0,0,0,0,4,25,3,19,2,23,0,22,-5,19,-2,19,2,22,-2,19,1,18,-1,20,0,22,2,20,-1,21,1,21,-2,23,-2,22,-3,20,-5,18,-3,16,-6,18,-3,12,-3,10,2,7,3,3,4,3,7,0,10,-3,14,-2,18,-4,23,-4,25,-5,33,1,38,0,40,4,46,4,46,6,47,9,54,12,51,12,53,11,54,17,55,18,59,20,60,19,60,20,63,21,63,21,68,23,69,25,68,26,74,28,70,26,75,31,72,34,75,34,76,41,68,38,0,0]",1
CSI_DATA,53717,1a:00:00:00:00:00,-30,11,1,0,1,1,1,0,0,0,1,-97,0,11,2,723430491,0,44,0,384,0,"[0,0,0,0,0,0,0,0,0,0,0,0,-14,1,-14,1,-14,1,-14,1,-14,1,-13,1,-13,1,-12,1,-12,1,-12,1,-11,1,-11,2,-10,2,-10,2,-9,3,-9,4,-9,4,-9,4,-8,5,-9,6,-8,6,-9,6,-9,7,-9,7,-9,8,-10,8,0,0,-10,7,-10,7,-10,7,-10,7,-10,6,-10,6,-10,6,-9,6,-9,6,-9,6,-9,7,-9,6,-9,6,-9,6,-10,6,-10,6,-10,5,-10,5,-10,4,-10,4,-11,3,-11,2,-10,2,-10,1,-10,0,-9,0,0,0,0,0,0,0,0,0,0,0,0,0,0,0,57,49,52,49,55,45,59,42,58,45,57,44,56,41,55,42,56,41,53,41,52,38,47,33,52,35,44,33,48,32,48,27,49,28,47,19,46,23,46,13,49,12,47,14,48,7,53,5,51,5,54,2,59,5,63,2,61,3,67,1,64,4,68,5,65,7,63,8,62,11,63,12,59,11,58,6,58,11,53,7,53,7,57,6,55,8,61,4,58,8,59,9,60,10,59,14,56,14,53,16,52,18,53,20,45,25,41,29,42,31,37,29,33,32,0,0,0,0,0,0,0,0,0,0,0,0,0,0,0,0,0,0,0,0,0,0,-24,0,-23,-2,-21,-4,-24,-6,-20,-2,-21,-3,-20,-2,-21,-3,-20,-3,-20,-1,-20,-4,-20,-3,-22,-4,-22,-7,-20,-5,-21,-6,-19,-6,-20,-6,-14,-8,-12,-5,-12,-7,-11,-7,-7,-1,-7,0,-5,0,-5,6,-3,10,-1,13,-1,21,-1,23,-4,24,-7,34,-9,36,-7,38,-10,41,-15,46,-21,45,-23,48,-25,50,-26,54,-25,52,-28,55,-31,51,-33,59,-32,60,-29,56,-34,59,-36,63,-37,60,-42,63,-46,65,-44,64,-50,65,-47,62,-52,67,-53,67,-51,61,0,0]",1
